timestamps,lefthand_0_x,lefthand_0_y,lefthand_0_z,lefthand_1_x,lefthand_1_y,lefthand_1_z,lefthand_2_x,lefthand_2_y,lefthand_2_z,lefthand_3_x,lefthand_3_y,lefthand_3_z,lefthand_4_x,lefthand_4_y,lefthand_4_z,lefthand_5_x,lefthand_5_y,lefthand_5_z,lefthand_6_x,lefthand_6_y,lefthand_6_z,lefthand_7_x,lefthand_7_y,lefthand_7_z,lefthand_8_x,lefthand_8_y,lefthand_8_z,lefthand_9_x,lefthand_9_y,lefthand_9_z,lefthand_10_x,lefthand_10_y,lefthand_10_z,lefthand_11_x,lefthand_11_y,lefthand_11_z,lefthand_12_x,lefthand_12_y,lefthand_12_z,lefthand_13_x,lefthand_13_y,lefthand_13_z,lefthand_14_x,lefthand_14_y,lefthand_14_z,lefthand_15_x,lefthand_15_y,lefthand_15_z,lefthand_16_x,lefthand_16_y,lefthand_16_z,lefthand_17_x,lefthand_17_y,lefthand_17_z,lefthand_18_x,lefthand_18_y,lefthand_18_z,lefthand_19_x,lefthand_19_y,lefthand_19_z,lefthand_20_x,lefthand_20_y,lefthand_20_z,righthand_0_x,righthand_0_y,righthand_0_z,righthand_1_x,righthand_1_y,righthand_1_z,righthand_2_x,righthand_2_y,righthand_2_z,righthand_3_x,righthand_3_y,righthand_3_z,righthand_4_x,righthand_4_y,righthand_4_z,righthand_5_x,righthand_5_y,righthand_5_z,righthand_6_x,righthand_6_y,righthand_6_z,righthand_7_x,righthand_7_y,righthand_7_z,righthand_8_x,righthand_8_y,righthand_8_z,righthand_9_x,righthand_9_y,righthand_9_z,righthand_10_x,righthand_10_y,righthand_10_z,righthand_11_x,righthand_11_y,righthand_11_z,righthand_12_x,righthand_12_y,righthand_12_z,righthand_13_x,righthand_13_y,righthand_13_z,righthand_14_x,righthand_14_y,righthand_14_z,righthand_15_x,righthand_15_y,righthand_15_z,righthand_16_x,righthand_16_y,righthand_16_z,righthand_17_x,righthand_17_y,righthand_17_z,righthand_18_x,righthand_18_y,righthand_18_z,righthand_19_x,righthand_19_y,righthand_19_z,righthand_20_x,righthand_20_y,righthand_20_z,pose_0_x,pose_0_y,pose_0_z,pose_1_x,pose_1_y,pose_1_z,pose_2_x,pose_2_y,pose_2_z,pose_3_x,pose_3_y,pose_3_z,pose_4_x,pose_4_y,pose_4_z,pose_5_x,pose_5_y,pose_5_z,pose_6_x,pose_6_y,pose_6_z,pose_7_x,pose_7_y,pose_7_z,pose_8_x,pose_8_y,pose_8_z,pose_9_x,pose_9_y,pose_9_z,pose_10_x,pose_10_y,pose_10_z,pose_11_x,pose_11_y,pose_11_z,pose_12_x,pose_12_y,pose_12_z,pose_13_x,pose_13_y,pose_13_z,pose_14_x,pose_14_y,pose_14_z,pose_15_x,pose_15_y,pose_15_z,pose_16_x,pose_16_y,pose_16_z,pose_17_x,pose_17_y,pose_17_z,pose_18_x,pose_18_y,pose_18_z,pose_19_x,pose_19_y,pose_19_z,pose_20_x,pose_20_y,pose_20_z,pose_21_x,pose_21_y,pose_21_z,pose_22_x,pose_22_y,pose_22_z,pose_23_x,pose_23_y,pose_23_z,pose_24_x,pose_24_y,pose_24_z
0.0,,,,,,,,,,,,,,,,,,,,,,,,,,,,,,,,,,,,,,,,,,,,,,,,,,,,,,,,,,,,,,,,,,,,,,,,,,,,,,,,,,,,,,,,,,,,,,,,,,,,,,,,,,,,,,,,,,,,,,,,,,,,,,,0.4887266755104065,0.21051008999347687,-0.0002415967028355226,0.5068723559379578,0.17406199872493744,-0.0005888451705686748,0.5182083249092102,0.17570316791534424,0.007843367755413055,0.5294371247291565,0.17745429277420044,0.0005183143657632172,0.47502899169921875,0.17056162655353546,0.00572425639256835,0.463900625705719,0.16990676522254944,0.00047026778338477015,0.45295315980911255,0.16934217512607574,-0.003283771686255932,0.5446375608444214,0.209371879696846,-0.00498476717621088,0.4385277032852173,0.19878192245960236,-0.0049550486728549,0.5104108452796936,0.270036906003952,0.002348668873310089,0.4667215943336487,0.2658178508281708,-0.0048286523669958115,0.6256318092346191,0.49490174651145935,-0.015429556369781494,0.3607664704322815,0.49198591709136963,0.015721537172794342,0.7018910050392151,0.8358498811721802,0.04932701960206032,0.28487828373908997,0.8254614472389221,0.053884007036685944,0.6719468832015991,1.0911624431610107,-0.11360212415456772,0.26082244515419006,1.064864158630371,-0.1305895447731018,0.6665210127830505,1.1849607229232788,0.0006998787866905332,0.2326580435037613,1.1560142040252686,-0.0009305960265919566,0.6423930525779724,1.180706262588501,0.005296886898577213,0.26414692401885986,1.160743236541748,-0.0013693791115656495,0.5810177326202393,1.147391438484192,-0.0023379093036055565,0.2808702290058136,1.1297487020492554,-0.003573803696781397,0.579258918762207,1.054361343383789,0.17199495434761047,0.4060957729816437,1.0501208305358887,0.21523284912109375
16.666666666666668,,,,,,,,,,,,,,,,,,,,,,,,,,,,,,,,,,,,,,,,,,,,,,,,,,,,,,,,,,,,,,,,,,,,,,,,,,,,,,,,,,,,,,,,,,,,,,,,,,,,,,,,,,,,,,,,,,,,,,,,,,,,,,,0.49056971073150635,0.19511070847511292,-0.00021154701244086027,0.5087902545928955,0.16219845414161682,-0.0006065284833312035,0.5198147296905518,0.16455909609794617,0.008077832870185375,0.5307323336601257,0.16704723238945007,0.0005856221541762352,0.4764537811279297,0.15799129009246826,0.005262928549200296,0.46532249450683594,0.15739168226718903,0.001401784596964717,0.4543898105621338,0.15688186883926392,-0.0032921829260885715,0.5438137054443359,0.20233845710754395,-0.005032018758356571,0.43715810775756836,0.18893098831176758,-0.005097768269479275,0.510254442691803,0.25902050733566284,0.0025713625364005566,0.46715304255485535,0.2539352476596832,-0.0045698340982198715,0.6250672340393066,0.4880126118659973,-0.011146762408316135,0.3532041609287262,0.4963516294956207,0.011438606306910515,0.7140862345695496,0.8349259495735168,0.04999596253037453,0.27764156460762024,0.8435282111167908,0.04414810985326767,0.6940499544143677,1.0846195220947266,-0.12842662632465363,0.2569228708744049,1.0872530937194824,-0.12995491921901703,0.7246458530426025,1.1791281700134277,0.0007703836890868843,0.23186621069908142,1.183601975440979,-0.0007581606041640043,0.6943482160568237,1.1768527030944824,0.005322571843862534,0.26408523321151733,1.1865310668945312,-0.0013764500617980957,0.6468221545219421,1.14454185962677,-0.002554114907979965,0.2799376845359802,1.1529520750045776,-0.003593238303437829,0.5847281217575073,1.0621203184127808,0.15098357200622559,0.4005023241043091,1.0639369487762451,0.17808571457862854
33.333333333333336,,,,,,,,,,,,,,,,,,,,,,,,,,,,,,,,,,,,,,,,,,,,,,,,,,,,,,,,,,,,,,,,,,,,,,,,,,,,,,,,,,,,,,,,,,,,,,,,,,,,,,,,,,,,,,,,,,,,,,,,,,,,,,,0.49091631174087524,0.1925017088651657,-0.00020067038713023067,0.5087065100669861,0.15901164710521698,-0.0005886502913199365,0.5195813775062561,0.16137613356113434,0.0082603944465518,0.5303332209587097,0.16386978328227997,0.0006236766930669546,0.4770979881286621,0.15467263758182526,0.004982254933565855,0.4662269949913025,0.15392374992370605,0.0018450884381309152,0.455564022064209,0.15326842665672302,-0.0033016481902450323,0.5434888601303101,0.1981954574584961,-0.005056057125329971,0.43888166546821594,0.1844029575586319,-0.005223394371569157,0.5103693008422852,0.2554870843887329,0.002739021787419915,0.46811699867248535,0.250309556722641,-0.004492153879255056,0.6236165165901184,0.48518145084381104,-0.008291587233543396,0.3547503352165222,0.4906603693962097,0.008543555624783039,0.7138270735740662,0.8343276381492615,0.05328963324427605,0.27288132905960083,0.8349837064743042,0.04276882857084274,0.7149187326431274,1.082968831062317,-0.13519780337810516,0.24779561161994934,1.0762206315994263,-0.13742764294147491,0.7357352375984192,1.1797560453414917,0.0008225666242651641,0.22100526094436646,1.173871397972107,-0.0005363126983866096,0.7039394378662109,1.1746549606323242,0.005361843854188919,0.25513756275177,1.1747394800186157,-0.0013988185673952103,0.6537611484527588,1.1428197622299194,-0.002744851866737008,0.27176883816719055,1.1432087421417236,-0.0036224685609340668,0.5812702178955078,1.0636028051376343,0.13841012120246887,0.39902886748313904,1.063700795173645,0.1500815451145172
50.0,,,,,,,,,,,,,,,,,,,,,,,,,,,,,,,,,,,,,,,,,,,,,,,,,,,,,,,,,,,,,,,,,,,,,,,,,,,,,,,,,,,,,,,,,,,,,,,,,,,,,,,,,,,,,,,,,,,,,,,,,,,,,,,0.4900517463684082,0.19077618420124054,-0.00019664868887048215,0.507277250289917,0.15796852111816406,-0.0005934900254942477,0.5180637836456299,0.16004012525081635,0.008466760627925396,0.5287152528762817,0.16225405037403107,0.0006172431749291718,0.4755904972553253,0.154620960354805,0.004533246159553528,0.4646609127521515,0.1543256789445877,0.002200830029323697,0.4539330303668976,0.1541128158569336,-0.0033231668639928102,0.5411360263824463,0.1969374418258667,-0.005127563141286373,0.43689611554145813,0.18665964901447296,-0.005349318962544203,0.5094658732414246,0.2540925443172455,0.002926337532699108,0.46732190251350403,0.25016921758651733,-0.004355825483798981,0.6203821897506714,0.4848654270172119,-0.0047735837288200855,0.35484036803245544,0.5014321804046631,0.00508661987259984,0.7094719409942627,0.8356518745422363,0.05600358173251152,0.2757197618484497,0.8522857427597046,0.026202652603387833,0.7269840240478516,1.0877115726470947,-0.12987838685512543,0.24467593431472778,1.1129677295684814,-0.12862850725650787,0.7464373707771301,1.183554768562317,0.0008498781244270504,0.2177315056324005,1.212965488433838,-0.00043695891508832574,0.7133290767669678,1.1806401014328003,0.005460670217871666,0.24879124760627747,1.2175302505493164,-0.0014298305613920093,0.6904450058937073,1.1485273838043213,-0.00284828944131732,0.2656552493572235,1.1827229261398315,-0.0036490275524556637,0.5834603905677795,1.069518804550171,0.09789682924747467,0.4040451645851135,1.0783473253250122,0.10977385938167572
66.66666666666667,,,,,,,,,,,,,,,,,,,,,,,,,,,,,,,,,,,,,,,,,,,,,,,,,,,,,,,,,,,,,,,,,,,,,,,,,,,,,,,,,,,,,,,,,,,,,,,,,,,,,,,,,,,,,,,,,,,,,,,,,,,,,,,0.49089139699935913,0.19154514372348785,-0.00018087748321704566,0.508251965045929,0.1591026782989502,-0.0005597869749180973,0.5188472270965576,0.16131369769573212,0.008657854050397873,0.5293066501617432,0.16366086900234222,0.0006505483179353178,0.47716811299324036,0.15530039370059967,0.004350719507783651,0.46652495861053467,0.1547851711511612,0.0024562838952988386,0.4560931622982025,0.15434768795967102,-0.003337704110890627,0.542076051235199,0.19724296033382416,-0.0051573291420936584,0.4394712746143341,0.18516261875629425,-0.005468933843076229,0.5097754597663879,0.2535492479801178,0.003004183294251561,0.46866849064826965,0.24904949963092804,-0.004194503650069237,0.6213119029998779,0.4751133620738983,-0.005213424563407898,0.35723936557769775,0.4906166195869446,0.005496269091963768,0.7158318758010864,0.8200201988220215,0.05721012130379677,0.27724504470825195,0.8370152711868286,0.030697263777256012,0.7346041202545166,1.0691860914230347,-0.13040287792682648,0.24496115744113922,1.088119387626648,-0.13294993340969086,0.7518036961555481,1.16441810131073,0.0009117659647017717,0.2173328399658203,1.1839263439178467,-0.00039390407619066536,0.7181061506271362,1.1613789796829224,0.005498461425304413,0.24922063946723938,1.1876155138015747,-0.0014479928649961948,0.7021044492721558,1.130394458770752,-0.0029790035914629698,0.26641470193862915,1.1556230783462524,-0.0037143193185329437,0.5847549438476562,1.06308114528656,0.08567224442958832,0.4039515554904938,1.069664478302002,0.09850561618804932
83.33333333333334,,,,,,,,,,,,,,,,,,,,,,,,,,,,,,,,,,,,,,,,,,,,,,,,,,,,,,,,,,,,,,,,,,,,,,,,,,,,,,,,,,,,,,,,,,,,,,,,,,,,,,,,,,,,,,,,,,,,,,,,,,,,,,,0.48939961194992065,0.19219481945037842,-0.0001742156018735841,0.506799578666687,0.15724314749240875,-0.0005637477734126151,0.5174437761306763,0.1594928503036499,0.008838038891553879,0.527955174446106,0.16188094019889832,0.0006610690033994615,0.47587883472442627,0.15279033780097961,0.004150474909693003,0.4652005732059479,0.15184299647808075,0.0026343553327023983,0.45472252368927,0.1509615033864975,-0.003346675308421254,0.5402846336364746,0.1932665854692459,-0.00521017424762249,0.4381762742996216,0.17963649332523346,-0.005575500428676605,0.5081546306610107,0.2532106041908264,0.0031257886439561844,0.4670856297016144,0.2478678673505783,-0.004191065672785044,0.6194359660148621,0.475952684879303,-0.004656132776290178,0.3563154935836792,0.492679238319397,0.004964123014360666,0.7106035351753235,0.8263740539550781,0.058022644370794296,0.2791754901409149,0.8450502753257751,0.03068331442773342,0.7328062057495117,1.089646577835083,-0.1255829632282257,0.24478767812252045,1.114119052886963,-0.12998820841312408,0.752373993396759,1.1863466501235962,0.0009421361028216779,0.21849285066127777,1.210584282875061,-0.00032094967900775373,0.7187390923500061,1.185899019241333,0.005579489283263683,0.24729329347610474,1.2148735523223877,-0.0014627095079049468,0.7037203907966614,1.1536343097686768,-0.003080599242821336,0.2644759714603424,1.1815454959869385,-0.0037384622264653444,0.5837381482124329,1.0682642459869385,0.09973492473363876,0.40676239132881165,1.0774840116500854,0.1124059408903122
100.0,,,,,,,,,,,,,,,,,,,,,,,,,,,,,,,,,,,,,,,,,,,,,,,,,,,,,,,,,,,,,,,,,,,,,,,,,,,,,,,,,,,,,,,,,,,,,,,,,,,,,,,,,,,,,,,,,,,,,,,,,,,,,,,0.4887474775314331,0.19129426777362823,-0.00016225417493842542,0.5061011910438538,0.15657618641853333,-0.0005832944880239666,0.5167117118835449,0.15880557894706726,0.009157592430710793,0.5272178053855896,0.16118615865707397,0.0006691879825666547,0.4752855896949768,0.15247954428195953,0.004167451523244381,0.46475183963775635,0.15170732140541077,0.002601945772767067,0.45443254709243774,0.15099306404590607,-0.003347062738612294,0.5401228666305542,0.1930660605430603,-0.005222324747592211,0.43801209330558777,0.18007658421993256,-0.0056752851232886314,0.507805347442627,0.252694308757782,0.0031512994319200516,0.4667988419532776,0.24775077402591705,-0.004199785180389881,0.6190808415412903,0.4760753810405731,-0.005509895738214254,0.3558918237686157,0.4943329691886902,0.005762853194028139,0.7108204960823059,0.8275269269943237,0.055420614778995514,0.2707652747631073,0.8669917583465576,0.02845476008951664,0.727128803730011,1.0870596170425415,-0.1467292457818985,0.25370821356773376,1.0905777215957642,-0.14736033976078033,0.750630795955658,1.1854519844055176,0.0009965384379029274,0.23226846754550934,1.1818054914474487,-0.00028319869306869805,0.7171083092689514,1.1845417022705078,0.005579008720815182,0.26766741275787354,1.1844910383224487,-0.0014638997381553054,0.7011815905570984,1.1518144607543945,-0.0031994860619306564,0.28239938616752625,1.152916669845581,-0.003766739973798394,0.5835360884666443,1.074715495109558,0.11450210213661194,0.40529024600982666,1.085382342338562,0.13810953497886658
116.66666666666667,,,,,,,,,,,,,,,,,,,,,,,,,,,,,,,,,,,,,,,,,,,,,,,,,,,,,,,,,,,,,,,,,,,,,,,,,,,,,,,,,,,,,,,,,,,,,,,,,,,,,,,,,,,,,,,,,,,,,,,,,,,,,,,0.48877012729644775,0.19122426211833954,-0.0001572698965901509,0.5060725808143616,0.15656787157058716,-0.000587686721701175,0.5166398882865906,0.15878045558929443,0.009267153218388557,0.5270972847938538,0.1611403524875641,0.0006714572664350271,0.4752923846244812,0.15256518125534058,0.0041671390645205975,0.46475255489349365,0.1518368124961853,0.0026127879973500967,0.4544540047645569,0.15116307139396667,-0.003348165424540639,0.539993405342102,0.1933244913816452,-0.005232054274529219,0.4380292296409607,0.18061967194080353,-0.005696414969861507,0.5077967047691345,0.2525799572467804,0.003202830906957388,0.4668107330799103,0.24780964851379395,-0.0042155422270298,0.6189870834350586,0.4771575927734375,-0.006427657324820757,0.3556370139122009,0.4942140281200409,0.006686065811663866,0.7104136347770691,0.8279626965522766,0.056865155696868896,0.27015581727027893,0.8641256093978882,0.030626462772488594,0.7225308418273926,1.0891715288162231,-0.14621910452842712,0.25090262293815613,1.0965747833251953,-0.1441536545753479,0.7421550154685974,1.1888983249664307,0.0010225629666820168,0.22782905399799347,1.1895606517791748,-0.00026236666599288583,0.7076606154441833,1.188308835029602,0.005583672318607569,0.26391875743865967,1.1924391984939575,-0.001472914475016296,0.6937447786331177,1.154915690422058,-0.0032542140688747168,0.27921262383461,1.159288763999939,-0.0037704382557421923,0.5817577838897705,1.0788012742996216,0.11648412048816681,0.40385013818740845,1.0869954824447632,0.13830742239952087
133.33333333333334,,,,,,,,,,,,,,,,,,,,,,,,,,,,,,,,,,,,,,,,,,,,,,,,,,,,,,,,,,,,,,,,,,,,,,,,,,,,,,,,,,,,,,,,,,,,,,,,,,,,,,,,,,,,,,,,,,,,,,,,,,,,,,,0.4870092272758484,0.19073069095611572,-0.0001568155421409756,0.505776584148407,0.1565971076488495,-0.000380230660084635,0.516464352607727,0.15897788107395172,0.009274316020309925,0.5270394086837769,0.16152891516685486,0.0006720238015986979,0.47493305802345276,0.15230673551559448,0.00501846382394433,0.46453025937080383,0.15154364705085754,0.0024648834951221943,0.4543286859989166,0.15086868405342102,-0.0033877913374453783,0.5407780408859253,0.1951921582221985,-0.004855227191001177,0.4383721649646759,0.18037882447242737,-0.005650028586387634,0.5058628916740417,0.25295040011405945,0.001784960157237947,0.46471157670021057,0.24737684428691864,-0.004057028796523809,0.6183294653892517,0.48296380043029785,-0.019792519509792328,0.3559160530567169,0.49162688851356506,0.02012311853468418,0.7098335027694702,0.8338595032691956,0.05344400182366371,0.26312583684921265,0.8403846621513367,-0.028385430574417114,0.7179155349731445,1.0843595266342163,-0.18762414157390594,0.281342089176178,0.6673452854156494,-0.2864682674407959,0.7358255386352539,1.1841293573379517,0.0014542991993948817,0.26400408148765564,0.6252819299697876,-0.00023474660702049732,0.7028046250343323,1.1816246509552002,0.005335308611392975,0.29271644353866577,0.6123716235160828,-0.0014746154192835093,0.689841628074646,1.1485990285873413,-0.003260311670601368,0.30699071288108826,0.6313446164131165,-0.0037358019035309553,0.5805313587188721,1.0895289182662964,0.03566252440214157,0.39940181374549866,1.0948172807693481,0.07234089076519012
150.0,,,,,,,,,,,,,,,,,,,,,,,,,,,,,,,,,,,,,,,,,,,,,,,,,,,,,,,,,,,,,,,,,,,,,,,,,,,,,,,,,,,,,,,,,,,,,,,,,,,,,,,,,,,,,,,,,,,,,,,,,,,,,,,0.4867585003376007,0.19022367894649506,-0.00015391538909170777,0.5063962936401367,0.1581982672214508,0.00016440337640233338,0.5171217918395996,0.1611408144235611,0.009272683411836624,0.5277194380760193,0.16428086161613464,0.00067141157342121,0.47523027658462524,0.15265554189682007,0.006209114100784063,0.4649351239204407,0.15160207450389862,0.0019244849681854248,0.45481351017951965,0.15065379440784454,-0.0036274525336921215,0.5414106845855713,0.20059876143932343,-0.004301472567021847,0.43820175528526306,0.1807800531387329,-0.005455165170133114,0.50477135181427,0.25440090894699097,-0.00043660865048877895,0.4637998640537262,0.24717001616954803,-0.0038041425868868828,0.6155708432197571,0.4872499704360962,-0.02307659387588501,0.3554748594760895,0.4875313341617584,0.023250490427017212,0.7148100137710571,0.8366868495941162,0.05344628542661667,0.2608376741409302,0.8232327103614807,-0.12600578367710114,0.7119379043579102,1.074293851852417,-0.16813544929027557,0.33293622732162476,0.461224228143692,-0.35734254121780396,0.7256783246994019,1.1713974475860596,0.002179942559450865,0.33284085988998413,0.3596659004688263,-0.00012031012738589197,0.6956124901771545,1.1702632904052734,0.004957628436386585,0.3506409227848053,0.34683582186698914,-0.0014754141448065639,0.683398962020874,1.1378365755081177,-0.0032473839819431305,0.3606625199317932,0.387885719537735,-0.0037298512179404497,0.5805543661117554,1.0930233001708984,-0.06248333305120468,0.3956945538520813,1.09970223903656,-0.027446575462818146
166.66666666666669,,,,,,,,,,,,,,,,,,,,,,,,,,,,,,,,,,,,,,,,,,,,,,,,,,,,,,,,,,,,,,,,,,,,,,,,,,,,,,,,,,,,,,,,,,,,,,,,,,,,,,,,,,,,,,,,,,,,,,,,,,,,,,,0.4872262477874756,0.18872804939746857,-0.00015408775652758777,0.5061975121498108,0.15717872977256775,0.00015102124598342925,0.5168703198432922,0.16011105477809906,0.00930898915976286,0.5274154543876648,0.1632283627986908,0.0006724508129991591,0.4750060439109802,0.15185460448265076,0.00620817206799984,0.46455007791519165,0.15093256533145905,0.001957920379936695,0.45429372787475586,0.15011143684387207,-0.0036278199404478073,0.540800154209137,0.19956691563129425,-0.004348401445895433,0.4376869797706604,0.18076872825622559,-0.005495433229953051,0.5054627060890198,0.2527856230735779,-0.0003365118463989347,0.46436524391174316,0.24605324864387512,-0.00381823000498116,0.6169993281364441,0.48715370893478394,-0.019724851474165916,0.35232070088386536,0.48878830671310425,0.020010488107800484,0.7127775549888611,0.8377090692520142,0.053530577570199966,0.26116853952407837,0.8332563042640686,-0.05216589197516441,0.7220393419265747,1.0871922969818115,-0.16611860692501068,0.27618223428726196,0.7777854204177856,-0.34894824028015137,0.7395230531692505,1.1875532865524292,0.0021814738865941763,0.2668193280696869,0.7698090672492981,-0.00012029318168060854,0.706458330154419,1.1872565746307373,0.00497324438765645,0.2923201024532318,0.7731725573539734,-0.0014764908701181412,0.6933858394622803,1.1535662412643433,-0.0032501351088285446,0.3046262264251709,0.7586104869842529,-0.003731159260496497,0.5778915882110596,1.0927609205245972,0.008401256985962391,0.3947600722312927,1.0992810726165771,0.04243239760398865
183.33333333333334,,,,,,,,,,,,,,,,,,,,,,,,,,,,,,,,,,,,,,,,,,,,,,,,,,,,,,,,,,,,,,,,,,,,,,,,,,,,,,,,,,,,,,,,,,,,,,,,,,,,,,,,,,,,,,,,,,,,,,,,,,,,,,,0.4888935089111328,0.18750618398189545,-0.00015645606617908925,0.5066108703613281,0.15641683340072632,0.0001857083843788132,0.5170186758041382,0.1592719405889511,0.009372292086482048,0.5273061990737915,0.16229300200939178,0.0007137368083931506,0.4760017395019531,0.15143300592899323,0.006078479811549187,0.46559077501296997,0.1507083922624588,0.0019326070323586464,0.455403208732605,0.15008366107940674,-0.003621419658884406,0.5404795408248901,0.1984463483095169,-0.004463290795683861,0.4387151598930359,0.1822870373725891,-0.005634794011712074,0.5069789886474609,0.2505607306957245,-4.210206679999828e-05,0.46648168563842773,0.24458689987659454,-0.003920891787856817,0.6162834167480469,0.4786127507686615,-0.017142146825790405,0.3530385196208954,0.48681843280792236,0.01713990792632103,0.7040016651153564,0.8204242587089539,0.0843091532588005,0.2610469460487366,0.8473958373069763,-0.012587913312017918,0.7010102868080139,1.060823917388916,-0.1633204072713852,0.261762410402298,1.0038762092590332,-0.1972646266222,0.7359642386436462,1.1594430208206177,0.0021530932281166315,0.2437462955713272,1.0716615915298462,-0.00014536113303620368,0.6932786107063293,1.1471195220947266,0.004944988060742617,0.27571120858192444,1.0598326921463013,-0.0014765290543437004,0.6867399215698242,1.115224003791809,-0.0032600034028291702,0.2897440493106842,1.0309782028198242,-0.003742074826732278,0.5760791301727295,1.0878018140792847,0.04719085618853569,0.3931443691253662,1.090692400932312,0.05601636320352554
200.0,,,,,,,,,,,,,,,,,,,,,,,,,,,,,,,,,,,,,,,,,,,,,,,,,,,,,,,,,,,,,,,,,,,,,,,,,,,,,,,,,,,,,,,,,,,,,,,,,,,,,,,,,,,,,,,,,,,,,,,,,,,,,,,0.4889829158782959,0.18735864758491516,-0.00016210887406487018,0.5069705247879028,0.15676774084568024,0.0002895526122301817,0.5173200368881226,0.15993928909301758,0.009401432238519192,0.5275418162345886,0.16332586109638214,0.0007157574873417616,0.47645753622055054,0.15140816569328308,0.006030149757862091,0.4659816324710846,0.15066707134246826,0.0019328906200826168,0.45573583245277405,0.15006735920906067,-0.0036209907848387957,0.5399326086044312,0.20014794170856476,-0.0045044878497719765,0.43849536776542664,0.18219280242919922,-0.005654467269778252,0.506380558013916,0.25041624903678894,-2.8693593776552007e-05,0.4659718871116638,0.24379922449588776,-0.0039489902555942535,0.6152211427688599,0.47835853695869446,-0.006233674008399248,0.3527257442474365,0.48246055841445923,0.006269948557019234,0.7036838531494141,0.8159353733062744,0.0855415090918541,0.26083919405937195,0.830146312713623,-1.0432790077175014e-05,0.6889016628265381,1.0528253316879272,-0.16009990870952606,0.2451590597629547,1.023078441619873,-0.1834673136472702,0.7036231160163879,1.1515523195266724,0.0021230890415608883,0.22273826599121094,1.1089602708816528,-0.00013883384235668927,0.665878176689148,1.1322365999221802,0.004931495524942875,0.2535165250301361,1.1098390817642212,-0.00148003117647022,0.658417284488678,1.1010143756866455,-0.0032951482571661472,0.269236296415329,1.0794106721878052,-0.003773077856749296,0.5759516954421997,1.083238959312439,0.03941808640956879,0.3931508958339691,1.0869752168655396,0.03195256367325783
216.66666666666669,,,,,,,,,,,,,,,,,,,,,,,,,,,,,,,,,,,,,,,,,,,,,,,,,,,,,,,,,,,,,,,,,,,,,,,,,,,,,,,,,,,,,,,,,,,,,,,,,,,,,,,,,,,,,,,,,,,,,,,,,,,,,,,0.4917793869972229,0.19207754731178284,-0.00016024074284359813,0.508041501045227,0.1597074419260025,0.0002856631181202829,0.5186367630958557,0.16258101165294647,0.009402511641383171,0.5291131734848022,0.1656271070241928,0.0007748119533061981,0.4771419167518616,0.1543823480606079,0.0059750620275735855,0.46631762385368347,0.15349815785884857,0.0019329286878928542,0.4557178318500519,0.1527155041694641,-0.003618592629209161,0.5412150025367737,0.20112600922584534,-0.004565700422972441,0.4373091757297516,0.18525920808315277,-0.005666314624249935,0.5098291039466858,0.25489798188209534,0.0001805093343136832,0.4683210253715515,0.24873046576976776,-0.004034596029669046,0.6147527694702148,0.47442489862442017,-0.005417190492153168,0.3543294072151184,0.4807550311088562,0.005442989058792591,0.7072356343269348,0.8085604906082153,0.09016279876232147,0.261385440826416,0.8285488486289978,0.012796884402632713,0.6864535808563232,1.0431435108184814,-0.1639835685491562,0.24535049498081207,1.0346240997314453,-0.177358016371727,0.7012404203414917,1.147720456123352,0.002111294073984027,0.22265931963920593,1.1212416887283325,-0.00014274568820837885,0.6605863571166992,1.1099427938461304,0.004935719072818756,0.25507310032844543,1.1162991523742676,-0.0014828912680968642,0.6554861068725586,1.0801299810409546,-0.0033197279553860426,0.27072635293006897,1.088278889656067,-0.003808768466114998,0.5730658173561096,1.0829132795333862,0.07251405715942383,0.3931594491004944,1.0813696384429932,0.08288245648145676
233.33333333333334,,,,,,,,,,,,,,,,,,,,,,,,,,,,,,,,,,,,,,,,,,,,,,,,,,,,,,,,,,,,,,,,,,,,,,,,,,,,,,,,,,,,,,,,,,,,,,,,,,,,,,,,,,,,,,,,,,,,,,,,,,,,,,,0.4901127219200134,0.19745272397994995,-0.00018277321942150593,0.5070995092391968,0.1629466712474823,0.0003135906590614468,0.5179476141929626,0.1652713119983673,0.009100954048335552,0.5286824107170105,0.16777119040489197,0.0010674471268430352,0.4757474958896637,0.15852124989032745,0.005989237688481808,0.46490103006362915,0.15773631632328033,0.0014772549038752913,0.4542865753173828,0.1570211946964264,-0.0036099539138376713,0.5432531833648682,0.2018352597951889,-0.004821362439543009,0.43709632754325867,0.18832267820835114,-0.005649771075695753,0.5099653601646423,0.2589549124240875,0.0008341866196133196,0.4681299328804016,0.2536911964416504,-0.00421266071498394,0.6180863380432129,0.4719806909561157,-0.009121693670749664,0.35679957270622253,0.48039695620536804,0.00906738918274641,0.7133163809776306,0.8023973703384399,0.08038854598999023,0.2667066156864166,0.8182745575904846,0.0798083171248436,0.6731335520744324,0.9563594460487366,-0.20852753520011902,0.25105980038642883,0.9338761568069458,-0.1815759539604187,0.664154052734375,1.0405380725860596,0.0019104382954537868,0.23158599436283112,1.0223530530929565,-0.0003062990144826472,0.6306672692298889,0.987392783164978,0.004909971263259649,0.2578675448894501,1.0117480754852295,-0.0014878298388794065,0.629403293132782,0.9655495882034302,-0.0031028841622173786,0.2749023735523224,0.9879826903343201,-0.003911375999450684,0.5740254521369934,1.0739115476608276,0.06465611606836319,0.3889504075050354,1.0695922374725342,0.0531487874686718
250.0,,,,,,,,,,,,,,,,,,,,,,,,,,,,,,,,,,,,,,,,,,,,,,,,,,,,,,,,,,,,,,,,,,,,,,,,,,,,,,,,,,,,,,,,,,,,,,,,,,,,,,,,,,,,,,,,,,,,,,,,,,,,,,,0.48720577359199524,0.19986288249492645,-0.00022210110910236835,0.5056532621383667,0.164811372756958,0.0003853770613204688,0.5167883634567261,0.16725707054138184,0.008879220113158226,0.5278165340423584,0.16984719038009644,0.001392045640386641,0.4740103781223297,0.15963886678218842,0.006075775716453791,0.46308276057243347,0.15844981372356415,0.0012676347978413105,0.45239049196243286,0.1573297381401062,-0.003635830944404006,0.5432458519935608,0.20390728116035461,-0.005051291082054377,0.4359610080718994,0.1880372315645218,-0.005603973288089037,0.5073750615119934,0.2619742453098297,0.0013736210530623794,0.464986652135849,0.25520673394203186,-0.0043877107091248035,0.6154601573944092,0.47255951166152954,-0.009409555234014988,0.35500216484069824,0.4785006642341614,0.009312714450061321,0.7145795822143555,0.7995556592941284,0.08303647488355637,0.26921793818473816,0.8054132461547852,0.09809303283691406,0.6643116474151611,0.9401487708091736,-0.21559549868106842,0.26077166199684143,0.9354676008224487,-0.18316365778446198,0.6538870930671692,1.0229160785675049,0.0017413662280887365,0.23531478643417358,1.022851824760437,-0.00047525163972750306,0.6234205961227417,0.972611129283905,0.004896806553006172,0.27076035737991333,1.0115073919296265,-0.0014894105261191726,0.6214929819107056,0.9507400989532471,-0.0030122825410217047,0.28758537769317627,0.9876539707183838,-0.003999192267656326,0.5714839100837708,1.070773720741272,0.013282827101647854,0.3874901831150055,1.0672237873077393,0.012507373467087746
266.6666666666667,,,,,,,,,,,,,,,,,,,,,,,,,,,,,,,,,,,,,,,,,,,,,,,,,,,,,,,,,,,,,,,,,,,,,,,,,,,,,,,,,,,,,,,,,,,,,,,,,,,,,,,,,,,,,,,,,,,,,,,,,,,,,,,0.48738452792167664,0.20561189949512482,-0.0002105229505104944,0.5061071515083313,0.16776542365550995,0.0005461944383569062,0.5172429084777832,0.17064005136489868,0.008420266211032867,0.5283079743385315,0.17365922033786774,0.0014096928061917424,0.4746313691139221,0.1611701101064682,0.006399666424840689,0.4636724591255188,0.1594087779521942,0.0008869020966812968,0.45291751623153687,0.15771786868572235,-0.003454465651884675,0.5426759719848633,0.20705173909664154,-0.005237646400928497,0.4360397756099701,0.18696723878383636,-0.005602406337857246,0.5061814785003662,0.2677966058254242,0.0015773646300658584,0.46426016092300415,0.259274423122406,-0.004400504287332296,0.6111202836036682,0.4772219657897949,-0.009297996759414673,0.3526080250740051,0.46285128593444824,0.009207733906805515,0.7073867917060852,0.7904978394508362,0.12492959201335907,0.26801902055740356,0.7800418138504028,0.10755103081464767,0.6467394232749939,0.8358845710754395,-0.0652078241109848,0.2691737413406372,0.9331093430519104,-0.13200446963310242,0.6331565380096436,0.894132137298584,0.0017428776482120156,0.2520591914653778,1.0142875909805298,-0.0009057829156517982,0.615604817867279,0.8177815079689026,0.0047689746133983135,0.28146710991859436,0.99903804063797,-0.0014178481651470065,0.6103174686431885,0.8086299300193787,-0.0025193740148097277,0.29573529958724976,0.9758101105690002,-0.00413249246776104,0.5629084706306458,1.0697946548461914,0.16524280607700348,0.3826371729373932,1.0667656660079956,0.17926953732967377
283.3333333333333,,,,,,,,,,,,,,,,,,,,,,,,,,,,,,,,,,,,,,,,,,,,,,,,,,,,,,,,,,,,,,,,,,,,,,,,,,,,,,,,,,,,,,,,,,,,,,,,,,,,,,,,,,,,,,,,,,,,,,,,,,,,,,,0.488113671541214,0.2073424607515335,-0.00018875823298003525,0.5066950917243958,0.16918465495109558,0.0006701263482682407,0.5177100300788879,0.17214395105838776,0.007981962524354458,0.5286486744880676,0.1752391904592514,0.0013902077917009592,0.47549596428871155,0.16214141249656677,0.006681683007627726,0.46464648842811584,0.1601918637752533,0.00041578069794923067,0.4540039300918579,0.15830738842487335,-0.0032671040389686823,0.5425605773925781,0.20779016613960266,-0.005390396807342768,0.4370609521865845,0.1865931749343872,-0.005606334190815687,0.5063959360122681,0.2688295841217041,0.0016854568384587765,0.4650197923183441,0.2599794268608093,-0.004400571342557669,0.6096185445785522,0.4782537817955017,-0.008456118404865265,0.3523956537246704,0.4602581262588501,0.008387207984924316,0.7003300189971924,0.7921069264411926,0.1519317477941513,0.2663807272911072,0.766855776309967,0.1199384555220604,0.6419634222984314,0.8194504976272583,0.05878759175539017,0.2699797749519348,0.9192603230476379,-0.06239085644483566,0.6203223466873169,0.873469352722168,0.0017627488123252988,0.25582799315452576,0.9967265129089355,-0.0011272296542301774,0.6088187098503113,0.7991805672645569,0.004700274206697941,0.2843916118144989,0.9793463349342346,-0.0012717555509880185,0.6076256036758423,0.7911510467529297,-0.0021393760107457638,0.2971879243850708,0.9562444686889648,-0.004272384103387594,0.5629271268844604,1.0686461925506592,0.15102757513523102,0.3829188644886017,1.0678253173828125,0.16173137724399567
300.0,,,,,,,,,,,,,,,,,,,,,,,,,,,,,,,,,,,,,,,,,,,,,,,,,,,,,,,,,,,,,,,,,,,,,,,,,,,,,,,,,,,,,,,,,,,,,,,,,,,,,,,,,,,,,,,,,,,,,,,,,,,,,,,0.4893035888671875,0.20694631338119507,-0.00015949820226524025,0.5069614052772522,0.16840845346450806,0.0007640260737389326,0.517894446849823,0.17112207412719727,0.007640977390110493,0.5287495255470276,0.17397540807724,0.0013844073982909322,0.4757672846317291,0.16201364994049072,0.006930948700755835,0.4649033546447754,0.16027197241783142,-1.2743426225370058e-07,0.45425671339035034,0.15858091413974762,-0.0031211511231958866,0.5422159433364868,0.2058211863040924,-0.005556737072765827,0.43672728538513184,0.18658365309238434,-0.005608684383332729,0.5076330304145813,0.2673856317996979,0.0017971888883039355,0.46635812520980835,0.2597162127494812,-0.004401719197630882,0.611274003982544,0.4753074049949646,-0.007528109010308981,0.3528650999069214,0.4560651481151581,0.007459377404302359,0.7012667059898376,0.7840602397918701,0.15842419862747192,0.2661077082157135,0.762749195098877,0.1310117393732071,0.6403346061706543,0.8141182661056519,0.05304550379514694,0.2695438861846924,0.9049010276794434,-0.0629105493426323,0.6178781390190125,0.8705381751060486,0.0017728698439896107,0.2559104263782501,0.983980655670166,-0.00126628705766052,0.6051928400993347,0.7976616024971008,0.004646815359592438,0.28521105647087097,0.9640458226203918,-0.0011421593371778727,0.6019023060798645,0.7882385849952698,-0.0018893146188929677,0.29762834310531616,0.9404844641685486,-0.004370523151010275,0.5662055015563965,1.0640766620635986,0.14752978086471558,0.38557133078575134,1.0647815465927124,0.15735521912574768
316.6666666666667,,,,,,,,,,,,,,,,,,,,,,,,,,,,,,,,,,,,,,,,,,,,,,,,,,,,,,,,,,,,,,,,,,,,,,,,,,,,,,,,,,,,,,,,,,,,,,,,,,,,,,,,,,,,,,,,,,,,,,,,,,,,,,,0.48889997601509094,0.20752543210983276,-0.0002973706868942827,0.5061946511268616,0.1683531254529953,0.0007756581180728972,0.5170676708221436,0.1707053929567337,0.0071233236230909824,0.5278330445289612,0.17320674657821655,0.001575749134644866,0.4743911921977997,0.16284140944480896,0.00691971555352211,0.46345555782318115,0.1613168567419052,-0.00043863998143933713,0.45276209712028503,0.15983502566814423,-0.0031415263656526804,0.5414932370185852,0.20319662988185883,-0.0055605280213057995,0.43377164006233215,0.186418354511261,-0.005517564248293638,0.5072796940803528,0.2672818899154663,0.0015002217842265964,0.4658907353878021,0.260654479265213,-0.004358846694231033,0.6104027628898621,0.4630645215511322,-0.013112596236169338,0.35449180006980896,0.45377132296562195,0.012943985871970654,0.7134908437728882,0.7735711932182312,0.03593849390745163,0.26210126280784607,0.7561445236206055,0.11508467048406601,0.6125292181968689,0.7304618954658508,-0.37649405002593994,0.28466352820396423,0.8256507515907288,-0.2744702100753784,0.5791316628456116,0.7696412801742554,0.0017503350973129272,0.2728269100189209,0.8903623819351196,-0.0013121140655130148,0.5570002794265747,0.7006440162658691,0.004605078138411045,0.3054005801677704,0.8550522327423096,-0.0011462221154943109,0.5629953145980835,0.6991433501243591,-0.0016199203673750162,0.31620338559150696,0.8400350213050842,-0.004368718713521957,0.5781281590461731,1.0517410039901733,0.056509047746658325,0.39083561301231384,1.0537554025650024,0.10132895410060883
333.33333333333337,,,,,,,,,,,,,,,,,,,,,,,,,,,,,,,,,,,,,,,,,,,,,,,,,,,,,,,,,,,,,,,,,,,,,,,,,,,,,,,,,,,,,,,,,,,,,,,,,,,,,,,,,,,,,,,,,,,,,,,,,,,,,,,0.49049851298332214,0.20581203699111938,-0.0004320517764426768,0.5078204870223999,0.1688944548368454,0.0007782710017636418,0.5183385014533997,0.171763077378273,0.007004298269748688,0.528727114200592,0.1748388111591339,0.0016147743444889784,0.4767839014530182,0.1623557060956955,0.006914149038493633,0.4660720229148865,0.16066011786460876,-0.0005862528923898935,0.45560017228126526,0.1591263860464096,-0.0031770479399710894,0.540213406085968,0.20476509630680084,-0.00556052615866065,0.4350206255912781,0.18606911599636078,-0.0054559665732085705,0.5068672895431519,0.2660278081893921,0.0013472025748342276,0.4661773443222046,0.258072167634964,-0.004284566733986139,0.603964626789093,0.46042731404304504,-0.014024768024682999,0.3541615903377533,0.4495546519756317,0.013884767889976501,0.711073637008667,0.7682151794433594,0.0013287931215018034,0.26595789194107056,0.748848021030426,0.10545067489147186,0.6048605442047119,0.7178117036819458,-0.3877246081829071,0.29023078083992004,0.8187012672424316,-0.25993990898132324,0.5771390795707703,0.757712185382843,0.0017380376812070608,0.27411583065986633,0.8810381889343262,-0.0013489999109879136,0.5500589609146118,0.6963948011398315,0.004556621890515089,0.307150661945343,0.8507462739944458,-0.001149493153207004,0.5550830364227295,0.6955115795135498,-0.001470093266107142,0.31868281960487366,0.8363550901412964,-0.004369274713099003,0.5735105276107788,1.0422897338867188,0.016218818724155426,0.3896409571170807,1.0431747436523438,0.07489096373319626
350.00000000000006,,,,,,,,,,,,,,,,,,,,,,,,,,,,,,,,,,,,,,,,,,,,,,,,,,,,,,,,,,,,,,,,0.31318867206573486,0.8061331510543823,1.537329808343202e-05,0.32155176997184753,0.7626688480377197,-0.009367409162223339,0.3256368041038513,0.7228057384490967,-0.023154212161898613,0.3272444009780884,0.6956554055213928,-0.03574037551879883,0.32525014877319336,0.6686505079269409,-0.04861404746770859,0.32823601365089417,0.6992257833480835,-0.04489550739526749,0.33011648058891296,0.6604005694389343,-0.062076665461063385,0.32444122433662415,0.6441527605056763,-0.07402200251817703,0.317890465259552,0.6359816789627075,-0.08240453898906708,0.32451561093330383,0.7077005505561829,-0.04996978119015694,0.3274696171283722,0.6660709381103516,-0.07162982225418091,0.3213295638561249,0.6502952575683594,-0.0806799978017807,0.31366562843322754,0.6449013948440552,-0.08801377564668655,0.3208470344543457,0.7226995825767517,-0.05422593653202057,0.32300645112991333,0.6855675578117371,-0.07225622236728668,0.3196674585342407,0.6672022938728333,-0.08141634613275528,0.3145228922367096,0.660551130771637,-0.08772542327642441,0.3164568245410919,0.7433313131332397,-0.05842151865363121,0.31981080770492554,0.7140563130378723,-0.0722803920507431,0.31790685653686523,0.696740448474884,-0.08061203360557556,0.31364595890045166,0.6875147223472595,-0.08873359858989716,0.4875265955924988,0.20643824338912964,-0.000786161923315376,0.506778359413147,0.16895604133605957,0.0007048434345051646,0.5179069638252258,0.17173227667808533,0.006468640640377998,0.5289215445518494,0.1746932566165924,0.0016223778948187828,0.4739740788936615,0.16242758929729462,0.0068575418554246426,0.4629738926887512,0.1606697142124176,-0.0007322969613596797,0.4522511959075928,0.15903210639953613,-0.003185906680300832,0.5443997979164124,0.20439745485782623,-0.005487280432134867,0.43320995569229126,0.1859351247549057,-0.005237832199782133,0.505670964717865,0.26762938499450684,0.0008775345631875098,0.46384304761886597,0.2594660818576813,-0.004202108830213547,0.6055653691291809,0.45100873708724976,-0.018682466819882393,0.3532010614871979,0.4488218128681183,0.018339041620492935,0.715999186038971,0.7682764530181885,-0.09854096919298172,0.2628440856933594,0.7663038372993469,0.06220270320773125,0.5544185638427734,0.6161606907844543,-0.44685328006744385,0.30745765566825867,0.7643634080886841,-0.3956108093261719,0.5212655663490295,0.6167478561401367,0.0017308718524873257,0.3053310811519623,0.8041181564331055,-0.0013888404937461019,0.49101656675338745,0.5688258409500122,0.004496164619922638,0.33295124769210815,0.7537153363227844,-0.0009638673509471118,0.5001490712165833,0.5846124887466431,-0.0013682028511539102,0.33787256479263306,0.7511633634567261,-0.004258741624653339,0.5751442909240723,1.0407521724700928,-0.03295767307281494,0.3856021463871002,1.0404620170593262,0.0499749593436718
366.6666666666667,0.5239450335502625,0.5844870805740356,3.4194217732874677e-06,0.5502139925956726,0.5905888080596924,-0.027660638093948364,0.5693098306655884,0.6188866496086121,-0.04616329073905945,0.5777515172958374,0.6519207954406738,-0.05749621242284775,0.5837669968605042,0.67452073097229,-0.06826838850975037,0.5615570545196533,0.6250813603401184,-0.06941168755292892,0.5685984492301941,0.6579643487930298,-0.09443613886833191,0.5684053301811218,0.6740744113922119,-0.10782167315483093,0.5670586824417114,0.682299017906189,-0.1165497824549675,0.5471699237823486,0.6305479407310486,-0.06254781782627106,0.5522523522377014,0.6676214337348938,-0.08813181519508362,0.5500900149345398,0.6759448647499084,-0.10303670912981033,0.5499669313430786,0.6739543676376343,-0.11522331833839417,0.5335136651992798,0.632724940776825,-0.05331437662243843,0.5343513488769531,0.6658795475959778,-0.08018389344215393,0.530653715133667,0.6650705933570862,-0.09306105971336365,0.5314701795578003,0.6581480503082275,-0.09900274872779846,0.522193431854248,0.632736086845398,-0.04508160054683685,0.518842875957489,0.6558582782745361,-0.06593409925699234,0.5161356925964355,0.6550918817520142,-0.07762032002210617,0.5170786380767822,0.6458978652954102,-0.08296678960323334,0.30648377537727356,0.8055753111839294,4.0529630496166646e-05,0.3187720775604248,0.7833847403526306,-0.026688233017921448,0.32881131768226624,0.7571772933006287,-0.04915640503168106,0.33477312326431274,0.740109920501709,-0.06671648472547531,0.3368198871612549,0.7214720845222473,-0.08238928765058517,0.3297394812107086,0.7119303345680237,-0.06380705535411835,0.3361768126487732,0.6754319071769714,-0.0859566181898117,0.3312190771102905,0.6577501893043518,-0.10124069452285767,0.3236541748046875,0.6470434665679932,-0.11232893913984299,0.3243977427482605,0.7126626372337341,-0.06153248995542526,0.33071449398994446,0.6723228693008423,-0.0886661559343338,0.32418549060821533,0.6552392244338989,-0.1032927855849266,0.3150067627429962,0.6437003016471863,-0.11370902508497238,0.31848567724227905,0.7205853462219238,-0.05926040932536125,0.3229399025440216,0.6837210655212402,-0.08139451593160629,0.3189330995082855,0.6664760112762451,-0.09507486969232559,0.31129300594329834,0.6551441550254822,-0.10463757067918777,0.31142887473106384,0.7347012758255005,-0.05785641446709633,0.3144727349281311,0.7072228789329529,-0.07288563251495361,0.31197670102119446,0.6904519200325012,-0.08205030858516693,0.30634987354278564,0.6762760877609253,-0.0903344675898552,0.4861854910850525,0.20661109685897827,-0.0012783725978806615,0.5055845379829407,0.1694701910018921,0.0006243055686354637,0.5167044401168823,0.17212027311325073,0.006125267595052719,0.5277129411697388,0.1749584674835205,0.0017178349662572145,0.4729020297527313,0.16318897902965546,0.006692809518426657,0.4619590938091278,0.1614806056022644,-0.0009700278751552105,0.45128482580184937,0.15986253321170807,-0.003266293089836836,0.5441628694534302,0.20433813333511353,-0.005320107564330101,0.43302011489868164,0.18581171333789825,-0.00500042038038373,0.5046762824058533,0.26775243878364563,0.00046675180783495307,0.4630228281021118,0.2597385346889496,-0.004148178733885288,0.6053674221038818,0.44285693764686584,-0.021504180505871773,0.3546769320964813,0.4481913447380066,0.021124472841620445,0.7165417671203613,0.7664006352424622,-0.10643061250448227,0.26201751828193665,0.7680988311767578,0.061346035450696945,0.5513351559638977,0.6084603667259216,-0.46549415588378906,0.30887964367866516,0.7627968192100525,-0.4000406563282013,0.5182855725288391,0.6068505048751831,0.0017181517323479056,0.3069379925727844,0.7997081875801086,-0.0014028280274942517,0.4898883104324341,0.5590760111808777,0.00448845187202096,0.3322888910770416,0.7502734065055847,-0.0008929141331464052,0.49889621138572693,0.5749189853668213,-0.0013522861991077662,0.33704179525375366,0.7471526861190796,-0.0041305567137897015,0.574792742729187,1.0366356372833252,-0.06628085672855377,0.3837195634841919,1.0363026857376099,-0.021300558000802994
383.33333333333337,0.5179656744003296,0.5912448167800903,-4.591145170707023e-06,0.5406882762908936,0.5869582891464233,-0.025298362597823143,0.5557642579078674,0.6029199957847595,-0.04547109082341194,0.560314416885376,0.6302741169929504,-0.058135420083999634,0.5636537075042725,0.6518418192863464,-0.06854930520057678,0.5540318489074707,0.6114068627357483,-0.07181032001972198,0.5673167705535889,0.6387298703193665,-0.10067213326692581,0.5736119747161865,0.6599526405334473,-0.11708196997642517,0.579544186592102,0.679987907409668,-0.12898649275302887,0.5417706370353699,0.6289803385734558,-0.06703103333711624,0.5530866980552673,0.6582412123680115,-0.09814127534627914,0.5575480461120605,0.6726896166801453,-0.11374849826097488,0.562614917755127,0.6847866773605347,-0.12734463810920715,0.5291019678115845,0.6424576640129089,-0.05915799364447594,0.5375867486000061,0.6741116642951965,-0.08107682317495346,0.5363315343856812,0.6666789054870605,-0.07928378880023956,0.5358471870422363,0.658538818359375,-0.07800760120153427,0.5163670778274536,0.6495480537414551,-0.053501978516578674,0.5213192105293274,0.6722761392593384,-0.06976456195116043,0.5218338966369629,0.6656165719032288,-0.07119933515787125,0.5218333005905151,0.655617892742157,-0.07071786373853683,0.3077255189418793,0.8024224638938904,3.117496453342028e-05,0.31347161531448364,0.7808657884597778,-0.025185583159327507,0.3206290602684021,0.7540813684463501,-0.047551658004522324,0.3262827694416046,0.7397276759147644,-0.06572557985782623,0.33063167333602905,0.7241657972335815,-0.08380861580371857,0.32599076628685,0.7133979201316833,-0.06110261753201485,0.33284229040145874,0.6820286512374878,-0.08345986157655716,0.328667014837265,0.6651744842529297,-0.09985843300819397,0.32185855507850647,0.6539589166641235,-0.11210086941719055,0.3246225416660309,0.7157427668571472,-0.05963509902358055,0.3300844132900238,0.6804859638214111,-0.08719517290592194,0.3249346613883972,0.6650765538215637,-0.1037081778049469,0.3181016445159912,0.6536663770675659,-0.11637873947620392,0.3220890164375305,0.7246742844581604,-0.058250825852155685,0.32602402567863464,0.691522479057312,-0.079559825360775,0.3225545287132263,0.6767061948776245,-0.09418846666812897,0.31613174080848694,0.66603022813797,-0.10528574883937836,0.31817057728767395,0.7393555045127869,-0.05760208144783974,0.3215692937374115,0.714744508266449,-0.072186678647995,0.31957221031188965,0.6996485590934753,-0.08167284727096558,0.31467679142951965,0.6857236623764038,-0.09062410891056061,0.4859388470649719,0.2063351422548294,-0.0015072303358465433,0.5052502751350403,0.16959525644779205,0.0005049030296504498,0.5163120627403259,0.17223764955997467,0.005894170142710209,0.5272652506828308,0.1750597357749939,0.00186858547385782,0.4727586507797241,0.1634218990802765,0.006501463241875172,0.46184948086738586,0.16178753972053528,-0.0010368663351982832,0.45121192932128906,0.16023419797420502,-0.003277824493125081,0.5438860654830933,0.2043638527393341,-0.005188864655792713,0.4332411587238312,0.18586906790733337,-0.004777233116328716,0.5043717622756958,0.26767948269844055,0.0003063312324229628,0.46290868520736694,0.25968608260154724,-0.0041376762092113495,0.60602867603302,0.44144195318222046,-0.026966674253344536,0.35579511523246765,0.44640544056892395,0.026599448174238205,0.7154381275177002,0.7648813724517822,-0.10462365299463272,0.2619210481643677,0.7667014598846436,0.06788412481546402,0.5546138286590576,0.6138346791267395,-0.4732849895954132,0.30959847569465637,0.7587947249412537,-0.40164265036582947,0.5207412242889404,0.6156774163246155,0.0016843747580423951,0.3077009320259094,0.792930543422699,-0.0014068933669477701,0.4944685101509094,0.5646354556083679,0.004469359293580055,0.33200526237487793,0.7439104318618774,-0.0008786196121945977,0.5034873485565186,0.5788620114326477,-0.0013412723783403635,0.33698391914367676,0.7408344745635986,-0.00402744160965085,0.5736214518547058,1.0339634418487549,-0.0344139002263546,0.38357535004615784,1.0299608707427979,0.01994212530553341
400.0,,,,,,,,,,,,,,,,,,,,,,,,,,,,,,,,,,,,,,,,,,,,,,,,,,,,,,,,,,,,,,,,,,,,,,,,,,,,,,,,,,,,,,,,,,,,,,,,,,,,,,,,,,,,,,,,,,,,,,,,,,,,,,,0.48351022601127625,0.20594802498817444,-0.0017264081398025155,0.5036906003952026,0.16988661885261536,0.0002832635655067861,0.5148233771324158,0.17251136898994446,0.005648311693221331,0.5258576273918152,0.175289586186409,0.0018577177543193102,0.47119390964508057,0.16372255980968475,0.00633811391890049,0.46041473746299744,0.1620689332485199,-0.0010779249714687467,0.4499163329601288,0.16048933565616608,-0.0033014649525284767,0.5446297526359558,0.20454354584217072,-0.004915330559015274,0.43440327048301697,0.18550074100494385,-0.0044656917452812195,0.5029098987579346,0.2669393718242645,-7.33041379135102e-05,0.46174001693725586,0.25897642970085144,-0.004067263100296259,0.6057937145233154,0.4406518042087555,-0.02312546782195568,0.35788050293922424,0.4448288679122925,0.022830504924058914,0.7030106782913208,0.7644340991973877,-0.1431530863046646,0.2709733247756958,0.7621086239814758,0.06019950658082962,0.5444085001945496,0.5536322593688965,-0.4937642812728882,0.3348281681537628,0.732996940612793,-0.402308851480484,0.5151408910751343,0.5203238129615784,0.0016847369261085987,0.345319002866745,0.7548526525497437,-0.001439046347513795,0.49272361397743225,0.4792870879173279,0.004460103344172239,0.360046923160553,0.693474531173706,-0.0007336588460020721,0.4982188940048218,0.5015667676925659,-0.0013346729101613164,0.36157509684562683,0.6941145658493042,-0.003884850535541773,0.5693743228912354,1.0306422710418701,-0.06825661659240723,0.3814631700515747,1.028261423110962,-0.025349000468850136
416.6666666666667,0.5215498208999634,0.5957152843475342,-5.456254439195618e-05,0.4984711706638336,0.5837644338607788,-0.0033012195490300655,0.4826245605945587,0.5544257164001465,-0.01250037457793951,0.4771488904953003,0.5260918736457825,-0.02258060872554779,0.4808511734008789,0.5033819675445557,-0.03388742357492447,0.4885803759098053,0.5048419237136841,-0.014725497923791409,0.48177939653396606,0.4681469202041626,-0.029835376888513565,0.4722353518009186,0.4591204524040222,-0.03992057219147682,0.464584082365036,0.463945597410202,-0.04609409719705582,0.5024586915969849,0.5016670227050781,-0.02323877066373825,0.4902631938457489,0.4895218312740326,-0.03994427248835564,0.48621487617492676,0.5141862034797668,-0.04563504457473755,0.48614126443862915,0.5384209156036377,-0.049233969300985336,0.5168318152427673,0.5068104267120361,-0.03302880376577377,0.5014899969100952,0.5063125491142273,-0.05494796112179756,0.4982941150665283,0.5356686115264893,-0.058201927691698074,0.5005507469177246,0.5611302256584167,-0.05669684708118439,0.5311645865440369,0.5167680382728577,-0.04308765381574631,0.5149058103561401,0.5150068402290344,-0.05809050425887108,0.5084834098815918,0.5368589758872986,-0.058160196989774704,0.5077002644538879,0.5576567649841309,-0.05755173787474632,0.3312682807445526,0.7309725284576416,-6.226574441825505e-06,0.33608973026275635,0.6744614243507385,0.003952580504119396,0.3430834114551544,0.6296544671058655,-0.008921803906559944,0.346727192401886,0.5963261127471924,-0.02222253940999508,0.34676605463027954,0.563918948173523,-0.034519605338573456,0.34239301085472107,0.6343594193458557,-0.061334751546382904,0.3532602787017822,0.600849449634552,-0.08795098960399628,0.35627999901771545,0.5808613896369934,-0.0971437469124794,0.35646334290504456,0.5633320808410645,-0.10282379388809204,0.34645944833755493,0.6555822491645813,-0.07466176152229309,0.3577926456928253,0.624854326248169,-0.1101725623011589,0.360745906829834,0.6064670085906982,-0.12229360640048981,0.3599449098110199,0.5920223593711853,-0.13127756118774414,0.3512367606163025,0.6824564337730408,-0.0847448781132698,0.36449387669563293,0.6533479690551758,-0.11584239453077316,0.36709627509117126,0.6339450478553772,-0.1274695098400116,0.3656980097293854,0.6194663047790527,-0.13654476404190063,0.35760828852653503,0.7107109427452087,-0.09238902479410172,0.3707820177078247,0.6894195079803467,-0.115176260471344,0.3729736804962158,0.6732729077339172,-0.1281421035528183,0.37137067317962646,0.6597251296043396,-0.1395738571882248,0.4841154217720032,0.20594121515750885,-0.0017764295917004347,0.5043832063674927,0.1701183319091797,0.00011181438458152115,0.515516459941864,0.17266206443309784,0.0055252439342439175,0.5265442132949829,0.17534136772155762,0.0018700185464695096,0.4717739522457123,0.16408561170101166,0.006288344040513039,0.46101048588752747,0.1624670773744583,-0.0010888662654906511,0.45053189992904663,0.16091512143611908,-0.0033070978242903948,0.5452674031257629,0.20410826802253723,-0.004777227528393269,0.4352917969226837,0.1853693723678589,-0.0043422202579677105,0.5037112832069397,0.26658305525779724,-0.00024373963242396712,0.4626498818397522,0.2588638365268707,-0.0040392158553004265,0.6061035990715027,0.4405100643634796,-0.022402876988053322,0.35897523164749146,0.44310975074768066,0.022127799689769745,0.7028048634529114,0.7616697549819946,-0.1343967765569687,0.27418553829193115,0.7669359445571899,0.04893393814563751,0.5451039671897888,0.5543220639228821,-0.48420414328575134,0.3378220200538635,0.72697514295578,-0.4109632968902588,0.5153838992118835,0.5266777873039246,0.0016826596111059189,0.34915462136268616,0.7437335252761841,-0.0015102809993550181,0.49238121509552,0.48339900374412537,0.004459461662918329,0.363387793302536,0.6814002990722656,-0.0005243432242423296,0.49837052822113037,0.504493236541748,-0.00133520329836756,0.3648792803287506,0.6837302446365356,-0.003809492103755474,0.5692625045776367,1.027645230293274,-0.0531291663646698,0.38120436668395996,1.0240565538406372,-0.010186661034822464
433.33333333333337,0.5351213812828064,0.5690864324569702,7.49235960029182e-06,0.49905821681022644,0.548801600933075,0.013495639897882938,0.48038730025291443,0.5124772787094116,0.014705442823469639,0.4705338478088379,0.4813973307609558,0.008843488059937954,0.4636889100074768,0.4526616930961609,0.0035119825042784214,0.49217990040779114,0.47493976354599,0.016173066571354866,0.47828471660614014,0.4635981023311615,0.006301952060312033,0.47375184297561646,0.4843124449253082,0.00029618138796649873,0.47569671273231506,0.5033947229385376,-0.0008290949044749141,0.5028536915779114,0.4692303240299225,0.004660598933696747,0.4842913746833801,0.462079256772995,0.000762771291192621,0.47809842228889465,0.48347344994544983,-0.007825304754078388,0.48075392842292786,0.5027406811714172,-0.015400655567646027,0.5136587619781494,0.4658506214618683,-0.008350864052772522,0.49421849846839905,0.4545039236545563,-0.012752999551594257,0.4866635203361511,0.4779266119003296,-0.014116395264863968,0.48976486921310425,0.5034602284431458,-0.015520230866968632,0.524134635925293,0.4669835865497589,-0.021022889763116837,0.5058143734931946,0.4503239691257477,-0.02582111768424511,0.4961766004562378,0.4667007327079773,-0.027042381465435028,0.4949800372123718,0.4902680218219757,-0.02754650078713894,0.33941689133644104,0.7208178639411926,-7.039744559733663e-06,0.3400198221206665,0.6719712018966675,-0.015566798858344555,0.3484213054180145,0.636325478553772,-0.03073813207447529,0.3553619384765625,0.6113447546958923,-0.04321544989943504,0.36159470677375793,0.5845434665679932,-0.05380791053175926,0.35579973459243774,0.6309124827384949,-0.052350450307130814,0.3655763566493988,0.6034294962882996,-0.07383683323860168,0.3718123435974121,0.58021080493927,-0.08494389057159424,0.3780316412448883,0.5589357614517212,-0.09307873249053955,0.36309289932250977,0.644009530544281,-0.053803831338882446,0.37449386715888977,0.6145005226135254,-0.07665346562862396,0.3821587860584259,0.5886765122413635,-0.08763844519853592,0.38916894793510437,0.5646799802780151,-0.09576218575239182,0.3681102693080902,0.6599329113960266,-0.0546066015958786,0.38107040524482727,0.6317488551139832,-0.07408323138952255,0.3894616961479187,0.6079624891281128,-0.08479706197977066,0.3962816596031189,0.5873991250991821,-0.09119535237550735,0.37210506200790405,0.6797742247581482,-0.05552339553833008,0.38456687331199646,0.6597235202789307,-0.07003259658813477,0.3915548026561737,0.6425051689147949,-0.07724784314632416,0.39657238125801086,0.6263607144355774,-0.08284321427345276,0.4844474196434021,0.2093430608510971,-0.001885102828964591,0.5050486326217651,0.1731874793767929,-0.00038349087117239833,0.5161299109458923,0.17535683512687683,0.005408672150224447,0.5271094441413879,0.17768269777297974,0.0017125648446381092,0.47276777029037476,0.16831646859645844,0.006240620277822018,0.46218347549438477,0.16712135076522827,-0.0010935583850368857,0.4518771767616272,0.16599267721176147,-0.0033124438486993313,0.5470746159553528,0.20565453171730042,-0.004617786966264248,0.4388154149055481,0.1895870715379715,-0.004018126986920834,0.5047159194946289,0.26897749304771423,-0.0005549077177420259,0.46418797969818115,0.2626573145389557,-0.004033374600112438,0.6077969074249268,0.443341463804245,-0.03022904507815838,0.3640960454940796,0.4444013833999634,0.02988053858280182,0.6962381601333618,0.7548256516456604,-0.23673421144485474,0.281478613615036,0.7798411846160889,-0.006677653640508652,0.5321865081787109,0.5039016604423523,-0.47458159923553467,0.3604084849357605,0.6877397894859314,-0.4213877022266388,0.506757378578186,0.44467198848724365,0.0017154947854578495,0.3708505928516388,0.6719405055046082,-0.0015422992873936892,0.4895119071006775,0.41716936230659485,0.004457734990864992,0.38175690174102783,0.6170190572738647,-7.781377644278109e-05,0.49386072158813477,0.44710516929626465,-0.001317436806857586,0.3840266764163971,0.6309822797775269,-0.0036448915489017963,0.5678106546401978,1.0290889739990234,-0.0389675498008728,0.3821883201599121,1.0220242738723755,0.0028316962998360395
450.0,0.5267695784568787,0.5633899569511414,1.4700896144859144e-06,0.49382758140563965,0.5442364811897278,0.013201615773141384,0.4765040874481201,0.5076102614402771,0.014066279865801334,0.46857330203056335,0.47668108344078064,0.006887981202453375,0.4660451114177704,0.4508123993873596,9.562276682117954e-05,0.49049463868141174,0.4682581424713135,0.019682705402374268,0.4775986075401306,0.4505562484264374,0.006777159869670868,0.4726080596446991,0.4734318256378174,-0.0032357252202928066,0.4746175706386566,0.49239686131477356,-0.006891353987157345,0.50081866979599,0.46267005801200867,0.007418780587613583,0.48374372720718384,0.44914448261260986,-0.0012763426639139652,0.47831737995147705,0.47746381163597107,-0.011679977178573608,0.4813636541366577,0.4982894957065582,-0.017473828047513962,0.5112382769584656,0.45972949266433716,-0.00711427628993988,0.49292901158332825,0.4438842833042145,-0.013517188839614391,0.48643121123313904,0.4717378616333008,-0.015029597096145153,0.49032750725746155,0.4956855773925781,-0.014867088757455349,0.5211934447288513,0.46209344267845154,-0.021387534216046333,0.5041232705116272,0.4445399343967438,-0.02693808451294899,0.4953930675983429,0.4636317491531372,-0.026662537828087807,0.4955064058303833,0.48725590109825134,-0.024355418980121613,0.34177953004837036,0.7045044898986816,-2.287401002831757e-05,0.360791951417923,0.6809751987457275,-0.013799557462334633,0.37636059522628784,0.6582809686660767,-0.02803894691169262,0.3860100209712982,0.6389412879943848,-0.03948662802577019,0.39306122064590454,0.6173765659332275,-0.05025916174054146,0.37731316685676575,0.6525505185127258,-0.055975787341594696,0.39141902327537537,0.63437420129776,-0.07775507867336273,0.3995511829853058,0.6154652833938599,-0.08912080526351929,0.4065187871456146,0.5957886576652527,-0.09731296449899673,0.36961299180984497,0.6504617929458618,-0.05736643821001053,0.3823719322681427,0.6270493268966675,-0.08211663365364075,0.3896479904651642,0.6014121174812317,-0.09330562502145767,0.39553001523017883,0.579168438911438,-0.10136034339666367,0.3598189949989319,0.6502571702003479,-0.05725374445319176,0.36958324909210205,0.6240502595901489,-0.07975613325834274,0.37547117471694946,0.600583016872406,-0.09133132547140121,0.37946587800979614,0.5827900171279907,-0.0991484746336937,0.3495294153690338,0.6525618433952332,-0.05716034397482872,0.3549884557723999,0.6304218769073486,-0.0747954472899437,0.35843712091445923,0.6148090362548828,-0.08458881825208664,0.36128270626068115,0.6025460958480835,-0.09196822345256805,0.48314368724823,0.20861826837062836,-0.0019498011097311974,0.5042783617973328,0.17306815087795258,-0.0005484336870722473,0.5154018402099609,0.17536430060863495,0.005400131922215223,0.5264352560043335,0.17780566215515137,0.0016806398052722216,0.47205850481987,0.16781701147556305,0.006231704261153936,0.461515337228775,0.16646705567836761,-0.0011095436057075858,0.4512510895729065,0.1651834398508072,-0.003369700163602829,0.5467393398284912,0.20614171028137207,-0.004522622097283602,0.4387601613998413,0.18861018121242523,-0.0038873611483722925,0.5035191774368286,0.26818257570266724,-0.0008123377338051796,0.462972491979599,0.2613693177700043,-0.003967206459492445,0.6057830452919006,0.44320032000541687,-0.02894473634660244,0.3641616404056549,0.44119444489479065,0.02859465591609478,0.6952475309371948,0.7567800283432007,-0.2253367006778717,0.283844530582428,0.7814508676528931,-0.01218989584594965,0.5344282984733582,0.5060905814170837,-0.48340028524398804,0.3655031621456146,0.6826068162918091,-0.4343741238117218,0.5124527215957642,0.44452717900276184,0.0017654264811426401,0.3745775818824768,0.6628614068031311,-0.0015859465347602963,0.4954322576522827,0.4197152256965637,0.004448222927749157,0.38421130180358887,0.6116447448730469,0.00012158752360846847,0.498304545879364,0.44963881373405457,-0.0013047909596934915,0.38681161403656006,0.6264063119888306,-0.003558955155313015,0.5652467012405396,1.023758888244629,-0.07358801364898682,0.38212424516677856,1.014893651008606,-0.04205910488963127
466.6666666666667,0.5207761526107788,0.5572621822357178,-1.0504854799364693e-05,0.4882175028324127,0.5354431867599487,0.009463542141020298,0.4713970124721527,0.4973233640193939,0.011025807820260525,0.465485543012619,0.4656597971916199,0.005405562464147806,0.4655695855617523,0.43972641229629517,-0.0014305856311693788,0.4877292513847351,0.4564639627933502,0.017960837110877037,0.47504347562789917,0.4409630000591278,0.0045460923574864864,0.47043824195861816,0.46540117263793945,-0.005905879661440849,0.47133758664131165,0.4849131107330322,-0.01005912758409977,0.4986543357372284,0.45187851786613464,0.00791556853801012,0.4816678762435913,0.4408869445323944,-0.0027955735567957163,0.4766371250152588,0.4706087112426758,-0.014985092915594578,0.47923779487609863,0.4947206676006317,-0.02090218849480152,0.5100429654121399,0.4505161643028259,-0.004745271988213062,0.4916756749153137,0.43950724601745605,-0.01354692317545414,0.4858209192752838,0.46665099263191223,-0.01803816668689251,0.48872125148773193,0.49084025621414185,-0.019254636019468307,0.5207396745681763,0.454624205827713,-0.017110439017415047,0.5024797916412354,0.4401768445968628,-0.02550974115729332,0.493263840675354,0.4593498706817627,-0.026498565450310707,0.49151065945625305,0.4829544723033905,-0.024786949157714844,0.3414483368396759,0.6917613744735718,-4.402865215524798e-06,0.3545624911785126,0.670615553855896,-0.011501727625727654,0.3661927282810211,0.6485996246337891,-0.026323528960347176,0.37335294485092163,0.6329967975616455,-0.0371427908539772,0.3790511190891266,0.6190542578697205,-0.047083381563425064,0.36959710717201233,0.6412505507469177,-0.05566659942269325,0.3839433193206787,0.6232574582099915,-0.07663018256425858,0.39305251836776733,0.6076542139053345,-0.08889123797416687,0.4000886082649231,0.5919477939605713,-0.0973341092467308,0.36663132905960083,0.6465839743614197,-0.056340403854846954,0.38057056069374084,0.6241945028305054,-0.07940657436847687,0.3893994390964508,0.6045937538146973,-0.08951345086097717,0.3954302966594696,0.5859260559082031,-0.09627831727266312,0.361233115196228,0.6532353758811951,-0.05413597449660301,0.3728429973125458,0.630359411239624,-0.07273364812135696,0.3804837465286255,0.611791729927063,-0.08058375120162964,0.38511213660240173,0.5960800051689148,-0.08549435436725616,0.35489189624786377,0.6612716913223267,-0.05169300362467766,0.36414074897766113,0.6425025463104248,-0.0633629634976387,0.3697601854801178,0.6288549304008484,-0.06828752905130386,0.37397974729537964,0.6166187524795532,-0.0711994543671608,0.4834565818309784,0.20878838002681732,-0.001978915650397539,0.5049378275871277,0.17372551560401917,-0.000743651413358748,0.5161473155021667,0.17617379128932953,0.0053956457413733006,0.5272675156593323,0.17876890301704407,0.001652018167078495,0.47255632281303406,0.16813872754573822,0.006221179384738207,0.46196475625038147,0.16668564081192017,-0.001135137164965272,0.4516524374485016,0.16530005633831024,-0.00339557696133852,0.547663688659668,0.20773741602897644,-0.004461757373064756,0.4392138123512268,0.18899884819984436,-0.0037616214249283075,0.5039025545120239,0.2688533663749695,-0.0010217459639534354,0.4630807638168335,0.2615829408168793,-0.00392564432695508,0.6067519187927246,0.445376455783844,-0.029532363638281822,0.36437341570854187,0.44269660115242004,0.029180029407143593,0.6966121792793274,0.755763590335846,-0.24117079377174377,0.2838079035282135,0.7842761874198914,-0.017792554572224617,0.5347960591316223,0.5052215456962585,-0.4816935062408447,0.3661147654056549,0.6809287667274475,-0.4352833032608032,0.513478696346283,0.44355419278144836,0.0018218292389065027,0.3744892179965973,0.6604093909263611,-0.001590080326423049,0.49584993720054626,0.4200369715690613,0.004434898961335421,0.38461312651634216,0.6103025078773499,0.0003185036184731871,0.49873027205467224,0.4502321481704712,-0.0012968125520274043,0.3874756991863251,0.625954806804657,-0.003458963939920068,0.5666577816009521,1.0237778425216675,-0.06965161114931107,0.38341277837753296,1.0149204730987549,-0.03780857473611832
483.3333333333333,,,,,,,,,,,,,,,,,,,,,,,,,,,,,,,,,,,,,,,,,,,,,,,,,,,,,,,,,,,,,,,,0.5254240036010742,0.5334128737449646,1.0964442481053993e-05,0.5022518634796143,0.5211583375930786,-0.008428504690527916,0.48937126994132996,0.49728187918663025,-0.018640048801898956,0.48386651277542114,0.47550705075263977,-0.02960001491010189,0.480164498090744,0.45224878191947937,-0.04014044627547264,0.49304309487342834,0.45300865173339844,-0.018321238458156586,0.4821632206439972,0.43508249521255493,-0.030128471553325653,0.47619277238845825,0.4475692808628082,-0.04003791883587837,0.4750862717628479,0.4627668857574463,-0.04555079713463783,0.5000137090682983,0.4429408609867096,-0.019681647419929504,0.48481494188308716,0.4281587600708008,-0.026676001027226448,0.47753557562828064,0.442373126745224,-0.0348491407930851,0.47774893045425415,0.45658302307128906,-0.04217169061303139,0.5075258016586304,0.43638578057289124,-0.02239346131682396,0.49118512868881226,0.4194689989089966,-0.029734117910265923,0.4846525490283966,0.4349011778831482,-0.03226397559046745,0.4867410957813263,0.4539163112640381,-0.034012652933597565,0.5150775909423828,0.43363478779792786,-0.025685276836156845,0.5007408261299133,0.41545793414115906,-0.03253219276666641,0.4933403432369232,0.42395323514938354,-0.0343395471572876,0.49282434582710266,0.4397803544998169,-0.03557655215263367,0.4829632341861725,0.20856444537639618,-0.0019842844922095537,0.5046396255493164,0.1741873323917389,-0.0009062307653948665,0.5157016515731812,0.17668195068836212,0.005366422235965729,0.526679277420044,0.17932283878326416,0.0014980181585997343,0.4724324941635132,0.16861188411712646,0.0061996374279260635,0.4619632363319397,0.16721701622009277,-0.001149335759691894,0.4517732858657837,0.16589227318763733,-0.0034152017906308174,0.5477001667022705,0.20852649211883545,-0.004364670254290104,0.439723402261734,0.1896669715642929,-0.0035995349753648043,0.503207802772522,0.26878952980041504,-0.0013411331456154585,0.4630056321620941,0.26158714294433594,-0.003908106125891209,0.6058777570724487,0.4459070563316345,-0.03213406726717949,0.36487287282943726,0.4415052533149719,0.031761202961206436,0.6855021715164185,0.7486746907234192,-0.26085373759269714,0.2845194637775421,0.7787579298019409,-0.03456201031804085,0.5296328663825989,0.4725632965564728,-0.47525671124458313,0.38004690408706665,0.6483830213546753,-0.4233122169971466,0.506788432598114,0.4031227231025696,0.0018497905693948269,0.391042023897171,0.6221912503242493,-0.0016306231264024973,0.4915565848350525,0.3821524977684021,0.004391273949295282,0.40336865186691284,0.5764060020446777,0.0005124848103150725,0.4945891797542572,0.41509518027305603,-0.0012907489435747266,0.40478459000587463,0.5943329930305481,-0.0033666719682514668,0.566105842590332,1.0211986303329468,-0.07613518834114075,0.38101884722709656,1.0104886293411255,-0.02626105584204197
500.0,0.3721395432949066,0.6298996806144714,-1.384608094667783e-05,0.3735119104385376,0.5662931203842163,0.006066859699785709,0.382840096950531,0.5112647414207458,-0.006618685554713011,0.3864017426967621,0.46883606910705566,-0.01790265366435051,0.3816542327404022,0.4358309805393219,-0.029631033539772034,0.38410910964012146,0.5321637988090515,-0.06914520263671875,0.39994192123413086,0.4928605854511261,-0.09983335435390472,0.4085538685321808,0.4660901725292206,-0.11020581424236298,0.4155569076538086,0.4438355267047882,-0.11527833342552185,0.3921077847480774,0.5614765882492065,-0.08047478646039963,0.4095889627933502,0.5193787813186646,-0.11859460920095444,0.4167799651622772,0.4900623559951782,-0.12832336127758026,0.4222518801689148,0.46555301547050476,-0.1328791081905365,0.4009424149990082,0.5943810939788818,-0.08787258714437485,0.42014211416244507,0.5596327781677246,-0.11639074981212616,0.425419420003891,0.5292618870735168,-0.12435773760080338,0.4272763729095459,0.5036474466323853,-0.12976659834384918,0.4091638922691345,0.6256644129753113,-0.09189394116401672,0.4266391098499298,0.6027980446815491,-0.11631552875041962,0.4305138885974884,0.5785530805587769,-0.1280364841222763,0.4317658245563507,0.5553243160247803,-0.1360379457473755,0.5212418437004089,0.5205131769180298,1.0578004548733588e-05,0.4945778250694275,0.5063701272010803,0.01021428033709526,0.48135024309158325,0.47657153010368347,0.009621127508580685,0.4746346175670624,0.4498041570186615,0.00280170189216733,0.46768373250961304,0.4260832369327545,-0.0039368001744151115,0.4900754690170288,0.4398081600666046,0.010701501742005348,0.4770096242427826,0.4288999140262604,-0.0005184086039662361,0.473271906375885,0.4478304088115692,-0.009515789337456226,0.4760414659976959,0.46435585618019104,-0.012211093679070473,0.49808433651924133,0.4311176836490631,0.0010509330313652754,0.48124268651008606,0.426510751247406,-0.005365441087633371,0.4770866632461548,0.4490443766117096,-0.015589924529194832,0.4806716740131378,0.46536096930503845,-0.022814761847257614,0.5066344738006592,0.4239962100982666,-0.01018279418349266,0.4890456199645996,0.4164844751358032,-0.015438641421496868,0.4845486283302307,0.4404987096786499,-0.01915859803557396,0.48937487602233887,0.4600103795528412,-0.020865337923169136,0.515341579914093,0.42053112387657166,-0.020489979535341263,0.49911725521087646,0.4089460074901581,-0.02549954131245613,0.4931086599826813,0.42473870515823364,-0.02701554447412491,0.49496710300445557,0.4415189027786255,-0.026960495859384537,0.4832436740398407,0.2085598260164261,-0.0019848786760121584,0.5046790838241577,0.1743553727865219,-0.0010249969782307744,0.5157026648521423,0.17679356038570404,0.005328280385583639,0.5266439914703369,0.17937803268432617,0.0014145044842734933,0.47257673740386963,0.16899040341377258,0.006180174648761749,0.46212321519851685,0.16770008206367493,-0.0011705812066793442,0.4519471526145935,0.16648413240909576,-0.0034253420308232307,0.5477304458618164,0.20856493711471558,-0.004331453237682581,0.4400074779987335,0.19043049216270447,-0.003491652198135853,0.5035757422447205,0.26858383417129517,-0.0015112677356228232,0.4634735882282257,0.26169347763061523,-0.003896670415997505,0.6059091091156006,0.44595402479171753,-0.033869728446006775,0.36573538184165955,0.44088444113731384,0.03350065276026726,0.6825594305992126,0.7467452883720398,-0.2629413306713104,0.2853134870529175,0.7759380340576172,-0.036622725427150726,0.5280761122703552,0.4691149592399597,-0.4740840196609497,0.3815155029296875,0.6430035829544067,-0.42078185081481934,0.5049154758453369,0.40059664845466614,0.0018612596904858947,0.3923444449901581,0.6184651851654053,-0.0016522330697625875,0.49023759365081787,0.3794179856777191,0.004371213261038065,0.40495234727859497,0.5733339190483093,0.0006139412871561944,0.4931914210319519,0.4122655391693115,-0.001287994789890945,0.4064836800098419,0.5910601019859314,-0.0033025029115378857,0.565014123916626,1.0197384357452393,-0.07027233392000198,0.38081076741218567,1.0080915689468384,-0.01470065675675869
516.6666666666667,0.3834417760372162,0.625564455986023,-1.8894759250542847e-06,0.4164251685142517,0.5998551249504089,0.0031814163085073233,0.43459972739219666,0.5629597902297974,0.001978488638997078,0.4430919587612152,0.5254361033439636,0.002760672476142645,0.4475457966327667,0.4910471737384796,0.002407290041446686,0.419866144657135,0.5389716625213623,-0.01471143588423729,0.4269499182701111,0.4924388527870178,-0.014164768159389496,0.4296009838581085,0.4587066173553467,-0.01619388349354267,0.4307726323604584,0.4287518858909607,-0.0215354785323143,0.4079722762107849,0.5303486585617065,-0.01393667608499527,0.4171888828277588,0.4793146252632141,-0.014089812524616718,0.4227638244628906,0.44491299986839294,-0.01704823412001133,0.42734238505363464,0.4154481887817383,-0.023494718596339226,0.39652732014656067,0.5273533463478088,-0.011631593108177185,0.40644317865371704,0.4769805073738098,-0.012465220876038074,0.4131651818752289,0.4454028010368347,-0.0169613566249609,0.4182920753955841,0.4188143014907837,-0.023671811446547508,0.38633808493614197,0.529941201210022,-0.007701427675783634,0.39626944065093994,0.4897661805152893,-0.008587481454014778,0.4015057384967804,0.46776530146598816,-0.011273911222815514,0.4060467779636383,0.44673362374305725,-0.016630930826067924,0.5160844326019287,0.5121637582778931,1.4108668437984306e-05,0.48973047733306885,0.49362412095069885,0.005547043401747942,0.47540247440338135,0.4624479115009308,0.007080897223204374,0.46871066093444824,0.43512675166130066,0.003784418571740389,0.46497848629951477,0.41078805923461914,0.0003030050138477236,0.48741111159324646,0.4376905560493469,0.013108487240970135,0.48039141297340393,0.42095524072647095,0.007344917394220829,0.47463953495025635,0.42788997292518616,-0.0024138190783560276,0.472040057182312,0.43828296661376953,-0.008754663169384003,0.49796023964881897,0.4293399751186371,0.006570800207555294,0.4866272807121277,0.41475534439086914,0.004307799972593784,0.48038777709007263,0.425961971282959,-0.006454140413552523,0.47933727502822876,0.4381939470767975,-0.014437227509915829,0.5084700584411621,0.4231407046318054,-0.001142126158811152,0.4962114989757538,0.4040404260158539,-0.0046635898761451244,0.48989078402519226,0.4180717170238495,-0.00934520736336708,0.489566445350647,0.4353649318218231,-0.012497302144765854,0.5187824964523315,0.41917872428894043,-0.008752943016588688,0.5091125965118408,0.3982349932193756,-0.013276449404656887,0.5003221035003662,0.4040016829967499,-0.014742020517587662,0.4955369532108307,0.41809800267219543,-0.014792468398809433,0.48503991961479187,0.2068527638912201,-0.0019847445655614138,0.5059667229652405,0.17301590740680695,-0.0010524543467909098,0.5169386267662048,0.17550358176231384,0.005293898284435272,0.5278316140174866,0.17813152074813843,0.001279788208194077,0.4738076329231262,0.16749823093414307,0.00618715351447463,0.46318915486335754,0.16616693139076233,-0.0011805559042841196,0.4528508484363556,0.16491109132766724,-0.003428374882787466,0.5475499033927917,0.20745441317558289,-0.0042712995782494545,0.43946582078933716,0.18879805505275726,-0.0033693956211209297,0.504582405090332,0.2666083872318268,-0.001757477642968297,0.4642540514469147,0.25954970717430115,-0.003882234450429678,0.603355884552002,0.44441309571266174,-0.030847659334540367,0.3635346591472626,0.4363330006599426,0.030534474179148674,0.6766576766967773,0.7437324523925781,-0.24048295617103577,0.2869836986064911,0.7690258026123047,-0.05752485617995262,0.5265330076217651,0.46181175112724304,-0.47182321548461914,0.39639902114868164,0.620047926902771,-0.42761895060539246,0.5041455626487732,0.39118140935897827,0.0018731259042397141,0.41342252492904663,0.5913029313087463,-0.0017049111193045974,0.4938161075115204,0.3685935437679291,0.004271732177585363,0.4230017364025116,0.5445577502250671,0.0007352596730925143,0.49621492624282837,0.4011896848678589,-0.0013079388299956918,0.42226436734199524,0.5634704232215881,-0.0031985328532755375,0.5629252791404724,1.0144368410110474,-0.07129865884780884,0.3797779977321625,1.003186583518982,-0.030421636998653412
533.3333333333334,0.38857731223106384,0.6179451942443848,-2.3107622837414965e-05,0.41925591230392456,0.596386730670929,-0.004849143326282501,0.43681496381759644,0.5589323043823242,-0.010226830840110779,0.4417724311351776,0.5159944891929626,-0.010363767854869366,0.4398397207260132,0.47871050238609314,-0.009802392683923244,0.4207092523574829,0.5344340205192566,-0.04030284285545349,0.4279177784919739,0.4831241965293884,-0.046222470700740814,0.430473655462265,0.4498855471611023,-0.050165001302957535,0.43183577060699463,0.4193684756755829,-0.05602862313389778,0.40855976939201355,0.5251954793930054,-0.03658232092857361,0.4178824722766876,0.46998104453086853,-0.0457458570599556,0.4235645830631256,0.4351573884487152,-0.050590530037879944,0.42778661847114563,0.4036620259284973,-0.057448677718639374,0.3977014124393463,0.522026538848877,-0.0302474033087492,0.40714165568351746,0.4680940508842468,-0.03731756657361984,0.41461220383644104,0.43602514266967773,-0.041915684938430786,0.419980525970459,0.410238653421402,-0.04873529449105263,0.3881601095199585,0.5234798789024353,-0.022340452298521996,0.39766615629196167,0.4807022213935852,-0.02939506061375141,0.4026837646961212,0.4577372968196869,-0.03301413357257843,0.4070955812931061,0.43719539046287537,-0.039533425122499466,0.5118365287780762,0.5043043494224548,1.799255915102549e-05,0.4841318130493164,0.48606815934181213,0.01010732538998127,0.4701486825942993,0.4540763795375824,0.01383819431066513,0.4654283821582794,0.4243832230567932,0.011104232631623745,0.4636305570602417,0.40172696113586426,0.00789530761539936,0.4825568199157715,0.4253738224506378,0.02326229400932789,0.4744030237197876,0.4125240445137024,0.013030619360506535,0.4713289141654968,0.4279423654079437,0.002384134568274021,0.47276580333709717,0.4422191083431244,-0.0019708946347236633,0.4938907325267792,0.41674038767814636,0.015453461557626724,0.4813523590564728,0.40532559156417847,0.008865509182214737,0.478397011756897,0.4281713664531708,-0.0013586877612397075,0.48191818594932556,0.44386205077171326,-0.00607930775731802,0.5061801075935364,0.4114527702331543,0.005733880214393139,0.49290451407432556,0.39924076199531555,-0.0017374495510011911,0.489294171333313,0.4238061308860779,-0.0035019218921661377,0.49272817373275757,0.4415142834186554,-0.0016843749908730388,0.5183233022689819,0.40910401940345764,-0.0032051200978457928,0.5055298209190369,0.39497578144073486,-0.009356229566037655,0.4989336133003235,0.4104000926017761,-0.008353576064109802,0.49846774339675903,0.42706096172332764,-0.0036014432553201914,0.48369646072387695,0.20721402764320374,-0.001981128938496113,0.5046085119247437,0.17339229583740234,-0.0010673822835087776,0.5155783295631409,0.17589783668518066,0.005269003566354513,0.5264705419540405,0.17853698134422302,0.001239065662957728,0.4726269543170929,0.16781556606292725,0.006198797840625048,0.46206134557724,0.16646510362625122,-0.0011901829857379198,0.45177072286605835,0.1651924103498459,-0.0034285394940525293,0.5463435053825378,0.20792081952095032,-0.004228834528476,0.4386290907859802,0.18909914791584015,-0.003352445550262928,0.5033461451530457,0.26686567068099976,-0.0019081687787547708,0.4631156027317047,0.2598060071468353,-0.0038712103851139545,0.6023635268211365,0.4423750638961792,-0.027666719630360603,0.3635033071041107,0.4348694682121277,0.027342578396201134,0.6726950407028198,0.7418324947357178,-0.23886428773403168,0.28897735476493835,0.7668776512145996,-0.05714505538344383,0.5249770283699036,0.4643354117870331,-0.4677037000656128,0.40067434310913086,0.6165803074836731,-0.4237002432346344,0.5036244988441467,0.39710626006126404,0.0018731639720499516,0.41708117723464966,0.5878803730010986,-0.0017771603306755424,0.49417605996131897,0.37329480051994324,0.004204356111586094,0.42687565088272095,0.5418881773948669,0.0007744806935079396,0.4964873194694519,0.40491634607315063,-0.001342844101600349,0.4262996315956116,0.5607582330703735,-0.0030901923310011625,0.564066469669342,1.011305809020996,-0.06415804475545883,0.381916344165802,1.0015937089920044,-0.024435531347990036
550.0,0.39073967933654785,0.6113401651382446,-2.7235268134973012e-05,0.42050033807754517,0.594277560710907,-0.007938981056213379,0.43815159797668457,0.5589055418968201,-0.014029801823198795,0.4431750178337097,0.5150334239006042,-0.013326269574463367,0.44110962748527527,0.47969478368759155,-0.012243942357599735,0.4223010241985321,0.534791886806488,-0.04865712672472,0.4302976727485657,0.48014914989471436,-0.055389031767845154,0.4324692487716675,0.44590452313423157,-0.05818831920623779,0.4328351616859436,0.4156818389892578,-0.06152708828449249,0.4092631936073303,0.522948145866394,-0.04088875651359558,0.4183638393878937,0.4645093083381653,-0.048874642699956894,0.42321839928627014,0.430006206035614,-0.04984083026647568,0.42703765630722046,0.40042224526405334,-0.05358678847551346,0.3979273736476898,0.5176281332969666,-0.029488319531083107,0.40641725063323975,0.4629520773887634,-0.03572086617350578,0.41350817680358887,0.4321591556072235,-0.0371098667383194,0.4185831844806671,0.40884506702423096,-0.04074462130665779,0.38844427466392517,0.5172288417816162,-0.01687091775238514,0.3965403735637665,0.4729950428009033,-0.022538434714078903,0.4009251892566681,0.4503859877586365,-0.023508138954639435,0.40453192591667175,0.4319424629211426,-0.028009245172142982,0.5068854689598083,0.4971534013748169,6.446508450608235e-06,0.47975170612335205,0.4811273217201233,0.007823487743735313,0.4659140110015869,0.4476361572742462,0.009774066507816315,0.46307826042175293,0.41658878326416016,0.005779731553047895,0.46473944187164307,0.39437028765678406,0.0010207982268184423,0.47962686419487,0.4150660037994385,0.019809430465102196,0.47175469994544983,0.40267884731292725,0.005675022024661303,0.4697592854499817,0.4221990704536438,-0.005671139806509018,0.47269415855407715,0.4400595426559448,-0.00967375934123993,0.4917777478694916,0.40782198309898376,0.012442994862794876,0.48004746437072754,0.39625799655914307,0.002633043099194765,0.47711992263793945,0.42181098461151123,-0.005973998922854662,0.48097091913223267,0.4409412145614624,-0.008903826586902142,0.5048433542251587,0.404885470867157,0.002368513960391283,0.492244690656662,0.3924390375614166,-0.007598017808049917,0.48798874020576477,0.41794487833976746,-0.009181351400911808,0.49098315834999084,0.4371260702610016,-0.006818422116339207,0.5182212591171265,0.405176043510437,-0.007139244582504034,0.5049771070480347,0.39001795649528503,-0.015075466595590115,0.49745404720306396,0.4072020351886749,-0.014506066218018532,0.4960610866546631,0.42595094442367554,-0.01006811112165451,0.4823072552680969,0.20831821858882904,-0.001962126698344946,0.5034909248352051,0.1740223914384842,-0.0010674381628632545,0.5145028233528137,0.17652152478694916,0.005239810328930616,0.5254390239715576,0.17915496230125427,0.0011532632634043694,0.4716220498085022,0.1684277206659317,0.006228076759725809,0.4610818922519684,0.16703824698925018,-0.0012264054967090487,0.4508134424686432,0.16572783887386322,-0.003429797710850835,0.5456565022468567,0.20832104980945587,-0.004206613637506962,0.4382172226905823,0.1893519014120102,-0.0033206504303961992,0.5021642446517944,0.2677886486053467,-0.001999273430556059,0.4620007276535034,0.26066601276397705,-0.003838357049971819,0.6020892262458801,0.4424459934234619,-0.02762356400489807,0.36379462480545044,0.4344307482242584,0.027302047237753868,0.6719812154769897,0.7410724759101868,-0.24220724403858185,0.2882709801197052,0.7658500075340271,-0.06272894889116287,0.5255860090255737,0.4660649001598358,-0.46857959032058716,0.3992135226726532,0.6091223359107971,-0.42331743240356445,0.5043243169784546,0.39848220348358154,0.0018754837801679969,0.41719260811805725,0.5791747570037842,-0.0018075371626764536,0.4953542947769165,0.37454527616500854,0.0041746823117136955,0.42677438259124756,0.5323871374130249,0.0008034007623791695,0.49755004048347473,0.4063703417778015,-0.001380288042128086,0.4261464774608612,0.5523337721824646,-0.0030448054894804955,0.5642821192741394,1.012626051902771,-0.055512573570013046,0.3837316036224365,1.0034042596817017,-0.012468614615499973
566.6666666666666,0.3911197781562805,0.6005926132202148,-2.0881276213913225e-05,0.3866592049598694,0.5422245860099792,0.022985471412539482,0.3933962881565094,0.49463680386543274,0.029260456562042236,0.3986820876598358,0.45584458112716675,0.031655147671699524,0.3986221253871918,0.42020702362060547,0.031014807522296906,0.4049470126628876,0.49460679292678833,0.004287503194063902,0.4109271466732025,0.45182085037231445,0.005477247294038534,0.41128453612327576,0.42427846789360046,0.006209851708263159,0.4095262885093689,0.40325671434402466,0.005323879886418581,0.4151153266429901,0.5056192278862,-0.007319827564060688,0.4217201769351959,0.45674052834510803,-0.008103974163532257,0.4234394431114197,0.4260672926902771,-0.008970266208052635,0.42296987771987915,0.3999265134334564,-0.010586810298264027,0.4234241545200348,0.5219817161560059,-0.01587051711976528,0.43225976824760437,0.4738919734954834,-0.016893237829208374,0.4347977638244629,0.4441704750061035,-0.017163006588816643,0.4344639778137207,0.41820526123046875,-0.019128723070025444,0.4306688904762268,0.5421010255813599,-0.02186589501798153,0.440741628408432,0.5055151581764221,-0.02503913640975952,0.4439813494682312,0.4816158413887024,-0.02568637765944004,0.44427332282066345,0.45680686831474304,-0.027148814871907234,0.500129222869873,0.4973407983779907,1.919294618346612e-06,0.47632622718811035,0.476721853017807,-0.004779147449880838,0.46237680315971375,0.43766260147094727,-0.01173537690192461,0.46042463183403015,0.4069487154483795,-0.02136417292058468,0.4585084021091461,0.3828414976596832,-0.03453288972377777,0.4861708879470825,0.4111734628677368,-0.009620542638003826,0.4843004047870636,0.3836192488670349,-0.02476237714290619,0.4743327498435974,0.38674023747444153,-0.0364515520632267,0.4648516774177551,0.39695069193840027,-0.042086806148290634,0.49843472242355347,0.41070738434791565,-0.01360215526074171,0.4921680688858032,0.3875710964202881,-0.027095278725028038,0.4826716184616089,0.4048643410205841,-0.036028970032930374,0.4784358739852905,0.42475542426109314,-0.03982704132795334,0.5107050538063049,0.41727781295776367,-0.019242338836193085,0.5009649991989136,0.3983767032623291,-0.03151797875761986,0.4916188716888428,0.4176643192768097,-0.034298721700906754,0.4882362484931946,0.4385932981967926,-0.03355232626199722,0.5227689743041992,0.42944592237472534,-0.025029810145497322,0.5126041173934937,0.40969812870025635,-0.033838823437690735,0.5021904706954956,0.4255780279636383,-0.03256218880414963,0.4973468482494354,0.4455183446407318,-0.02930537611246109,0.4833477735519409,0.2079438716173172,-0.0019329552305862308,0.504250705242157,0.17427338659763336,-0.0010717852273955941,0.515080988407135,0.17695020139217377,0.005225352477282286,0.5258400440216064,0.17977070808410645,0.0010555856861174107,0.4724946916103363,0.16828498244285583,0.006284404080361128,0.4620063006877899,0.16677027940750122,-0.0012286644196137786,0.4517855644226074,0.165337935090065,-0.0034320238046348095,0.5449005365371704,0.2088438868522644,-0.004162701778113842,0.4378507733345032,0.18867352604866028,-0.003233970608562231,0.5021739602088928,0.26723241806030273,-0.0020902541000396013,0.46227356791496277,0.2596278786659241,-0.00381035590544343,0.5989153981208801,0.44025346636772156,-0.0237725917249918,0.36215463280677795,0.43328598141670227,0.02351166121661663,0.670288622379303,0.7404473423957825,-0.23199844360351562,0.2869628369808197,0.763629674911499,-0.08452001214027405,0.5225759148597717,0.4665807783603668,-0.44803953170776367,0.39939582347869873,0.5883956551551819,-0.423136830329895,0.501655101776123,0.3975086510181427,0.0018786984728649259,0.4137069880962372,0.5450751781463623,-0.0018669855780899525,0.49187344312667847,0.37395769357681274,0.004088554531335831,0.42223066091537476,0.5020104050636292,0.0008204443729482591,0.4942399859428406,0.4063890278339386,-0.0014271832769736648,0.42315375804901123,0.5264811515808105,-0.0030202087946236134,0.560864269733429,1.0064139366149902,-0.03952553868293762,0.3802332282066345,0.9970988631248474,-0.002421441487967968
583.3333333333334,0.3907504379749298,0.5913895964622498,-2.0660803784267046e-05,0.3857879340648651,0.5338389277458191,0.021792791783809662,0.39201727509498596,0.4849989116191864,0.026558630168437958,0.39743825793266296,0.44327616691589355,0.0275516789406538,0.39574527740478516,0.40778446197509766,0.026118667796254158,0.4039900302886963,0.4861524701118469,0.0012922537280246615,0.4126271605491638,0.4446962773799896,0.0016544063109904528,0.4145505130290985,0.4180702865123749,0.002824827330186963,0.4130879044532776,0.3975210189819336,0.00379893253557384,0.4144206643104553,0.49946874380111694,-0.010510141029953957,0.4226834177970886,0.45079320669174194,-0.013939888216555119,0.42444294691085815,0.4212043881416321,-0.01438995636999607,0.4231790006160736,0.3980715572834015,-0.014544974081218243,0.42261311411857605,0.5186313986778259,-0.019192591309547424,0.43269670009613037,0.4703720211982727,-0.022203929722309113,0.4348459839820862,0.4407708942890167,-0.021821649745106697,0.4341711699962616,0.4162837564945221,-0.022021256387233734,0.4296046495437622,0.5410355925559998,-0.02534194476902485,0.44078999757766724,0.5049543380737305,-0.028966335579752922,0.4442635476589203,0.4809633195400238,-0.029364751651883125,0.4452514350414276,0.45609501004219055,-0.030768930912017822,0.49960750341415405,0.4950709640979767,-1.2569447790156119e-05,0.47566479444503784,0.47305989265441895,-0.0033805647399276495,0.46234673261642456,0.4251779317855835,-0.010394643992185593,0.4596227705478668,0.38841089606285095,-0.02140938490629196,0.4571569263935089,0.35821646451950073,-0.035549331456422806,0.48557165265083313,0.3989798426628113,-0.004098155535757542,0.4795364737510681,0.3730495274066925,-0.023318210616707802,0.4695982336997986,0.38858920335769653,-0.036329235881567,0.46297401189804077,0.4075796902179718,-0.03999771177768707,0.49938517808914185,0.4032268524169922,-0.009686616249382496,0.4891205430030823,0.38155317306518555,-0.024742290377616882,0.4800730347633362,0.40448030829429626,-0.033507443964481354,0.476864218711853,0.4267008602619171,-0.036321625113487244,0.5123655796051025,0.4136887490749359,-0.018474578857421875,0.500288188457489,0.3938605487346649,-0.032203663140535355,0.49082085490226746,0.4172747731208801,-0.03581586480140686,0.48741650581359863,0.44019627571105957,-0.03528673201799393,0.5240360498428345,0.42899268865585327,-0.027079420164227486,0.5120327472686768,0.40901219844818115,-0.036985136568546295,0.5014772415161133,0.4271506667137146,-0.03595557063817978,0.4970245957374573,0.44755175709724426,-0.03241933137178421,0.4818439483642578,0.20895498991012573,-0.0019131122389808297,0.5034386515617371,0.17603904008865356,-0.0010831913677975535,0.5141413807868958,0.17898115515708923,0.005214640870690346,0.5247763395309448,0.18207211792469025,0.001030467450618744,0.472206175327301,0.16936686635017395,0.006303201895207167,0.4619978964328766,0.1676163226366043,-0.0012374758953228593,0.4520573019981384,0.16596297919750214,-0.003432542085647583,0.5445430874824524,0.21123071014881134,-0.004135924391448498,0.43935611844062805,0.1888233870267868,-0.0031854030676186085,0.5006107687950134,0.2680550813674927,-0.0021809940226376057,0.46146461367607117,0.25970402359962463,-0.003804238513112068,0.5976769328117371,0.44009044766426086,-0.023900147527456284,0.36323124170303345,0.4307614266872406,0.023647554218769073,0.6661553382873535,0.7409201264381409,-0.2299851030111313,0.28694456815719604,0.7617226839065552,-0.07888826727867126,0.520135760307312,0.4671572744846344,-0.44066011905670166,0.4006585478782654,0.5774945020675659,-0.41873466968536377,0.4998479187488556,0.3971119523048401,0.0018820853438228369,0.41547462344169617,0.534955620765686,-0.001899219467304647,0.4910028576850891,0.3746758997440338,0.004036154132336378,0.42417287826538086,0.492887020111084,0.000832373509183526,0.49306720495224,0.40691375732421875,-0.0014315928565338254,0.4247855544090271,0.5170508623123169,-0.0030058014672249556,0.5580270886421204,1.0041393041610718,-0.052987076342105865,0.37837710976600647,0.9932010173797607,-0.01416857074946165
600.0,0.39051610231399536,0.584747314453125,-2.634092561493162e-05,0.39261913299560547,0.541098415851593,0.03279878944158554,0.3993963897228241,0.5035468339920044,0.04415479302406311,0.4062173664569855,0.47625529766082764,0.0492129772901535,0.4091339707374573,0.45384320616722107,0.04868502914905548,0.3984008729457855,0.4812021851539612,0.013492361642420292,0.40252527594566345,0.4343917965888977,0.013345959596335888,0.40100258588790894,0.40522119402885437,0.011066300794482231,0.3983369469642639,0.3841862380504608,0.009806632995605469,0.40466374158859253,0.48729828000068665,-0.003105343319475651,0.4097667932510376,0.43679147958755493,-0.003502473933622241,0.4094768762588501,0.40416261553764343,-0.005502435844391584,0.4079507887363434,0.3777833580970764,-0.00831036176532507,0.41204583644866943,0.5001496076583862,-0.017116960138082504,0.41986724734306335,0.4504465162754059,-0.019235501065850258,0.4207574129104614,0.41871464252471924,-0.021139001473784447,0.4198271930217743,0.3909004330635071,-0.023861439898610115,0.4203883707523346,0.5179916620254517,-0.027645334601402283,0.429940789937973,0.47970807552337646,-0.029994433745741844,0.4334360957145691,0.45637574791908264,-0.030257273465394974,0.4347718060016632,0.4314213693141937,-0.032582733780145645,0.5089297294616699,0.5012865662574768,-2.8821059459005482e-05,0.4852801263332367,0.47920703887939453,-0.004379252903163433,0.4696572422981262,0.4416283965110779,-0.014867065474390984,0.4625679552555084,0.41225484013557434,-0.026393093168735504,0.45727095007896423,0.3870614767074585,-0.03757617995142937,0.48497071862220764,0.4071323573589325,-0.018077809363603592,0.47688353061676025,0.37568503618240356,-0.033696480095386505,0.46736302971839905,0.35740435123443604,-0.04305568337440491,0.45892012119293213,0.345941424369812,-0.04955291375517845,0.4992038309574127,0.4103558659553528,-0.0262282844632864,0.4804475009441376,0.4067966341972351,-0.04917777329683304,0.4711104929447174,0.4306091070175171,-0.056953009217977524,0.46773797273635864,0.45045506954193115,-0.05967792496085167,0.5111504197120667,0.42342305183410645,-0.0361679308116436,0.4914107620716095,0.4284884035587311,-0.05767994746565819,0.4837902784347534,0.4547823369503021,-0.059474751353263855,0.4814200699329376,0.4761410653591156,-0.05629697069525719,0.5221250057220459,0.44308769702911377,-0.04564777761697769,0.5051973462104797,0.4445568919181824,-0.05936510115861893,0.49563270807266235,0.46206384897232056,-0.0590270534157753,0.49195003509521484,0.47747913002967834,-0.05528353154659271,0.4819134473800659,0.2084779143333435,-0.001913343439809978,0.5034846663475037,0.17592425644397736,-0.001097539672628045,0.5142751336097717,0.17899173498153687,0.005204712972044945,0.5249993205070496,0.18223369121551514,0.0010277105029672384,0.4720315635204315,0.16912953555583954,0.006354146637022495,0.4617268145084381,0.16740377247333527,-0.0012429194757714868,0.45168644189834595,0.1658177524805069,-0.0034555604215711355,0.544296383857727,0.21230971813201904,-0.004071359056979418,0.43828725814819336,0.18872246146202087,-0.003107550321146846,0.5004737973213196,0.2677358090877533,-0.0022971576545387506,0.4608895778656006,0.2593590319156647,-0.003798126010224223,0.5965776443481445,0.43978869915008545,-0.024909790605306625,0.36309394240379333,0.42925888299942017,0.02467585727572441,0.668438196182251,0.7395161986351013,-0.2130051851272583,0.28993576765060425,0.7620429992675781,-0.08558739721775055,0.5210521817207336,0.4861089289188385,-0.4452934265136719,0.3998507559299469,0.5730053782463074,-0.432846337556839,0.49978339672088623,0.42538192868232727,0.0018893578089773655,0.41036880016326904,0.5224241614341736,-0.0019237918313592672,0.48881423473358154,0.39883118867874146,0.00400542514398694,0.41968172788619995,0.4831804037094116,0.0008328579715453088,0.49188241362571716,0.429232120513916,-0.001466012792661786,0.42168673872947693,0.5100255012512207,-0.0029761814512312412,0.5570635199546814,1.0030766725540161,-0.05389593914151192,0.37840893864631653,0.9919352531433105,-0.017528899013996124
616.6666666666667,0.39136040210723877,0.5797000527381897,-1.7653521354077384e-05,0.386493980884552,0.5300663113594055,0.030526740476489067,0.39292776584625244,0.4886126220226288,0.04005042836070061,0.40008899569511414,0.4594760239124298,0.04306735098361969,0.4016515016555786,0.43544161319732666,0.04211997240781784,0.39520958065986633,0.47435760498046875,0.007938164286315441,0.39925089478492737,0.42954713106155396,0.004653682466596365,0.397705614566803,0.4024762809276581,0.0018984919879585505,0.39486098289489746,0.38179290294647217,0.0009489653166383505,0.4039780795574188,0.4835697114467621,-0.009035021997988224,0.40943095088005066,0.4348791837692261,-0.01389677356928587,0.40960493683815,0.4045490324497223,-0.016926469281315804,0.4087298810482025,0.37910041213035583,-0.019775278866291046,0.4132930636405945,0.4992839992046356,-0.022705765441060066,0.42119452357292175,0.4505809247493744,-0.029128534719347954,0.4224172830581665,0.41986188292503357,-0.03261982649564743,0.42120739817619324,0.3924521207809448,-0.035540904849767685,0.42366865277290344,0.5194814205169678,-0.032695114612579346,0.4316514730453491,0.480524480342865,-0.03934119641780853,0.43457913398742676,0.4563688337802887,-0.0415513850748539,0.43515709042549133,0.4302346110343933,-0.04505164921283722,0.5031998753547668,0.5106824636459351,-3.8991398469079286e-05,0.4807099997997284,0.48535528779029846,-0.0061722504906356335,0.46724650263786316,0.4465200901031494,-0.016827566549181938,0.4616488218307495,0.41697683930397034,-0.028760705143213272,0.4573368430137634,0.3922291398048401,-0.04029466211795807,0.4844052195549011,0.4044303894042969,-0.017396869137883186,0.47516968846321106,0.37783825397491455,-0.03594231978058815,0.46507027745246887,0.3609926700592041,-0.047440871596336365,0.4552353620529175,0.35075855255126953,-0.05530829355120659,0.49862590432167053,0.40718886256217957,-0.025871429592370987,0.4786074757575989,0.4043805003166199,-0.04969960078597069,0.4700429439544678,0.4293903708457947,-0.05679815262556076,0.46620771288871765,0.45093515515327454,-0.05906171351671219,0.5108323693275452,0.4218066334724426,-0.03652995452284813,0.4898326098918915,0.42812487483024597,-0.060548678040504456,0.48280394077301025,0.4556635320186615,-0.059981200844049454,0.4802890121936798,0.4780174195766449,-0.05456269532442093,0.5218112468719482,0.44322288036346436,-0.04776022583246231,0.5041120052337646,0.4436594247817993,-0.06362944841384888,0.4943341016769409,0.46148523688316345,-0.06134709343314171,0.4898051619529724,0.4780980944633484,-0.05633873865008354,0.48191750049591064,0.2089376449584961,-0.00191360036842525,0.5035234689712524,0.1765257567167282,-0.0010992815950885415,0.5143624544143677,0.17969374358654022,0.00520294951274991,0.5251352190971375,0.18302440643310547,0.00101896480191499,0.4720069468021393,0.16937372088432312,0.0063749561086297035,0.4616662859916687,0.16748498380184174,-0.001249211491085589,0.4515876770019531,0.16574393212795258,-0.0034779305569827557,0.544414222240448,0.21291549503803253,-0.004035215359181166,0.4380205273628235,0.18855269253253937,-0.00303193973377347,0.5004829168319702,0.2682725787162781,-0.002343219704926014,0.46077579259872437,0.25935012102127075,-0.0037922721821814775,0.5963019132614136,0.43978825211524963,-0.02502695471048355,0.36327603459358215,0.42774498462677,0.024804772809147835,0.6696444749832153,0.7384132742881775,-0.21054305136203766,0.2906400263309479,0.761265218257904,-0.08661457151174545,0.5209169387817383,0.4904230833053589,-0.4485699236392975,0.39949676394462585,0.5716981291770935,-0.43563762307167053,0.4993874728679657,0.4322807192802429,0.0018938774010166526,0.4103541374206543,0.5215303301811218,-0.0019288872135803103,0.48807138204574585,0.4049932062625885,0.003998320549726486,0.41966313123703003,0.4819672107696533,0.0008385633118450642,0.4918718934059143,0.43507373332977295,-0.0014777389587834477,0.4213747978210449,0.5089026093482971,-0.002974266652017832,0.5568346381187439,1.0027881860733032,-0.048863485455513,0.3787112534046173,0.9915749430656433,-0.013975996524095535
633.3333333333334,0.39062580466270447,0.5742141008377075,-2.0182638763799332e-05,0.38416388630867004,0.5256277322769165,0.030850857496261597,0.3891861140727997,0.48313209414482117,0.038957446813583374,0.3946419954299927,0.45091184973716736,0.04130931571125984,0.39403754472732544,0.42436087131500244,0.03863212466239929,0.3914976716041565,0.46950429677963257,-0.001100275432690978,0.39927971363067627,0.42807692289352417,-0.005539054982364178,0.39864006638526917,0.4022824764251709,-0.00730476900935173,0.3951965272426605,0.38133230805397034,-0.007531552109867334,0.40069618821144104,0.47983360290527344,-0.019349848851561546,0.4090384840965271,0.4321873188018799,-0.027154814451932907,0.40988969802856445,0.401809960603714,-0.03024934232234955,0.4091406762599945,0.3755515217781067,-0.03342319279909134,0.4110933840274811,0.49720168113708496,-0.03327879309654236,0.4206223785877228,0.4493829607963562,-0.04304146766662598,0.4224984049797058,0.4174233675003052,-0.04765646159648895,0.42131564021110535,0.3889857530593872,-0.05237644165754318,0.42316192388534546,0.5194071531295776,-0.043407998979091644,0.43165087699890137,0.4804563820362091,-0.05310920625925064,0.43451160192489624,0.45577922463417053,-0.05687590315937996,0.4349058270454407,0.4293122887611389,-0.062049899250268936,0.504717230796814,0.5188226699829102,-1.332847932644654e-05,0.4802268445491791,0.4966668486595154,-0.006396133918315172,0.4645977318286896,0.452472060918808,-0.015940222889184952,0.45942798256874084,0.4186939001083374,-0.02726556733250618,0.45658373832702637,0.3903037905693054,-0.0387130081653595,0.4827861487865448,0.4122282862663269,-0.012895029038190842,0.47434601187705994,0.379714697599411,-0.029623495414853096,0.46494367718696594,0.36035627126693726,-0.040883492678403854,0.45595377683639526,0.3482467532157898,-0.04857296869158745,0.49773597717285156,0.4146183729171753,-0.020473890006542206,0.48072588443756104,0.4016610085964203,-0.042940493673086166,0.47163185477256775,0.4267311096191406,-0.052234530448913574,0.46814846992492676,0.4491133689880371,-0.055573366582393646,0.5107563734054565,0.42759332060813904,-0.03048991598188877,0.49182891845703125,0.4247213900089264,-0.05221148580312729,0.4842611849308014,0.4528915584087372,-0.05338636413216591,0.4819055497646332,0.4764408469200134,-0.049450505524873734,0.5225705504417419,0.44736945629119873,-0.04087129607796669,0.5054438710212708,0.4420919418334961,-0.05597636103630066,0.49521076679229736,0.4609747529029846,-0.05516809597611427,0.49140283465385437,0.4784320890903473,-0.05019019544124603,0.48212018609046936,0.20910640060901642,-0.001914810505695641,0.5036662220954895,0.17688123881816864,-0.0011014285264536738,0.5145218372344971,0.1800963133573532,0.005201863124966621,0.5253108143806458,0.18346351385116577,0.001009499654173851,0.47212010622024536,0.16955819725990295,0.006394163239747286,0.46175602078437805,0.16759894788265228,-0.001257298281416297,0.45165368914604187,0.16579538583755493,-0.00349813187494874,0.5445379614830017,0.21335814893245697,-0.004006344825029373,0.4379449188709259,0.18858519196510315,-0.002962677041068673,0.5006595253944397,0.26847246289253235,-0.002400364726781845,0.46087050437927246,0.25937435030937195,-0.0037896204739809036,0.5961489081382751,0.43958714604377747,-0.025011517107486725,0.36369889974594116,0.42590752243995667,0.02477901801466942,0.6690731644630432,0.7380958199501038,-0.2112252563238144,0.2912217378616333,0.7609848976135254,-0.09150955080986023,0.5208890438079834,0.49303239583969116,-0.4472725987434387,0.3997589647769928,0.5698861479759216,-0.4365518093109131,0.49861013889312744,0.43567797541618347,0.0019018404418602586,0.41040927171707153,0.5204440355300903,-0.0019336179830133915,0.48629313707351685,0.4087373912334442,0.003996805287897587,0.41979125142097473,0.4807571470737457,0.0008466521976515651,0.4906904101371765,0.43837428092956543,-0.0014840534422546625,0.42142900824546814,0.5073670744895935,-0.0029481276869773865,0.5565088987350464,1.0018917322158813,-0.0539652481675148,0.3787234425544739,0.9898309707641602,-0.026406433433294296
650.0,0.38960596919059753,0.5732240080833435,-1.1202912901353557e-05,0.37899911403656006,0.5195885300636292,0.017286447808146477,0.3815474212169647,0.47156819701194763,0.017162539064884186,0.3856086730957031,0.42956286668777466,0.01458941213786602,0.3826700747013092,0.39626339077949524,0.008387799374759197,0.3894265592098236,0.47124725580215454,-0.02021827921271324,0.39851975440979004,0.4264862537384033,-0.02946784533560276,0.3978540003299713,0.39709821343421936,-0.033130332827568054,0.39439427852630615,0.3736844062805176,-0.035654641687870026,0.4009579122066498,0.48255836963653564,-0.031018095090985298,0.4087578058242798,0.43248721957206726,-0.042874306440353394,0.4092705249786377,0.39935848116874695,-0.04661501944065094,0.40840932726860046,0.3718050718307495,-0.05005035921931267,0.41244077682495117,0.5023036599159241,-0.0376380980014801,0.42109766602516174,0.45165085792541504,-0.047888677567243576,0.42157647013664246,0.419977605342865,-0.04991573467850685,0.42002177238464355,0.39509597420692444,-0.05201854929327965,0.4236297011375427,0.5258362889289856,-0.041608840227127075,0.4319401979446411,0.485445111989975,-0.0512736439704895,0.432746022939682,0.4595603942871094,-0.05457840859889984,0.4316801428794861,0.4350442588329315,-0.05846644565463066,0.5050146579742432,0.5245192050933838,-5.340763891581446e-05,0.47790583968162537,0.509616494178772,0.0004213682550471276,0.4621293544769287,0.4705483913421631,-0.010484662838280201,0.45680633187294006,0.43971261382102966,-0.027264725416898727,0.453007310628891,0.4139281213283539,-0.045192573219537735,0.471969336271286,0.4200647175312042,-0.015051374211907387,0.45964083075523376,0.3802899718284607,-0.04092595726251602,0.4493512511253357,0.37843427062034607,-0.05516626685857773,0.4441998302936554,0.39232298731803894,-0.05947773531079292,0.48735302686691284,0.41996005177497864,-0.026264751330018044,0.46673154830932617,0.4215632975101471,-0.05412314459681511,0.46402013301849365,0.4499129056930542,-0.060723286122083664,0.4664416015148163,0.4685596525669098,-0.05876023322343826,0.5007397532463074,0.4337795376777649,-0.0380483940243721,0.48099276423454285,0.44528287649154663,-0.06191312521696091,0.47768473625183105,0.4730357527732849,-0.060564350336790085,0.4789070188999176,0.48765677213668823,-0.05207506939768791,0.5129770040512085,0.4535585343837738,-0.0501968152821064,0.49442341923713684,0.4605906307697296,-0.06370135396718979,0.487013041973114,0.4801892340183258,-0.060647185891866684,0.4853966236114502,0.4919566512107849,-0.053104378283023834,0.48210036754608154,0.20921684801578522,-0.0019155967747792602,0.5037099123001099,0.1770961433649063,-0.001103862072341144,0.5146123170852661,0.1804138422012329,0.0051947059109807014,0.525444746017456,0.1838860958814621,0.0009982625488191843,0.4720934331417084,0.16956578195095062,0.006398122292011976,0.4616696536540985,0.16755744814872742,-0.0012651185970753431,0.45150771737098694,0.16572578251361847,-0.0035149608738720417,0.5444067120552063,0.2140214890241623,-0.003980295732617378,0.4376010298728943,0.18850648403167725,-0.002863015281036496,0.5004976391792297,0.26894044876098633,-0.002431016182526946,0.4605503976345062,0.25941959023475647,-0.0037862262688577175,0.5962425470352173,0.4393216371536255,-0.028217503800988197,0.36320963501930237,0.4257826507091522,0.028055967763066292,0.6669428944587708,0.7404720187187195,-0.2164052128791809,0.29221880435943604,0.7618728280067444,-0.08137815445661545,0.5148748755455017,0.503074586391449,-0.4432891309261322,0.39976435899734497,0.5715906620025635,-0.43057507276535034,0.4857765734195709,0.45207491517066956,0.0019013216951861978,0.41128647327423096,0.5251360535621643,-0.0019343675812706351,0.4751087725162506,0.42043381929397583,0.00399360666051507,0.42010629177093506,0.4817502796649933,0.0008513464708812535,0.4819025695323944,0.44829031825065613,-0.0015028597554191947,0.4216814637184143,0.5072388052940369,-0.00292987166903913,0.5565807223320007,1.0010690689086914,-0.02868494763970375,0.37867072224617004,0.9895281791687012,0.008402016013860703
666.6666666666667,0.38817211985588074,0.5704728364944458,-1.7830134311225265e-05,0.37813079357147217,0.5177473425865173,0.016895420849323273,0.38060224056243896,0.4701377749443054,0.015236390754580498,0.3841066062450409,0.4279989004135132,0.010723564773797989,0.38088521361351013,0.3939060866832733,0.0024190726689994335,0.38786646723747253,0.4693548083305359,-0.023933768272399902,0.39847418665885925,0.42589113116264343,-0.034911636263132095,0.39898788928985596,0.39749348163604736,-0.039286188781261444,0.39652112126350403,0.37388116121292114,-0.041654981672763824,0.3992059528827667,0.48150232434272766,-0.035964805632829666,0.4075051546096802,0.4301869869232178,-0.0504278726875782,0.40844544768333435,0.39677971601486206,-0.055125005543231964,0.40813106298446655,0.3687981367111206,-0.05924089625477791,0.41106826066970825,0.5015444755554199,-0.04381702467799187,0.41964107751846313,0.4500125050544739,-0.05689077451825142,0.42014387249946594,0.41753315925598145,-0.060638509690761566,0.418632447719574,0.39103052020072937,-0.06385376304388046,0.42315876483917236,0.5254718065261841,-0.04877341911196709,0.4312288165092468,0.4838787317276001,-0.060710977762937546,0.43195536732673645,0.457744836807251,-0.0650475025177002,0.43088123202323914,0.43213674426078796,-0.0696808248758316,0.503799319267273,0.5314706563949585,-1.3533055607695132e-05,0.4744604229927063,0.5172381401062012,-0.00331452046521008,0.4566243290901184,0.4753202497959137,-0.015788493677973747,0.4480331838130951,0.4435615539550781,-0.03307083994150162,0.4411729872226715,0.4171217679977417,-0.052645448595285416,0.4680268466472626,0.4215314984321594,-0.020178625360131264,0.45796453952789307,0.37771326303482056,-0.04736888036131859,0.44588959217071533,0.37692150473594666,-0.06346239149570465,0.43954533338546753,0.39561599493026733,-0.07032473385334015,0.4843558371067047,0.42087098956108093,-0.030556904152035713,0.4663640558719635,0.41874533891677856,-0.05822194367647171,0.4616917073726654,0.44846460223197937,-0.06606531143188477,0.4634564518928528,0.46805283427238464,-0.06494507193565369,0.49965977668762207,0.4345220923423767,-0.0424511693418026,0.48128411173820496,0.4421766400337219,-0.06970201432704926,0.4772893190383911,0.4708489179611206,-0.06970153748989105,0.478523313999176,0.48584359884262085,-0.06216144189238548,0.5138938426971436,0.4555564522743225,-0.05466725677251816,0.4964447617530823,0.4602731168270111,-0.07069554924964905,0.48775410652160645,0.47914445400238037,-0.0690210610628128,0.48533734679222107,0.4889577627182007,-0.062405455857515335,0.4821866750717163,0.20910590887069702,-0.0019184394041076303,0.5037227272987366,0.17720331251621246,-0.0011076468508690596,0.5146245360374451,0.18056362867355347,0.00517946807667613,0.5254553556442261,0.18407244980335236,0.0009840939892455935,0.4720759391784668,0.1695805937051773,0.006399364676326513,0.4616270363330841,0.16753877699375153,-0.001267014886252582,0.4514419734477997,0.16566060483455658,-0.003528173780068755,0.5442381501197815,0.21460846066474915,-0.00395362451672554,0.43734225630760193,0.1886167973279953,-0.002827378921210766,0.5005077123641968,0.2691039741039276,-0.0024744700640439987,0.46049705147743225,0.2593926191329956,-0.0037805018946528435,0.5960842370986938,0.43963566422462463,-0.03205036744475365,0.36288201808929443,0.42561638355255127,0.031892966479063034,0.6652795076370239,0.7421334981918335,-0.22015176713466644,0.2924754321575165,0.7621662616729736,-0.07704029232263565,0.5121814012527466,0.5078677535057068,-0.446103036403656,0.39986103773117065,0.5716601014137268,-0.4321122467517853,0.48133695125579834,0.458112895488739,0.0019004986388608813,0.41213011741638184,0.5254223346710205,-0.0019354739924892783,0.47178760170936584,0.4262649118900299,0.003958570305258036,0.42066219449043274,0.4818759858608246,0.0008550795027986169,0.478884756565094,0.4532790184020996,-0.0015142548363655806,0.4219338595867157,0.5071622133255005,-0.0029196254909038544,0.556286096572876,1.000237226486206,-0.03982808068394661,0.37811529636383057,0.9886651039123535,0.0018388988683000207
683.3333333333334,0.3856607973575592,0.573192298412323,-1.288976454816293e-05,0.3751552104949951,0.5196934938430786,0.013232707045972347,0.37752360105514526,0.46738511323928833,0.01019558496773243,0.3801591396331787,0.4225775897502899,0.006148068699985743,0.37676239013671875,0.3871588706970215,-0.0003046518540941179,0.3837273120880127,0.47365859150886536,-0.03695524483919144,0.3895246684551239,0.42763030529022217,-0.05513535439968109,0.3882201910018921,0.39599859714508057,-0.06293095648288727,0.3854866921901703,0.3693113327026367,-0.06773924827575684,0.39458152651786804,0.4867379665374756,-0.04936354607343674,0.40121060609817505,0.4346217215061188,-0.07287508994340897,0.401157945394516,0.39858582615852356,-0.08364256471395493,0.3994462788105011,0.3667529821395874,-0.09209340065717697,0.4066454768180847,0.5088316798210144,-0.057491011917591095,0.4153291881084442,0.45724910497665405,-0.07933303713798523,0.41538572311401367,0.4228288531303406,-0.09005294740200043,0.4125932455062866,0.39462772011756897,-0.09837419539690018,0.41892069578170776,0.5350755453109741,-0.06244116649031639,0.4280833899974823,0.49587127566337585,-0.08150695264339447,0.42965590953826904,0.4684537947177887,-0.09082754701375961,0.4286321699619293,0.44270703196525574,-0.09941097348928452,0.5003896355628967,0.5317569971084595,-1.0424768333905376e-05,0.4689267873764038,0.5174283981323242,-0.002175841713324189,0.44997724890708923,0.4730999767780304,-0.01234092190861702,0.4427695572376251,0.43716660141944885,-0.02795698121190071,0.441205233335495,0.40866801142692566,-0.045689210295677185,0.46131983399391174,0.4172373116016388,-0.01607023924589157,0.45112642645835876,0.3752839267253876,-0.04062868282198906,0.44074538350105286,0.374281644821167,-0.05532849580049515,0.4359275996685028,0.3923497200012207,-0.06084023416042328,0.4787096381187439,0.41569527983665466,-0.026276439428329468,0.46163320541381836,0.4119047522544861,-0.04988087713718414,0.4567515552043915,0.4423004686832428,-0.05900822579860687,0.45896634459495544,0.464494526386261,-0.059260692447423935,0.494652658700943,0.4282776713371277,-0.038401100784540176,0.47595348954200745,0.4346930682659149,-0.06257858127355576,0.4721742272377014,0.46434634923934937,-0.06499125808477402,0.47460833191871643,0.4807792901992798,-0.06038215011358261,0.508600652217865,0.44900867342948914,-0.05098423361778259,0.4903705418109894,0.4540918469429016,-0.0654526799917221,0.48310181498527527,0.47568199038505554,-0.0660824254155159,0.4832940697669983,0.48670002818107605,-0.06144436076283455,0.4824630916118622,0.20898713171482086,-0.0019173851469531655,0.5038195252418518,0.17680096626281738,-0.0011199379805475473,0.5148191452026367,0.1801605373620987,0.005164996720850468,0.5257529020309448,0.18366356194019318,0.0009754754137247801,0.47192081809043884,0.16918249428272247,0.006400668062269688,0.4613935351371765,0.16712568700313568,-0.0012650326825678349,0.45117858052253723,0.1652163714170456,-0.0035281069576740265,0.5442037582397461,0.214374378323555,-0.003943135961890221,0.43696561455726624,0.18827852606773376,-0.0027962513267993927,0.5007672905921936,0.26901423931121826,-0.0024842768907546997,0.46037766337394714,0.2593304514884949,-0.0037821156438440084,0.5968594551086426,0.4394068121910095,-0.032337937504053116,0.36180031299591064,0.4249802827835083,0.03216215595602989,0.6629286408424377,0.7424266338348389,-0.21845175325870514,0.2926924526691437,0.7647207975387573,-0.07663639634847641,0.5113789439201355,0.499051570892334,-0.4533475935459137,0.39975467324256897,0.5782613158226013,-0.4465886056423187,0.4793297052383423,0.4493558704853058,0.001884793397039175,0.4120101034641266,0.5329020023345947,-0.0019448943203315139,0.47171109914779663,0.41429704427719116,0.003923116251826286,0.42007920145988464,0.48671525716781616,0.0008561913855373859,0.4785016179084778,0.44184550642967224,-0.001572470529936254,0.4214778542518616,0.5115985870361328,-0.002892318880185485,0.555769145488739,0.9995327591896057,0.009198859333992004,0.376976877450943,0.9878116846084595,0.05092744529247284
700.0000000000001,0.384816437959671,0.5751264095306396,-2.1019444830017164e-05,0.3742254078388214,0.5233805775642395,0.01566850207746029,0.3765539526939392,0.47249507904052734,0.014283071272075176,0.37982046604156494,0.43062716722488403,0.010463249869644642,0.3771539628505707,0.39670485258102417,0.003182436339557171,0.38260599970817566,0.4771658778190613,-0.03315415233373642,0.3881344199180603,0.42870503664016724,-0.05031638219952583,0.386001855134964,0.39694079756736755,-0.057219892740249634,0.3823828101158142,0.37096279859542847,-0.061346635222435,0.3937857747077942,0.4902609884738922,-0.046861227601766586,0.39984580874443054,0.4341467022895813,-0.06965270638465881,0.3999173641204834,0.3969893753528595,-0.08057790994644165,0.3992408215999603,0.3644762337207794,-0.08969758450984955,0.4061792492866516,0.5118588805198669,-0.05600026249885559,0.4140940308570862,0.45760029554367065,-0.07737866789102554,0.4147427976131439,0.42143431305885315,-0.08833834528923035,0.4131103754043579,0.3916678726673126,-0.09709366410970688,0.41892313957214355,0.5376393795013428,-0.06172643229365349,0.427497535943985,0.49637162685394287,-0.07885368168354034,0.42907994985580444,0.46864935755729675,-0.08758363127708435,0.428265243768692,0.44254258275032043,-0.09609556198120117,0.5006664991378784,0.531276524066925,-2.8052700145053677e-05,0.4688261151313782,0.5180386304855347,0.0003730123571585864,0.45003968477249146,0.47542405128479004,-0.008588247001171112,0.44186508655548096,0.44390881061553955,-0.024269068613648415,0.4382365345954895,0.4178991913795471,-0.04215554893016815,0.4617805480957031,0.41613611578941345,-0.01448315754532814,0.4504401981830597,0.36704379320144653,-0.038201697170734406,0.4386498034000397,0.3725024163722992,-0.05146666616201401,0.4338933825492859,0.3966616094112396,-0.05439644306898117,0.47894248366355896,0.41447845101356506,-0.024753887206315994,0.4595673680305481,0.416008323431015,-0.046850625425577164,0.4558500051498413,0.4486820101737976,-0.05438781902194023,0.4595564603805542,0.4666239321231842,-0.05255237594246864,0.49441587924957275,0.42622074484825134,-0.03710451349616051,0.47296926379203796,0.4398523271083832,-0.0598427914083004,0.4707612693309784,0.4696453809738159,-0.06271447241306305,0.4748680293560028,0.48200419545173645,-0.05884604901075363,0.5080423355102539,0.44498327374458313,-0.049403153359889984,0.4880904257297516,0.45489194989204407,-0.062361616641283035,0.48188450932502747,0.47760096192359924,-0.06391320377588272,0.4829874336719513,0.4866253435611725,-0.060692522674798965,0.4825839400291443,0.20856334269046783,-0.0019065450178459287,0.5038192868232727,0.17671580612659454,-0.0011440007947385311,0.5148447751998901,0.18008068203926086,0.005150683224201202,0.525799572467804,0.18359088897705078,0.0009738067165017128,0.47178834676742554,0.16908398270606995,0.006402758415788412,0.46118271350860596,0.167021244764328,-0.0012636518804356456,0.4508809447288513,0.1651058793067932,-0.003523254068568349,0.5440657138824463,0.21433310210704803,-0.003917505498975515,0.4363565742969513,0.1882515549659729,-0.0027880666311830282,0.5008551478385925,0.2685731053352356,-0.002493873005732894,0.4602436423301697,0.2588832676410675,-0.003789168782532215,0.5975248217582703,0.4391724765300751,-0.03276919573545456,0.3617418706417084,0.42491593956947327,0.03258402645587921,0.6628319621086121,0.7424334287643433,-0.21877571940422058,0.29244309663772583,0.7662679553031921,-0.07622740417718887,0.5103967785835266,0.4977473020553589,-0.45239290595054626,0.3990398645401001,0.5819413065910339,-0.4452965557575226,0.4786487817764282,0.4480203092098236,0.001864121062681079,0.41054850816726685,0.5365800857543945,-0.0019535208120942116,0.47120290994644165,0.41287660598754883,0.003900219453498721,0.41884952783584595,0.4907328486442566,0.0008706721127964556,0.47789499163627625,0.4407103359699249,-0.0016007322119548917,0.4205290675163269,0.5154700875282288,-0.002884441055357456,0.5547951459884644,0.9983693957328796,0.037056393921375275,0.3746512234210968,0.986630916595459,0.08031687140464783
716.6666666666666,0.38459545373916626,0.5748255252838135,-2.2808600988355465e-05,0.3752809762954712,0.5220205783843994,0.013212994672358036,0.37692534923553467,0.46965292096138,0.009897391311824322,0.37881118059158325,0.42645519971847534,0.004921387881040573,0.37519368529319763,0.3910614252090454,-0.0033907401375472546,0.38310033082962036,0.4761837124824524,-0.03535876423120499,0.3908899128437042,0.432363361120224,-0.05158284306526184,0.38990381360054016,0.40212327241897583,-0.05750974640250206,0.386737197637558,0.376632422208786,-0.06109180673956871,0.39455628395080566,0.49084436893463135,-0.04776930809020996,0.40230607986450195,0.43888288736343384,-0.06834430247545242,0.4027656018733978,0.4031585454940796,-0.07729290425777435,0.40173375606536865,0.37285315990448,-0.08500958234071732,0.40671437978744507,0.5133216381072998,-0.05584545060992241,0.4158021807670593,0.4616762697696686,-0.07575100660324097,0.4168204069137573,0.4281999170780182,-0.08433519303798676,0.41535577178001404,0.40047967433929443,-0.09183019399642944,0.418332576751709,0.5392369031906128,-0.06089799851179123,0.42795848846435547,0.49947255849838257,-0.0780574381351471,0.4297511577606201,0.47244328260421753,-0.0867902934551239,0.42879632115364075,0.4469645321369171,-0.09530151635408401,0.5025718212127686,0.5352022647857666,-2.726235288719181e-05,0.47012194991111755,0.5210474133491516,0.0008451422327198088,0.4509962797164917,0.4729112386703491,-0.007093971595168114,0.4446970820426941,0.4367275834083557,-0.021766560152173042,0.44561439752578735,0.410681813955307,-0.038170915096998215,0.46281516551971436,0.4168686270713806,-0.011149190366268158,0.4504911005496979,0.3650158643722534,-0.033617038279771805,0.4375264644622803,0.3724091053009033,-0.045339301228523254,0.43266257643699646,0.3971550762653351,-0.047540582716464996,0.4800259470939636,0.4154537320137024,-0.021623710170388222,0.45899656414985657,0.4160235822200775,-0.0426485538482666,0.45496702194213867,0.44952481985092163,-0.050049569457769394,0.45983004570007324,0.4665207266807556,-0.04889027774333954,0.49516552686691284,0.42684271931648254,-0.03448597714304924,0.4725694954395294,0.4387732148170471,-0.05602563917636871,0.47058460116386414,0.4698633849620819,-0.05936837196350098,0.4756419360637665,0.48224198818206787,-0.05692245066165924,0.5085421204566956,0.44496583938598633,-0.04751615971326828,0.4877305030822754,0.45383602380752563,-0.05848342552781105,0.48257818818092346,0.47810834646224976,-0.06006142124533653,0.48469552397727966,0.4875129163265228,-0.058046016842126846,0.482460081577301,0.2076570838689804,-0.0018985526403412223,0.5036648511886597,0.17566190659999847,-0.0011823634849861264,0.514725923538208,0.179005965590477,0.005140538793057203,0.5257205963134766,0.18248911201953888,0.0009714376647025347,0.4715699851512909,0.1682087481021881,0.006403129082173109,0.4609611928462982,0.16624486446380615,-0.0012630756245926023,0.4506748616695404,0.16440871357917786,-0.0035215597599744797,0.5440306067466736,0.21379175782203674,-0.003897975431755185,0.4362938106060028,0.18805348873138428,-0.0027775962371379137,0.5008573532104492,0.2683243751525879,-0.0025103066582232714,0.4600706696510315,0.2587624490261078,-0.0038002419751137495,0.5981349349021912,0.44021350145339966,-0.03546677157282829,0.36073172092437744,0.42664188146591187,0.03525703400373459,0.6610627174377441,0.7448655366897583,-0.2365214228630066,0.2922380864620209,0.7694583535194397,-0.07789865136146545,0.506421685218811,0.497638463973999,-0.4480169713497162,0.3988701105117798,0.5811816453933716,-0.44318723678588867,0.4748347997665405,0.4475083351135254,0.0018482800805941224,0.4100514054298401,0.533532977104187,-0.0019626340363174677,0.4682515263557434,0.4124244451522827,0.0038771629333496094,0.41851168870925903,0.4893288314342499,0.0008891712059266865,0.47510361671447754,0.44042596220970154,-0.0016241653356701136,0.4202950596809387,0.5148694515228271,-0.0028741788119077682,0.5547363758087158,0.9989089369773865,0.05163007974624634,0.37288543581962585,0.9871456623077393,0.09820086508989334
733.3333333333334,0.38388755917549133,0.5817098021507263,-2.7356085411156528e-05,0.3846982717514038,0.5282827615737915,0.015051565133035183,0.3878301978111267,0.4765956699848175,0.010482990182936192,0.38737910985946655,0.43639498949050903,0.004567963536828756,0.3825766444206238,0.4067627787590027,-0.0025981110520660877,0.3865869343280792,0.4892924726009369,-0.03625510260462761,0.3907267451286316,0.4407687485218048,-0.05439506098628044,0.389521986246109,0.40954747796058655,-0.06051880866289139,0.38868680596351624,0.38190338015556335,-0.06358207017183304,0.39428389072418213,0.5025551915168762,-0.050030820071697235,0.3983507752418518,0.44781118631362915,-0.07260831445455551,0.39740103483200073,0.4134595990180969,-0.08105766028165817,0.39773422479629517,0.38349708914756775,-0.08759259432554245,0.40330758690834045,0.521026074886322,-0.05866247043013573,0.41044604778289795,0.4670255184173584,-0.07704948633909225,0.41060516238212585,0.43464022874832153,-0.08474051207304001,0.4102523922920227,0.40874695777893066,-0.09126816689968109,0.41234686970710754,0.5422497391700745,-0.06470288336277008,0.42134901881217957,0.5005515813827515,-0.07730535417795181,0.4233783185482025,0.47636815905570984,-0.08265328407287598,0.424129843711853,0.457348108291626,-0.08956499397754669,0.49945876002311707,0.5206207036972046,-4.7135072236415e-06,0.46643900871276855,0.49668529629707336,0.004793480504304171,0.4476451575756073,0.44375014305114746,-0.0038633630611002445,0.44496655464172363,0.40199393033981323,-0.020290270447731018,0.4544826149940491,0.37435445189476013,-0.03984249383211136,0.4640384316444397,0.3865945339202881,-0.006319145206362009,0.4538024365901947,0.3438997268676758,-0.027981607243418694,0.44254595041275024,0.34656885266304016,-0.039466742426157,0.4381149411201477,0.37022390961647034,-0.041034143418073654,0.4814384877681732,0.3857807219028473,-0.01688997447490692,0.45866820216178894,0.3900820016860962,-0.03265427425503731,0.4532286822795868,0.42501798272132874,-0.0393533781170845,0.45768964290618896,0.44521400332450867,-0.03933608531951904,0.4960173964500427,0.3991982042789459,-0.030946167185902596,0.4716346263885498,0.41229158639907837,-0.047040849924087524,0.4685382544994354,0.4480523467063904,-0.04918926954269409,0.4738041162490845,0.4632323682308197,-0.048702988773584366,0.5079352259635925,0.4217016398906708,-0.04463493078947067,0.48638713359832764,0.4300882816314697,-0.05325542762875557,0.4813061058521271,0.45870503783226013,-0.05518059805035591,0.48492297530174255,0.47183364629745483,-0.05611836910247803,0.4826948046684265,0.20681995153427124,-0.0018947918433696032,0.5036880970001221,0.17426326870918274,-0.0012289717560634017,0.5147666931152344,0.17736725509166718,0.005129744298756123,0.5257781147956848,0.18059216439723969,0.0009697477798908949,0.4715443253517151,0.16737893223762512,0.006394040305167437,0.4609285295009613,0.1655939519405365,-0.0012608455726876855,0.4506608545780182,0.16390691697597504,-0.003517922479659319,0.5440759658813477,0.2117551863193512,-0.0038738646544516087,0.4361184239387512,0.1878644973039627,-0.0027726180851459503,0.5013141632080078,0.2675900459289551,-0.002516580279916525,0.4602780342102051,0.25855913758277893,-0.003799266181886196,0.5988258719444275,0.4399366080760956,-0.03329460322856903,0.36030781269073486,0.4269784092903137,0.033076636493206024,0.6614747643470764,0.7432102560997009,-0.23166897892951965,0.29239901900291443,0.7693395018577576,-0.07050026953220367,0.5084837675094604,0.49189749360084534,-0.4468870759010315,0.3986975848674774,0.5960604548454285,-0.4288152754306793,0.48023346066474915,0.43835556507110596,0.0018468786729499698,0.4100448787212372,0.552945077419281,-0.0019731675274670124,0.4710179269313812,0.403974324464798,0.003859177930280566,0.4181619882583618,0.5077297687530518,0.0009130262187682092,0.4771713614463806,0.43293797969818115,-0.0016247137682512403,0.4199806749820709,0.5316899418830872,-0.0028575407341122627,0.5548921823501587,0.9983739852905273,0.04171233996748924,0.3729601502418518,0.9866194725036621,0.08434519916772842
750.0,0.3842202126979828,0.5863749384880066,-1.251411231351085e-05,0.38274267315864563,0.534040093421936,0.015388724394142628,0.38882142305374146,0.48460155725479126,0.011523103341460228,0.3937559723854065,0.4478278160095215,0.006452052854001522,0.39274170994758606,0.4198715090751648,-0.0003032169188372791,0.3836361765861511,0.49243617057800293,-0.03821472451090813,0.387417733669281,0.4428236484527588,-0.05604105070233345,0.38565683364868164,0.41034936904907227,-0.0631893128156662,0.38408172130584717,0.3825887441635132,-0.06692975014448166,0.39175453782081604,0.5040802955627441,-0.051139406859874725,0.3959478437900543,0.4495801627635956,-0.07407767325639725,0.39548516273498535,0.412313312292099,-0.08232640475034714,0.3956053853034973,0.38050371408462524,-0.08879274874925613,0.4020521938800812,0.521426796913147,-0.059087302535772324,0.4092843234539032,0.46759194135665894,-0.0793178379535675,0.4085204601287842,0.4337407946586609,-0.08778215199708939,0.4069165885448456,0.40584254264831543,-0.09427743405103683,0.41330716013908386,0.5420554876327515,-0.06386323273181915,0.4207404553890228,0.49978554248809814,-0.07885535806417465,0.42192211747169495,0.47515979409217834,-0.08538097888231277,0.4218303859233856,0.4542650580406189,-0.0926189050078392,0.5022859573364258,0.5196453332901001,-1.3113976820022799e-05,0.4705842435359955,0.5043801069259644,-2.7769137886934914e-05,0.4519500732421875,0.45197638869285583,-0.007466087117791176,0.4479038715362549,0.41167888045310974,-0.020590385422110558,0.45533791184425354,0.3844362497329712,-0.03494676947593689,0.4636983275413513,0.39499011635780334,-0.00852761510759592,0.4538271427154541,0.3418111801147461,-0.03163117542862892,0.44096362590789795,0.34809836745262146,-0.044295571744441986,0.43543288111686707,0.37332862615585327,-0.04726391285657883,0.481063574552536,0.39342576265335083,-0.01874401606619358,0.4607059061527252,0.3864823281764984,-0.0391666442155838,0.4537431597709656,0.41822487115859985,-0.05007496476173401,0.4560968279838562,0.439836323261261,-0.05243851989507675,0.49580857157707214,0.40483614802360535,-0.03130896016955376,0.4744788408279419,0.4089890122413635,-0.05244693532586098,0.46902894973754883,0.440125972032547,-0.057786766439676285,0.47135889530181885,0.45740777254104614,-0.05780555307865143,0.5077837109565735,0.4249435365200043,-0.04472336173057556,0.4873414933681488,0.43242207169532776,-0.05641651898622513,0.48081454634666443,0.4569317698478699,-0.05963393300771713,0.4816744029521942,0.46868500113487244,-0.05956022068858147,0.48275911808013916,0.20591741800308228,-0.0018905039178207517,0.5036880373954773,0.17308329045772552,-0.0012917685089632869,0.5147668719291687,0.17599615454673767,0.0051279026083648205,0.52577805519104,0.17902351915836334,0.000969241838902235,0.4715173840522766,0.16668154299259186,0.006385449320077896,0.4608652889728546,0.16506387293338776,-0.001258132979273796,0.4505360722541809,0.16352161765098572,-0.0035118882078677416,0.5440713763237,0.20990903675556183,-0.003852302674204111,0.4357887804508209,0.18773840367794037,-0.0027477173134684563,0.5014883875846863,0.26653191447257996,-0.002515760948881507,0.46034055948257446,0.25816354155540466,-0.0038000857457518578,0.5991320013999939,0.43964236974716187,-0.03283780813217163,0.3598911166191101,0.42721641063690186,0.03259097784757614,0.661715567111969,0.741581916809082,-0.23213304579257965,0.29232898354530334,0.7695115208625793,-0.06977072358131409,0.5103387832641602,0.4857376515865326,-0.44578817486763,0.39841318130493164,0.601833701133728,-0.4224662184715271,0.48538413643836975,0.42808589339256287,0.0018465343164280057,0.40945684909820557,0.559140682220459,-0.0019763570744544268,0.4757395386695862,0.3971295654773712,0.0038488474674522877,0.4175989627838135,0.5145428776741028,0.0009337735245935619,0.48027876019477844,0.4270251989364624,-0.0016286788741126657,0.41958045959472656,0.5385432243347168,-0.0028313410002738237,0.5550338625907898,0.9974070191383362,0.05796855315566063,0.37299031019210815,0.9856268167495728,0.10313180834054947
766.6666666666667,0.38204094767570496,0.5929303765296936,-2.6781905035022646e-05,0.3776293396949768,0.5390845537185669,0.011675212532281876,0.38057568669319153,0.4862135052680969,0.005911622662097216,0.3812033534049988,0.44498854875564575,0.00043896102579310536,0.37687045335769653,0.4129510521888733,-0.0061957151629030704,0.3817404508590698,0.5026602149009705,-0.04876301810145378,0.38612866401672363,0.45352351665496826,-0.06910699605941772,0.3844452202320099,0.42054685950279236,-0.07502368092536926,0.38291865587234497,0.3931099772453308,-0.07811585068702698,0.3914969563484192,0.5168328881263733,-0.061184342950582504,0.39610815048217773,0.4605023264884949,-0.08800997585058212,0.39609792828559875,0.4246728718280792,-0.09583223611116409,0.3968411386013031,0.3948150873184204,-0.10153623670339584,0.40306326746940613,0.5351974964141846,-0.0684056431055069,0.4106830060482025,0.4805494546890259,-0.09055830538272858,0.4104039669036865,0.4469164311885834,-0.09883562475442886,0.4088032841682434,0.4213220179080963,-0.10525809973478317,0.4150378406047821,0.5552865862846375,-0.0727711021900177,0.423789381980896,0.5140700936317444,-0.09020743519067764,0.42533349990844727,0.4881073236465454,-0.09772541373968124,0.4253736138343811,0.46815264225006104,-0.10577048361301422,0.500316321849823,0.5039275288581848,-1.3904558727517724e-05,0.46792447566986084,0.4775044322013855,0.003950887359678745,0.45022138953208923,0.42170602083206177,-0.004092027898877859,0.4491269290447235,0.3787603974342346,-0.018388554453849792,0.45867621898651123,0.3477935791015625,-0.03650570660829544,0.4674409031867981,0.3680001497268677,-0.00657406123355031,0.45906275510787964,0.3228982090950012,-0.02825130894780159,0.44774869084358215,0.3209657073020935,-0.040339041501283646,0.4423322081565857,0.3419992923736572,-0.043245114386081696,0.48499828577041626,0.3683421313762665,-0.01699874922633171,0.46258750557899475,0.3629552125930786,-0.03421109914779663,0.45414748787879944,0.3970112204551697,-0.04352878779172897,0.4566035568714142,0.42412468791007996,-0.046504680067300797,0.4996162950992584,0.3821199834346771,-0.030650777742266655,0.47554707527160645,0.38470038771629333,-0.047600019723176956,0.46907544136047363,0.4207092225551605,-0.05134851858019829,0.4716531038284302,0.44294044375419617,-0.05197271332144737,0.5110800862312317,0.4051450490951538,-0.04377453774213791,0.4896451532840729,0.40612319111824036,-0.05404932424426079,0.4824458360671997,0.43423619866371155,-0.055838532745838165,0.4842856526374817,0.4517298936843872,-0.056427352130413055,0.4825325012207031,0.20489072799682617,-0.0018814133945852518,0.5030701756477356,0.1714932769536972,-0.0013550120638683438,0.5141072869300842,0.1740642488002777,0.005125490948557854,0.5250728130340576,0.1767352819442749,0.0009692393941804767,0.4709242880344391,0.16592258214950562,0.006369121838361025,0.46027010679244995,0.16456976532936096,-0.0012579956091940403,0.4499170780181885,0.16324684023857117,-0.003495197044685483,0.5434848070144653,0.20703966915607452,-0.0038245217874646187,0.43541261553764343,0.18763506412506104,-0.0027159631717950106,0.5014422535896301,0.2648986577987671,-0.0025104517117142677,0.460373193025589,0.25766557455062866,-0.0037998459301888943,0.5992133617401123,0.439704567193985,-0.031210510060191154,0.3592270314693451,0.4289489686489105,0.030919302254915237,0.6620125770568848,0.7418546676635742,-0.22977381944656372,0.2920154333114624,0.7720869183540344,-0.06582274287939072,0.5151109099388123,0.4777171313762665,-0.44469839334487915,0.3975779414176941,0.6107142567634583,-0.4185413122177124,0.49284827709198,0.41399651765823364,0.0018436352256685495,0.4088778495788574,0.5693659782409668,-0.001987420255318284,0.4842750132083893,0.38474833965301514,0.003839590586721897,0.41692525148391724,0.5256618857383728,0.0009586993837729096,0.48703625798225403,0.41586625576019287,-0.001631448045372963,0.4189080595970154,0.548884391784668,-0.002808372490108013,0.5551896691322327,0.9976487159729004,0.04344511404633522,0.37290123105049133,0.9859694242477417,0.08976272493600845
783.3333333333334,0.38346928358078003,0.5987319946289062,-1.741045889502857e-05,0.38150733709335327,0.5458378195762634,0.012701806612312794,0.38593366742134094,0.4939395785331726,0.00819394737482071,0.3879811465740204,0.45491039752960205,0.0029822939541190863,0.38534966111183167,0.42415618896484375,-0.0036414936184883118,0.3822709023952484,0.50177001953125,-0.04046535864472389,0.38562262058258057,0.45455026626586914,-0.058668047189712524,0.38357627391815186,0.42263391613960266,-0.06476393342018127,0.3818330764770508,0.39488157629966736,-0.06825818121433258,0.390617311000824,0.5141009092330933,-0.05349371209740639,0.3946225941181183,0.4621703028678894,-0.07777062058448792,0.3936605155467987,0.42691314220428467,-0.08664233237504959,0.393169641494751,0.3963852524757385,-0.09343987703323364,0.40124601125717163,0.5320599675178528,-0.062068454921245575,0.407207190990448,0.4805046021938324,-0.08389021456241608,0.4063708484172821,0.44782501459121704,-0.09459670633077621,0.4044813811779022,0.41958925127983093,-0.10288714617490768,0.4127519726753235,0.5535651445388794,-0.0673169419169426,0.4199788272380829,0.5126398801803589,-0.08553574234247208,0.42128124833106995,0.4878562092781067,-0.09468817710876465,0.4209178686141968,0.4661623239517212,-0.10363876074552536,0.502708375453949,0.5001692771911621,-1.69234936038265e-05,0.47154533863067627,0.4815916419029236,0.004555107560008764,0.4548683762550354,0.4286804795265198,-0.0011470663594081998,0.452806293964386,0.3904169201850891,-0.013952904380857944,0.4582045078277588,0.3616476058959961,-0.029090743511915207,0.4694382846355438,0.3720683753490448,-0.00485936040058732,0.45792508125305176,0.31942546367645264,-0.028079604730010033,0.44513946771621704,0.3251185417175293,-0.04190924018621445,0.43990808725357056,0.35195282101631165,-0.04611916467547417,0.48681896924972534,0.37017330527305603,-0.0171758271753788,0.46142682433128357,0.36815160512924194,-0.03767746686935425,0.4549912214279175,0.4038323163986206,-0.04844691976904869,0.4583195745944977,0.42939937114715576,-0.0503985732793808,0.5006003975868225,0.3812011182308197,-0.032069552689790726,0.474068284034729,0.3880500793457031,-0.051294367760419846,0.4696366786956787,0.4234476387500763,-0.05596671625971794,0.47271203994750977,0.44446319341659546,-0.05506458505988121,0.5114549398422241,0.4001699388027191,-0.04704003781080246,0.48815327882766724,0.4076959192752838,-0.05793832987546921,0.4822618365287781,0.435587078332901,-0.05969852954149246,0.48422858119010925,0.45027899742126465,-0.05725953355431557,0.4822435975074768,0.20399007201194763,-0.0018813390051946044,0.5023585557937622,0.1705273538827896,-0.0013700597919523716,0.5133121609687805,0.17289473116397858,0.005123658571392298,0.5241900682449341,0.17536087334156036,0.0009664049721322954,0.4703986346721649,0.16549687087535858,0.006358721759170294,0.45978662371635437,0.1643216907978058,-0.001256895367987454,0.4494614899158478,0.16314399242401123,-0.003492975840345025,0.542650043964386,0.20558881759643555,-0.0038187154568731785,0.4351940155029297,0.1876203864812851,-0.002692482201382518,0.5013327598571777,0.2635398805141449,-0.002510723425075412,0.46039438247680664,0.257147878408432,-0.003791011404246092,0.5991455912590027,0.4397582709789276,-0.0304782185703516,0.3592209815979004,0.4309234321117401,0.030192598700523376,0.6620596647262573,0.7413361668586731,-0.22850877046585083,0.29210108518600464,0.7730793952941895,-0.05993807688355446,0.5167037844657898,0.47582125663757324,-0.44517916440963745,0.39672204852104187,0.610549807548523,-0.4183153212070465,0.49442654848098755,0.4117688238620758,0.0018424317240715027,0.4080760180950165,0.5690578818321228,-0.0019981402438133955,0.48608049750328064,0.3827565312385559,0.003835774026811123,0.41569724678993225,0.5250871181488037,0.0009788365568965673,0.48882392048835754,0.41372251510620117,-0.0016421076143160462,0.41789644956588745,0.5480498671531677,-0.002800618065521121,0.5551574230194092,0.9976484775543213,0.037401992827653885,0.3730926811695099,0.9860463738441467,0.0826156735420227
800.0,0.38037416338920593,0.601699948310852,2.397744935933588e-07,0.37138858437538147,0.549375057220459,0.012963942252099514,0.37661588191986084,0.5012738108634949,0.010131693445146084,0.38434579968452454,0.46795135736465454,0.005617508199065924,0.38516828417778015,0.44636425375938416,-0.001647159573622048,0.37960588932037354,0.5027435421943665,-0.03545922785997391,0.38397645950317383,0.45628389716148376,-0.054393768310546875,0.38089603185653687,0.42580264806747437,-0.0628894492983818,0.3764141798019409,0.4015887975692749,-0.06697805970907211,0.3906521797180176,0.5160003900527954,-0.04796641692519188,0.39558079838752747,0.4648977518081665,-0.0707235038280487,0.39528700709342957,0.43139439821243286,-0.07990582287311554,0.39413800835609436,0.40325719118118286,-0.08712930232286453,0.4035027325153351,0.5359546542167664,-0.056226763874292374,0.4106055796146393,0.48480722308158875,-0.07634934782981873,0.41034701466560364,0.45304203033447266,-0.08513231575489044,0.40797439217567444,0.4272865653038025,-0.09158587455749512,0.41640686988830566,0.5590707063674927,-0.061491597443819046,0.4241439700126648,0.5176480412483215,-0.07762549817562103,0.4249776601791382,0.492614209651947,-0.08444452285766602,0.42363786697387695,0.47058427333831787,-0.09117933362722397,0.5019968152046204,0.5015769004821777,-1.8089682271238416e-05,0.4702168107032776,0.4818962812423706,0.003067939542233944,0.45364561676979065,0.4248077869415283,-0.0026118839159607887,0.4521574378013611,0.3831765651702881,-0.014346042647957802,0.45837241411209106,0.35273945331573486,-0.027982350438833237,0.4692883789539337,0.3715112805366516,-0.0069713774137198925,0.4574430286884308,0.31907376646995544,-0.029408227652311325,0.4447459876537323,0.32440927624702454,-0.04211316630244255,0.43980324268341064,0.3499754071235657,-0.0456039123237133,0.487045019865036,0.37044793367385864,-0.018420934677124023,0.4617026746273041,0.3669584095478058,-0.0380437932908535,0.4551333487033844,0.4023626744747162,-0.04831267520785332,0.4584704339504242,0.4277259409427643,-0.050491057336330414,0.5010116100311279,0.3828393816947937,-0.03220193460583687,0.4749435782432556,0.38711991906166077,-0.05048476159572601,0.469949334859848,0.42209047079086304,-0.05423672869801521,0.47266530990600586,0.4437273442745209,-0.05293973162770271,0.5120927095413208,0.40325671434402466,-0.04628454148769379,0.488865464925766,0.41012102365493774,-0.05617059767246246,0.4824514389038086,0.43739479780197144,-0.0567384772002697,0.4840378761291504,0.45172417163848877,-0.05384904891252518,0.4810304045677185,0.20177990198135376,-0.0018794300267472863,0.5009745359420776,0.16883574426174164,-0.0013724735472351313,0.5118563771247864,0.17106269299983978,0.005119752138853073,0.5226626396179199,0.17340438067913055,0.0009626778773963451,0.46923986077308655,0.16441375017166138,0.006350172217935324,0.4587317705154419,0.16352729499340057,-0.0012568080564960837,0.4484948515892029,0.16263651847839355,-0.003491393756121397,0.5416527390480042,0.20418091118335724,-0.0038160504773259163,0.4348646104335785,0.18760335445404053,-0.0026646144688129425,0.5005656480789185,0.2613180875778198,-0.0025115953758358955,0.4599849283695221,0.25577810406684875,-0.0037809174973517656,0.5989967584609985,0.43976065516471863,-0.030640386044979095,0.3592146933078766,0.43220025300979614,0.030362509191036224,0.66214519739151,0.7404316067695618,-0.22752538323402405,0.29214638471603394,0.7731163501739502,-0.05731097236275673,0.5169981718063354,0.4741894602775574,-0.44603681564331055,0.3962317705154419,0.610369861125946,-0.41569966077804565,0.49415022134780884,0.4106025993824005,0.0018405240261927247,0.40800905227661133,0.5700832605361938,-0.002000601263716817,0.4855510890483856,0.38190147280693054,0.003831481095403433,0.41556763648986816,0.5259309411048889,0.0009915208211168647,0.48871999979019165,0.4127093255519867,-0.0016501260688528419,0.4176075756549835,0.5484627485275269,-0.0027934378013014793,0.5551455616950989,0.9977017641067505,0.02796466462314129,0.37329089641571045,0.9861996173858643,0.07646451890468597
816.6666666666666,0.3847634196281433,0.6034766435623169,-9.273602699977346e-06,0.38116827607154846,0.547325611114502,0.013789895921945572,0.38980773091316223,0.49793118238449097,0.008400065824389458,0.399286150932312,0.46621382236480713,0.0011942595010623336,0.40126559138298035,0.44406187534332275,-0.008463523350656033,0.38316187262535095,0.5021095275878906,-0.03984677419066429,0.38492387533187866,0.45781609416007996,-0.06222524493932724,0.38175612688064575,0.42751339077949524,-0.07308600097894669,0.3787260055541992,0.4009919762611389,-0.07863379269838333,0.3918205797672272,0.5158487558364868,-0.054553188383579254,0.3941415846347809,0.4684514105319977,-0.08217643201351166,0.3924143612384796,0.4331496059894562,-0.09496339410543442,0.39129167795181274,0.4025564193725586,-0.10525088012218475,0.4035428762435913,0.5361853241920471,-0.06516275554895401,0.40900248289108276,0.48904693126678467,-0.09034417569637299,0.4071597456932068,0.45636820793151855,-0.10399378091096878,0.4044947326183319,0.42898571491241455,-0.11478559672832489,0.416151762008667,0.5604277849197388,-0.07214461266994476,0.4228849709033966,0.5212416052818298,-0.0922369509935379,0.42414456605911255,0.4972710907459259,-0.10361384600400925,0.4239107072353363,0.4754977822303772,-0.11523404717445374,0.501001238822937,0.49000284075737,1.5098653420864139e-06,0.47047239542007446,0.46679553389549255,0.002859931206330657,0.45435187220573425,0.411271333694458,-0.003850590204820037,0.45568615198135376,0.37141069769859314,-0.01764412596821785,0.4665343165397644,0.3464219570159912,-0.033901508897542953,0.47170016169548035,0.35811108350753784,-0.008760537952184677,0.46177083253860474,0.30508148670196533,-0.03170623630285263,0.4508422315120697,0.3080453872680664,-0.04348449781537056,0.4463495910167694,0.3352435231208801,-0.04487098753452301,0.4894828498363495,0.35884565114974976,-0.018661515787243843,0.46570250391960144,0.35687994956970215,-0.03794591873884201,0.4601706862449646,0.39281460642814636,-0.045530375093221664,0.46440818905830383,0.4171897768974304,-0.04450071603059769,0.5033712387084961,0.37212586402893066,-0.03153243660926819,0.4782186448574066,0.37953004240989685,-0.049129314720630646,0.47400763630867004,0.4161069989204407,-0.053778693079948425,0.4778916537761688,0.4364117681980133,-0.05392041057348251,0.5147359371185303,0.3927224278450012,-0.044382624328136444,0.49232104420661926,0.3981439173221588,-0.05423741042613983,0.48603492975234985,0.42669329047203064,-0.05699894577264786,0.4885067045688629,0.44144195318222046,-0.05674159154295921,0.47964566946029663,0.20163892209529877,-0.0018744372064247727,0.49997323751449585,0.1684652864933014,-0.0013800711603835225,0.5108872652053833,0.17071759700775146,0.005114883184432983,0.5217280983924866,0.17310215532779694,0.0009600968332961202,0.4682665467262268,0.16403871774673462,0.006340543739497662,0.45780274271965027,0.16318665444850922,-0.0012567914091050625,0.44760507345199585,0.16236750781536102,-0.0034901928156614304,0.5411840677261353,0.20364928245544434,-0.003816009033471346,0.43463772535324097,0.18735741078853607,-0.0026362575590610504,0.4995673596858978,0.261190801858902,-0.0025130268186330795,0.4592234790325165,0.2555200755596161,-0.003752451390028,0.5989971160888672,0.43971091508865356,-0.029642555862665176,0.35918283462524414,0.4322223961353302,0.029373973608016968,0.6630620956420898,0.7409208416938782,-0.21920345723628998,0.29259350895881653,0.7731800079345703,-0.05819942429661751,0.5176305174827576,0.47551122307777405,-0.4459645450115204,0.39631080627441406,0.6081721186637878,-0.4151311218738556,0.4948306679725647,0.4099970757961273,0.001838954514823854,0.40906548500061035,0.5675456523895264,-0.002006010850891471,0.4866464138031006,0.38163208961486816,0.003817935474216938,0.41593217849731445,0.5225298404693604,0.0009987028315663338,0.4896186292171478,0.4129185378551483,-0.001658220891840756,0.417770117521286,0.5452056527137756,-0.002792408922687173,0.556403636932373,0.9973194599151611,0.02592659927904606,0.37481388449668884,0.9862617254257202,0.0729106068611145
833.3333333333334,0.3829632103443146,0.6007041335105896,-8.707483516445791e-07,0.37394222617149353,0.5449162721633911,0.013723879121243954,0.377006858587265,0.494407057762146,0.010593635030090809,0.38007402420043945,0.4555782675743103,0.005482961889356375,0.37632831931114197,0.4244903326034546,-0.0027196945156902075,0.380392462015152,0.49806439876556396,-0.036329612135887146,0.38584789633750916,0.45643049478530884,-0.05547504127025604,0.3832990527153015,0.4269680976867676,-0.06377030164003372,0.37948325276374817,0.4016036093235016,-0.06876863539218903,0.3911019563674927,0.5122441053390503,-0.05045667663216591,0.3969796597957611,0.4645437002182007,-0.07369408011436462,0.3968799412250519,0.4331035315990448,-0.08305641263723373,0.3960883617401123,0.40450090169906616,-0.09076844155788422,0.40388646721839905,0.5345373153686523,-0.06067928671836853,0.412200927734375,0.48749101161956787,-0.08369708806276321,0.4121094346046448,0.45719531178474426,-0.09335733950138092,0.4093616306781769,0.4314708709716797,-0.10131070762872696,0.4170876741409302,0.5610845685005188,-0.06794119626283646,0.42624884843826294,0.5248013138771057,-0.08872845768928528,0.4277486801147461,0.5002949237823486,-0.09905020147562027,0.4266088306903839,0.4767014682292938,-0.10834432393312454,0.5016530156135559,0.49136215448379517,-1.4944726899557281e-05,0.47021496295928955,0.4738781750202179,0.002943699946627021,0.45534658432006836,0.41558659076690674,-0.003277054987847805,0.4583500623703003,0.3734741806983948,-0.015521171502768993,0.46884599328041077,0.3438189923763275,-0.02905126102268696,0.4700252115726471,0.36405667662620544,-0.0026651828084141016,0.4605560600757599,0.30672168731689453,-0.02619129791855812,0.44931405782699585,0.3101792335510254,-0.03996427357196808,0.4453904926776886,0.3356606066226959,-0.043639812618494034,0.4884062111377716,0.36105892062187195,-0.014393175952136517,0.4646637737751007,0.35357776284217834,-0.03410772979259491,0.45907124876976013,0.3914726972579956,-0.04257681965827942,0.4631526470184326,0.4172113537788391,-0.041863199323415756,0.502853274345398,0.37151142954826355,-0.02856099233031273,0.47672009468078613,0.37868866324424744,-0.0479288250207901,0.4730735719203949,0.41741323471069336,-0.052775681018829346,0.4777129888534546,0.4374786615371704,-0.05195557698607445,0.5138834714889526,0.38889190554618835,-0.043451275676488876,0.48886603116989136,0.4008899927139282,-0.05222829431295395,0.4837091565132141,0.431549996137619,-0.05233502388000488,0.4878333508968353,0.4449668824672699,-0.04896588623523712,0.4785436689853668,0.20166124403476715,-0.0018665180541574955,0.4990925192832947,0.16833077371120453,-0.0013881194172427058,0.510051429271698,0.1705465018749237,0.00510983495041728,0.5209370851516724,0.17288878560066223,0.0009551660623401403,0.46734195947647095,0.1639745980501175,0.006339977495372295,0.456894189119339,0.16314807534217834,-0.001257865340448916,0.446711003780365,0.16235968470573425,-0.0034888689406216145,0.5409013032913208,0.20329946279525757,-0.0038102352991700172,0.43437767028808594,0.1873384267091751,-0.0026204106397926807,0.49887457489967346,0.2612060606479645,-0.0025219928938895464,0.45859891176223755,0.2555311322212219,-0.0037343811709433794,0.5990623831748962,0.4400198757648468,-0.029654374346137047,0.3592675030231476,0.4328456521034241,0.02938693016767502,0.6630131602287292,0.7441421747207642,-0.22115649282932281,0.2926504909992218,0.773661196231842,-0.05771780014038086,0.5176838040351868,0.4746447503566742,-0.4458692669868469,0.3963281214237213,0.6078612208366394,-0.4115029275417328,0.494785875082016,0.4073607623577118,0.0018363459967076778,0.40975281596183777,0.5677300691604614,-0.0020285039208829403,0.4870883524417877,0.37965264916419983,0.003817311255261302,0.4164735674858093,0.5223590135574341,0.001002633129246533,0.48993274569511414,0.4112107455730438,-0.001659607165493071,0.41804128885269165,0.5448961853981018,-0.002780789975076914,0.5575576424598694,0.997356653213501,0.010412126779556274,0.3756645619869232,0.9867751002311707,0.05857689306139946
850.0000000000001,0.38855209946632385,0.5918816924095154,-1.7434542314731516e-05,0.38174882531166077,0.5405636429786682,0.013941795565187931,0.38302165269851685,0.48958820104599,0.011977746151387691,0.38288629055023193,0.449157178401947,0.0075837671756744385,0.37652865052223206,0.4138422906398773,0.0023308463860303164,0.3885751962661743,0.49041175842285156,-0.020548392087221146,0.39843758940696716,0.45708078145980835,-0.033782850950956345,0.4006217420101166,0.4317437708377838,-0.03961976245045662,0.4001180827617645,0.4085424542427063,-0.04358271136879921,0.3990592658519745,0.5050991177558899,-0.03291579708456993,0.4084411859512329,0.4671497344970703,-0.04838835448026657,0.4101347327232361,0.4390002191066742,-0.05639640986919403,0.410140722990036,0.4160038232803345,-0.06355901807546616,0.4105575382709503,0.5276155471801758,-0.041927602142095566,0.4208070635795593,0.4871986210346222,-0.055803656578063965,0.4227583408355713,0.46056869626045227,-0.06100475788116455,0.4223574101924896,0.4365004003047943,-0.06618189066648483,0.4217779338359833,0.5541250109672546,-0.04831443727016449,0.43191206455230713,0.5215958952903748,-0.060771629214286804,0.4339261054992676,0.49807846546173096,-0.06644907593727112,0.43413594365119934,0.4753320515155792,-0.07271063327789307,0.49788182973861694,0.5094264149665833,-3.782867861445993e-05,0.4671308398246765,0.4817036986351013,0.001131971599534154,0.45254185795783997,0.42691317200660706,-0.007888120599091053,0.44985729455947876,0.3881247639656067,-0.022139698266983032,0.45289143919944763,0.3596278429031372,-0.03829345107078552,0.46715274453163147,0.37386029958724976,-0.015324391424655914,0.45817863941192627,0.32043004035949707,-0.041189469397068024,0.4445124566555023,0.32818785309791565,-0.055557187646627426,0.43790560960769653,0.3521974980831146,-0.0602983757853508,0.4843125641345978,0.3794139325618744,-0.027375254780054092,0.46173110604286194,0.3720063269138336,-0.05259273946285248,0.45128726959228516,0.4054074287414551,-0.0622873418033123,0.45183226466178894,0.43064936995506287,-0.06444597989320755,0.4983923137187958,0.3959311544895172,-0.04093097522854805,0.4777805805206299,0.39405447244644165,-0.06214498355984688,0.46857699751853943,0.4262739419937134,-0.06279067695140839,0.46709001064300537,0.45066744089126587,-0.05959438160061836,0.5101636052131653,0.4187535047531128,-0.05481090024113655,0.4918119013309479,0.41621553897857666,-0.06544512510299683,0.4832797348499298,0.44082969427108765,-0.06184344366192818,0.48242372274398804,0.4592432677745819,-0.05666748434305191,0.4785330295562744,0.20106497406959534,-0.0018617043970152736,0.4990694522857666,0.16773171722888947,-0.0013989965664222836,0.5100279450416565,0.16976295411586761,0.005105441901832819,0.5209135413169861,0.17190225422382355,0.0009460052824579179,0.4673217236995697,0.16384102404117584,0.006339916493743658,0.4568917751312256,0.16314059495925903,-0.0012654031161218882,0.44669580459594727,0.16229751706123352,-0.0034868107177317142,0.5410072803497314,0.20241795480251312,-0.0037991730496287346,0.4343423545360565,0.18739190697669983,-0.002603175351396203,0.49894285202026367,0.2605275809764862,-0.002539003035053611,0.45870861411094666,0.2554836571216583,-0.0037301331758499146,0.6013867259025574,0.4398196339607239,-0.032787024974823,0.36100879311561584,0.4329838156700134,0.032511718571186066,0.6628316044807434,0.7447874546051025,-0.22275510430335999,0.29354211688041687,0.7728226184844971,-0.05197717621922493,0.5163520574569702,0.47412893176078796,-0.4448384642601013,0.39742186665534973,0.6073542833328247,-0.41245636343955994,0.493153840303421,0.40849852561950684,0.0018280335934832692,0.4111892282962799,0.566248893737793,-0.002116537420079112,0.48473241925239563,0.37957966327667236,0.0038108201697468758,0.41866740584373474,0.5211872458457947,0.001009556814096868,0.4878435432910919,0.4104388356208801,-0.0016632857732474804,0.4197366237640381,0.5441064238548279,-0.002778397174552083,0.5618242621421814,0.996612548828125,-0.007950560189783573,0.37796950340270996,0.9869681000709534,0.048015616834163666
866.6666666666667,0.39119866490364075,0.586558997631073,-3.252024544053711e-05,0.3836718797683716,0.5368658900260925,0.012520696967840195,0.3841187059879303,0.48481398820877075,0.009080363437533379,0.383090615272522,0.44346651434898376,0.005338649265468121,0.3745528757572174,0.41126197576522827,0.00019325761240907013,0.3898463547229767,0.48940131068229675,-0.03146734833717346,0.400029718875885,0.4542001485824585,-0.04326699301600456,0.4019509553909302,0.4265887141227722,-0.04532015696167946,0.4004785120487213,0.4019496738910675,-0.048025041818618774,0.40246638655662537,0.5056858658790588,-0.0411832258105278,0.411112517118454,0.46416255831718445,-0.056721147149801254,0.41217565536499023,0.434394896030426,-0.062403131276369095,0.41084665060043335,0.41113248467445374,-0.06797713041305542,0.4147964119911194,0.528103768825531,-0.0460432730615139,0.42444729804992676,0.48387467861175537,-0.05633892863988876,0.4257795214653015,0.45781490206718445,-0.05585244297981262,0.42418327927589417,0.4361828565597534,-0.05836523324251175,0.4257128834724426,0.5534911155700684,-0.04891908913850784,0.4352470934391022,0.516108512878418,-0.058355823159217834,0.4359142482280731,0.49318620562553406,-0.06110137328505516,0.43442144989967346,0.47405606508255005,-0.06585700809955597,0.49860242009162903,0.5122873187065125,-2.6188949050265364e-05,0.4657966196537018,0.48678794503211975,0.0025005205534398556,0.4499925971031189,0.43068552017211914,-0.0038327553775161505,0.44496607780456543,0.3932726979255676,-0.01638658158481121,0.4445849061012268,0.36563926935195923,-0.03204963728785515,0.4663144052028656,0.3759845495223999,-0.010868671350181103,0.45874443650245667,0.3204197287559509,-0.03418698161840439,0.4445623755455017,0.325689435005188,-0.0476076602935791,0.43692532181739807,0.35065072774887085,-0.05218171700835228,0.48483285307884216,0.3788827061653137,-0.02214694768190384,0.4621177017688751,0.37284746766090393,-0.044119756668806076,0.45240288972854614,0.4058835804462433,-0.056756641715765,0.45276308059692383,0.4313834607601166,-0.061225686222314835,0.49981650710105896,0.3939089775085449,-0.03551793098449707,0.47733569145202637,0.39418652653694153,-0.05464176833629608,0.4681991636753082,0.4256943166255951,-0.06029246374964714,0.4668004810810089,0.4490370452404022,-0.06041121110320091,0.5119406580924988,0.41660767793655396,-0.04954305291175842,0.49164000153541565,0.41649129986763,-0.05976901948451996,0.4823216199874878,0.4416414499282837,-0.06153928488492966,0.48066526651382446,0.4587239623069763,-0.05975942686200142,0.4790233075618744,0.20101849734783173,-0.0018541355384513736,0.4996120035648346,0.1677042841911316,-0.0014093185309320688,0.5106149315834045,0.16974179446697235,0.00510277459397912,0.5215451121330261,0.17189057171344757,0.0009376889211125672,0.4677205979824066,0.16382597386837006,0.0063391500152647495,0.45724642276763916,0.16314053535461426,-0.0012682955712080002,0.44701412320137024,0.16228438913822174,-0.003486225614324212,0.5418295860290527,0.2024165838956833,-0.0037959893234074116,0.4345722198486328,0.18737652897834778,-0.0025994209572672844,0.49962663650512695,0.2605245113372803,-0.002541185822337866,0.45922884345054626,0.2554653584957123,-0.00373003538697958,0.6026204824447632,0.43981191515922546,-0.03236405551433563,0.3615272343158722,0.4330088794231415,0.03208436071872711,0.6624977588653564,0.7460939884185791,-0.2197820097208023,0.29323121905326843,0.7733973264694214,-0.05405766889452934,0.515841543674469,0.4743918776512146,-0.4444844424724579,0.39784160256385803,0.6072036623954773,-0.413128137588501,0.4897429347038269,0.41009050607681274,0.0018204321386292577,0.4130087196826935,0.5666199326515198,-0.0021457758266478777,0.48336583375930786,0.3798219561576843,0.0038084671832621098,0.4202001988887787,0.5213735103607178,0.0010126648703590035,0.4872758388519287,0.4104962646961212,-0.0016689326148480177,0.42066335678100586,0.5438480377197266,-0.0027755508199334145,0.5651763677597046,0.9963718056678772,0.011569280177354813,0.3799522817134857,0.9872815012931824,0.060959797352552414
883.3333333333334,0.3929551839828491,0.5831159353256226,-2.6290768801118247e-05,0.38474735617637634,0.5339488387107849,0.013260694220662117,0.3847280442714691,0.4815540313720703,0.009139166213572025,0.3835945725440979,0.43941348791122437,0.004581873770803213,0.3753766417503357,0.4067070782184601,-0.001394994673319161,0.38925614953041077,0.486905574798584,-0.03543723374605179,0.3987223505973816,0.4512487053871155,-0.04909869655966759,0.40048184990882874,0.4241773188114166,-0.052681874483823776,0.39967960119247437,0.39939671754837036,-0.057017579674720764,0.4014613628387451,0.5029643774032593,-0.04619148001074791,0.410086065530777,0.46199581027030945,-0.06418076157569885,0.4109378755092621,0.4330171048641205,-0.07213960587978363,0.4096495509147644,0.409105122089386,-0.07936893403530121,0.4139444828033447,0.5254916548728943,-0.051640309393405914,0.42409664392471313,0.48247337341308594,-0.06341254711151123,0.4255552887916565,0.4573138654232025,-0.06398948282003403,0.42397117614746094,0.4357850253582001,-0.06771630793809891,0.42516669631004333,0.5514658093452454,-0.05509018152952194,0.43457087874412537,0.5145052671432495,-0.06651327013969421,0.43537437915802,0.49165114760398865,-0.07061509788036346,0.4340117573738098,0.4727919101715088,-0.0760895237326622,0.498932808637619,0.5140647888183594,-3.1944873626343906e-05,0.4659479260444641,0.48783519864082336,0.0035671384539455175,0.4499959945678711,0.4300442934036255,-0.002407046966254711,0.4454982876777649,0.39083632826805115,-0.01501805055886507,0.44733384251594543,0.3632489740848541,-0.03083636984229088,0.46671873331069946,0.37529149651527405,-0.010342749767005444,0.45833659172058105,0.31949958205223083,-0.033561091870069504,0.4436935782432556,0.3267597556114197,-0.04616045951843262,0.43599045276641846,0.35305503010749817,-0.049648113548755646,0.4852706491947174,0.37844157218933105,-0.02205568552017212,0.46167421340942383,0.3728256821632385,-0.04365282133221626,0.4517368972301483,0.40716850757598877,-0.05513131991028786,0.45244041085243225,0.4325454831123352,-0.05841365084052086,0.5002470016479492,0.3938760459423065,-0.035971254110336304,0.4768938720226288,0.3948274254798889,-0.054762449115514755,0.46780166029930115,0.4269968867301941,-0.05974006652832031,0.4667854309082031,0.4498293697834015,-0.05961555242538452,0.5122053623199463,0.4172966182231903,-0.05051710084080696,0.49122506380081177,0.4181121587753296,-0.059943098574876785,0.4821801483631134,0.4435279369354248,-0.061390023678541183,0.48093125224113464,0.459819495677948,-0.0598374642431736,0.4797087013721466,0.20108197629451752,-0.0018342164112254977,0.5002704858779907,0.16769610345363617,-0.0014149259077385068,0.5113050937652588,0.16974569857120514,0.005098721943795681,0.5222644209861755,0.17190666496753693,0.0009168833494186401,0.4682348370552063,0.16377854347229004,0.006341417320072651,0.45768362283706665,0.16307775676250458,-0.0012691536685451865,0.44738173484802246,0.16222365200519562,-0.003479709615930915,0.5422280430793762,0.20238199830055237,-0.003791618160903454,0.4345669746398926,0.1873117983341217,-0.002594772493466735,0.5002052783966064,0.26060229539871216,-0.0025412444956600666,0.4596494734287262,0.25544652342796326,-0.0037294712383300066,0.6031994819641113,0.4394104480743408,-0.03200756013393402,0.36174651980400085,0.43285319209098816,0.03173314779996872,0.6614052653312683,0.746446430683136,-0.2065628319978714,0.2937373220920563,0.7732642292976379,-0.05401943251490593,0.5158305764198303,0.4752195179462433,-0.44010376930236816,0.3990183174610138,0.6063240766525269,-0.41150134801864624,0.4883563816547394,0.4121682345867157,0.0018069546204060316,0.4147703945636749,0.5664352178573608,-0.0021698290947824717,0.48317471146583557,0.3801065683364868,0.0038079204969108105,0.4214930534362793,0.5196956992149353,0.001015402958728373,0.4871590733528137,0.41061389446258545,-0.0016834454145282507,0.42192408442497253,0.5417434573173523,-0.002751396270468831,0.5692214369773865,0.9954516291618347,0.017394402995705605,0.3833841383457184,0.9862804412841797,0.07764911651611328
900.0,0.4019467830657959,0.5813581943511963,-1.778626574377995e-05,0.4092729091644287,0.5458655953407288,0.006747626233845949,0.4163617491722107,0.5058766007423401,0.001731674768961966,0.4208601713180542,0.47889214754104614,-0.0038299779407680035,0.42359644174575806,0.45283040404319763,-0.010246802121400833,0.41231220960617065,0.49079814553260803,-0.02792252041399479,0.41682490706443787,0.4521787762641907,-0.043790657073259354,0.42005032300949097,0.4200429916381836,-0.0547294057905674,0.4240974485874176,0.3913530707359314,-0.06349136680364609,0.40947023034095764,0.4928813576698303,-0.038843270391225815,0.4152190685272217,0.4497776925563812,-0.0579708069562912,0.41999927163124084,0.41502147912979126,-0.06975282728672028,0.4257728159427643,0.381844699382782,-0.0799192264676094,0.40716275572776794,0.5006168484687805,-0.047709010541439056,0.4128793478012085,0.45628660917282104,-0.06348910182714462,0.4172980487346649,0.4232586622238159,-0.07233738899230957,0.4219108819961548,0.3943306803703308,-0.08031769096851349,0.4056619703769684,0.5145459771156311,-0.05474182218313217,0.408901572227478,0.47931531071662903,-0.06830258667469025,0.4107908606529236,0.4533099830150604,-0.07511599361896515,0.41317683458328247,0.43008723855018616,-0.08154495060443878,,,,,,,,,,,,,,,,,,,,,,,,,,,,,,,,,,,,,,,,,,,,,,,,,,,,,,,,,,,,,,,,0.4811413586139679,0.20368200540542603,-0.001833384158089757,0.5013075470924377,0.16915631294250488,-0.0014113773358985782,0.5122517943382263,0.17128197848796844,0.00509444298222661,0.5231199264526367,0.1735237091779709,0.0008975181845016778,0.4695362448692322,0.16484342515468597,0.006384475156664848,0.45897307991981506,0.16393400728702545,-0.0013056242605671287,0.4486624598503113,0.16294701397418976,-0.003479482140392065,0.5420563220977783,0.20286789536476135,-0.003788871457800269,0.4349033534526825,0.18731416761875153,-0.0025695087388157845,0.5007742643356323,0.2624034881591797,-0.002563148271292448,0.46044406294822693,0.2566920816898346,-0.003734346479177475,0.601140022277832,0.4386235475540161,-0.036116037517786026,0.3633892238140106,0.43185093998908997,0.03590353950858116,0.6582000255584717,0.7420284748077393,-0.2026558369398117,0.29307496547698975,0.7731323838233948,-0.05402146279811859,0.5091627836227417,0.5095798969268799,-0.42289087176322937,0.40478673577308655,0.5913745760917664,-0.41068896651268005,0.4761802852153778,0.46817997097969055,0.0017861758824437857,0.42198386788368225,0.5559794306755066,-0.002178587717935443,0.4701734781265259,0.4302055835723877,0.0037960864137858152,0.43274280428886414,0.508853018283844,0.001031514024361968,0.47786855697631836,0.45536118745803833,-0.0017199523281306028,0.4315182864665985,0.5315569639205933,-0.0027015346568077803,0.5686036348342896,0.9910562634468079,0.017242738977074623,0.3869248330593109,0.9832546710968018,0.07767794281244278
916.6666666666667,0.40385502576828003,0.5791147351264954,-1.0018159628089052e-05,0.39491674304008484,0.5360416769981384,0.0015638581244274974,0.39631974697113037,0.49110785126686096,-0.0068242596462368965,0.39988699555397034,0.4583050608634949,-0.014910168014466763,0.4012916684150696,0.43121176958084106,-0.0238555409014225,0.4022849202156067,0.48498737812042236,-0.044786740094423294,0.40848997235298157,0.4460248351097107,-0.06462541222572327,0.41242411732673645,0.4141913056373596,-0.07656966894865036,0.41622933745384216,0.38584133982658386,-0.08596841990947723,0.4115426242351532,0.4971257448196411,-0.05272865295410156,0.4175039231777191,0.453058660030365,-0.07641035318374634,0.42227989435195923,0.41926923394203186,-0.08925069868564606,0.4270244240760803,0.3884875774383545,-0.10021888464689255,0.42109763622283936,0.5159449577331543,-0.05738475173711777,0.42737793922424316,0.4711062014102936,-0.07561682164669037,0.43087878823280334,0.4398728609085083,-0.08355516940355301,0.43390369415283203,0.4125826060771942,-0.09095940738916397,0.43093961477279663,0.5400372743606567,-0.06051378697156906,0.43831366300582886,0.5053767561912537,-0.07383684068918228,0.44085466861724854,0.48149603605270386,-0.07941899448633194,0.4430657625198364,0.4614819288253784,-0.08500280231237411,0.507625937461853,0.5472310185432434,-1.4308665413409472e-05,0.48377686738967896,0.517928421497345,0.012576606124639511,0.4699307680130005,0.48555633425712585,0.009322514757514,0.45982980728149414,0.46407029032707214,-2.6423171220812947e-05,0.4497619867324829,0.45195096731185913,-0.011663278564810753,0.47596657276153564,0.433916836977005,-0.0017350956331938505,0.45824751257896423,0.41147276759147644,-0.015043387189507484,0.4452427923679352,0.39639589190483093,-0.025942325592041016,0.4349566102027893,0.38597798347473145,-0.031230052933096886,0.48476922512054443,0.43697887659072876,-0.01728758215904236,0.458768755197525,0.4382442831993103,-0.034182555973529816,0.4475131332874298,0.4636998772621155,-0.04176707938313484,0.4427790343761444,0.48922374844551086,-0.04358407482504845,0.49177610874176025,0.4532378315925598,-0.03245090693235397,0.4673773944377899,0.4616199731826782,-0.04817391186952591,0.45700302720069885,0.4854073226451874,-0.05030607804656029,0.4530828297138214,0.5101358294487,-0.0482771210372448,0.498208612203598,0.4743378162384033,-0.046413809061050415,0.47742876410484314,0.47863271832466125,-0.05658024922013283,0.46728813648223877,0.49600574374198914,-0.053388793021440506,0.46355190873146057,0.5155202150344849,-0.048797186464071274,0.48225975036621094,0.2040286362171173,-0.0018300906522199512,0.502459704875946,0.16983629763126373,-0.0014106204034760594,0.5133106708526611,0.17216238379478455,0.005090547725558281,0.524084210395813,0.17461228370666504,0.0008809331338852644,0.4708377420902252,0.16505955159664154,0.006420712452381849,0.46030858159065247,0.16398479044437408,-0.0013296151300892234,0.45003262162208557,0.16287638247013092,-0.003477561054751277,0.5423113107681274,0.20389324426651,-0.003786905901506543,0.43553152680397034,0.18704712390899658,-0.0025535132735967636,0.5011591911315918,0.26289016008377075,-0.002577157923951745,0.4610081613063812,0.25653529167175293,-0.003740812884643674,0.5997970104217529,0.43703263998031616,-0.0395418256521225,0.36366480588912964,0.4304259419441223,0.03933947905898094,0.6556496024131775,0.7423084378242493,-0.20250055193901062,0.29351550340652466,0.7687897682189941,-0.05423004552721977,0.505425214767456,0.5157541036605835,-0.4219350516796112,0.40875551104545593,0.5863807201385498,-0.41111597418785095,0.47171491384506226,0.47430509328842163,0.0017738844035193324,0.4264165759086609,0.5520724058151245,-0.0021906739566475153,0.4655667245388031,0.43627485632896423,0.003780174069106579,0.43703493475914,0.504910409450531,0.0010471093701198697,0.4738452732563019,0.46140533685684204,-0.0017469963058829308,0.43543699383735657,0.5280013084411621,-0.0026816907338798046,0.5690833926200867,0.9875249266624451,0.012443656101822853,0.38769879937171936,0.9812054634094238,0.07650400698184967
933.3333333333334,0.3986499309539795,0.5869079828262329,6.939362151570094e-07,0.3907405138015747,0.5369892716407776,-0.00040313240606337786,0.39199718832969666,0.48680049180984497,-0.01327226497232914,0.39526206254959106,0.4497183859348297,-0.025671666488051414,0.3945884108543396,0.42180126905441284,-0.038812875747680664,0.396764874458313,0.4985971450805664,-0.05663753300905228,0.40632012486457825,0.46007731556892395,-0.08220987021923065,0.41009753942489624,0.4321724772453308,-0.09248938411474228,0.4115030765533447,0.40741658210754395,-0.09795177727937698,0.4067535698413849,0.5170506238937378,-0.06623192876577377,0.41499271988868713,0.4758998155593872,-0.09873905032873154,0.41931581497192383,0.4447769224643707,-0.11169760674238205,0.42278003692626953,0.4161967635154724,-0.11965923756361008,0.4181278347969055,0.5402205586433411,-0.07170230150222778,0.4275038540363312,0.5018547177314758,-0.09778310358524323,0.43074968457221985,0.4742126762866974,-0.10819835960865021,0.4312731623649597,0.45093071460723877,-0.11569935828447342,0.42949530482292175,0.5661641955375671,-0.0759601891040802,0.4405739903450012,0.5386795997619629,-0.09672020375728607,0.4439484775066376,0.5182772874832153,-0.10840350389480591,0.44492024183273315,0.4988445043563843,-0.1181812658905983,0.49431586265563965,0.55287766456604,-9.062564458872657e-06,0.46621978282928467,0.5185097455978394,0.009861599653959274,0.4517376124858856,0.47733065485954285,0.0011111885542050004,0.44227197766304016,0.4474141299724579,-0.015568002127110958,0.4318796992301941,0.42323023080825806,-0.03266841918230057,0.4596010148525238,0.43275099992752075,-0.016923626884818077,0.44435450434684753,0.4146799147129059,-0.04129725694656372,0.43376192450523376,0.41027188301086426,-0.054372638463974,0.42738988995552063,0.4164862334728241,-0.058194518089294434,0.4721384346485138,0.4362075626850128,-0.03216120973229408,0.44667261838912964,0.4632112681865692,-0.05094650387763977,0.44393232464790344,0.48875176906585693,-0.05153641104698181,0.4473682641983032,0.5042956471443176,-0.04997473582625389,0.48347800970077515,0.4550766050815582,-0.048289719969034195,0.45924627780914307,0.4888732433319092,-0.06445130705833435,0.457247793674469,0.5130932331085205,-0.05781885236501694,0.46038058400154114,0.5266340970993042,-0.05097034201025963,0.4946730136871338,0.48036429286003113,-0.06366485357284546,0.4727347493171692,0.5021539926528931,-0.07156150788068771,0.46648406982421875,0.5211533904075623,-0.06420740485191345,0.4672386348247528,0.5341507196426392,-0.056596722453832626,0.4820493757724762,0.20601123571395874,-0.0018189128022640944,0.5019048452377319,0.17040473222732544,-0.0014000278897583485,0.512828528881073,0.17255349457263947,0.005086937919259071,0.5236709713935852,0.17482885718345642,0.0008755640010349452,0.4702419638633728,0.16591621935367584,0.006440693978220224,0.459670752286911,0.16486775875091553,-0.0013422920601442456,0.4493551552295685,0.16380822658538818,-0.0034626112319529057,0.5421391725540161,0.20326532423496246,-0.003777978243306279,0.43502458930015564,0.18724295496940613,-0.0025530937127768993,0.5014429092407227,0.2639685869216919,-0.0025778028648346663,0.4612097442150116,0.2581203877925873,-0.003742943750694394,0.6010986566543579,0.43579328060150146,-0.03803660720586777,0.3635951280593872,0.42857617139816284,0.03781891614198685,0.6514274477958679,0.7455883026123047,-0.17041781544685364,0.2955681085586548,0.7639721035957336,-0.04858977720141411,0.5048648118972778,0.5233150720596313,-0.40257036685943604,0.4122779667377472,0.5863140821456909,-0.40509846806526184,0.4699583351612091,0.4854103624820709,0.0017142194556072354,0.4319261610507965,0.5532885193824768,-0.002209458267316222,0.463834673166275,0.44380947947502136,0.0037648514844477177,0.4416680335998535,0.5049120783805847,0.0010602836264297366,0.4724348187446594,0.4673820734024048,-0.0017932453192770481,0.439422607421875,0.527718722820282,-0.002635668031871319,0.5686612725257874,0.9818832278251648,0.024486422538757324,0.3857930898666382,0.9761746525764465,0.0900479331612587
950.0000000000001,0.40206295251846313,0.5925906300544739,-2.9065273338346742e-05,0.3979034721851349,0.5461955666542053,0.002758141839876771,0.40045779943466187,0.4990820586681366,-0.007374884095042944,0.40261244773864746,0.46430474519729614,-0.01685149222612381,0.402091383934021,0.4402126669883728,-0.02529442124068737,0.399961918592453,0.5040157437324524,-0.053411684930324554,0.4091956615447998,0.46270453929901123,-0.07494320720434189,0.41251856088638306,0.43456152081489563,-0.08391564339399338,0.4152119755744934,0.40928637981414795,-0.08922696858644485,0.40674829483032227,0.5175721645355225,-0.06119973585009575,0.4144735634326935,0.4718931317329407,-0.08783819526433945,0.41921180486679077,0.44091567397117615,-0.09540025144815445,0.4243617653846741,0.41333770751953125,-0.10079549252986908,0.41504937410354614,0.5356184840202332,-0.06478564441204071,0.423820823431015,0.491668164730072,-0.08478213846683502,0.42749977111816406,0.46450331807136536,-0.08998803794384003,0.42984840273857117,0.4425535202026367,-0.09350976347923279,0.4237391948699951,0.5559167265892029,-0.06680765002965927,0.43319839239120483,0.5226942300796509,-0.0803176760673523,0.43573689460754395,0.5009494423866272,-0.08617891371250153,0.4372921884059906,0.48332199454307556,-0.09190074354410172,0.48922112584114075,0.5502443313598633,-2.2901296688360162e-05,0.46042031049728394,0.522112250328064,0.006948031950742006,0.44431716203689575,0.484136700630188,-0.007351840380579233,0.43367934226989746,0.4575119614601135,-0.029054511338472366,0.42365556955337524,0.4348503649234772,-0.05115020275115967,0.4561851918697357,0.4326268136501312,-0.021825578063726425,0.44216108322143555,0.40881893038749695,-0.04771573469042778,0.4306160807609558,0.4075263440608978,-0.06402429193258286,0.42343100905418396,0.4194854497909546,-0.07188793271780014,0.4692368507385254,0.43410128355026245,-0.037066347897052765,0.4430544674396515,0.46211352944374084,-0.060935936868190765,0.4407927095890045,0.49298712611198425,-0.06280741095542908,0.4450085759162903,0.5108311772346497,-0.06074624881148338,0.481461763381958,0.4524434506893158,-0.05302737280726433,0.45563754439353943,0.48677289485931396,-0.07281576842069626,0.4536670446395874,0.514236569404602,-0.0681174248456955,0.45662882924079895,0.5282610654830933,-0.0615839883685112,0.4931190311908722,0.4782603085041046,-0.06878294050693512,0.47023728489875793,0.5031303763389587,-0.07856027781963348,0.4645382761955261,0.5239353775978088,-0.07363434135913849,0.46536678075790405,0.5349268913269043,-0.06749483197927475,0.4829195439815521,0.20774587988853455,-0.001792961498722434,0.5027927160263062,0.17117983102798462,-0.0013836089055985212,0.5137519240379333,0.17332416772842407,0.005079625174403191,0.5246284604072571,0.17559294402599335,0.0008712591952644289,0.4710913300514221,0.16648980975151062,0.0064570847898721695,0.46045616269111633,0.16530640423297882,-0.0013439636677503586,0.4500752389431,0.16413681209087372,-0.00345600675791502,0.5427669286727905,0.20321038365364075,-0.003762170672416687,0.43545272946357727,0.1870260238647461,-0.002541701542213559,0.5021503567695618,0.26514866948127747,-0.002577911363914609,0.4617936611175537,0.2590034604072571,-0.0037437358405441046,0.6010944247245789,0.4349416494369507,-0.036563411355018616,0.36345937848091125,0.42766138911247253,0.03638079762458801,0.6501679420471191,0.7480481266975403,-0.15790310502052307,0.29750856757164,0.7625519633293152,-0.04760325327515602,0.5042863488197327,0.5285346508026123,-0.4068266749382019,0.4113103449344635,0.5862270593643188,-0.4045664966106415,0.47095587849617004,0.4922235906124115,0.001670703524723649,0.4311589002609253,0.5543163418769836,-0.0022200136445462704,0.46433165669441223,0.4494920074939728,0.003754399484023452,0.4398844242095947,0.5048825740814209,0.0010723094455897808,0.4725208878517151,0.47250545024871826,-0.001831334549933672,0.4380580186843872,0.5273199677467346,-0.002617532154545188,0.5680263042449951,0.9798648357391357,0.03731274977326393,0.3858410120010376,0.9748322367668152,0.0960516557097435
966.6666666666666,0.4026276767253876,0.5953144431114197,-3.4219481221953174e-06,0.4192400276660919,0.571891725063324,-0.016409171745181084,0.43175262212753296,0.5364046096801758,-0.03236549347639084,0.4373823404312134,0.506446123123169,-0.0428808331489563,0.4390088617801666,0.48483651876449585,-0.05227817967534065,0.4156341254711151,0.5248816609382629,-0.06942582130432129,0.4211452007293701,0.4852670729160309,-0.09304698556661606,0.42329996824264526,0.4568718671798706,-0.10447552800178528,0.42575737833976746,0.4292815327644348,-0.11198138445615768,0.4074348509311676,0.5212010741233826,-0.06603320688009262,0.413369357585907,0.47803398966789246,-0.09346862882375717,0.4167636036872864,0.44547194242477417,-0.10437218844890594,0.420482873916626,0.4137508273124695,-0.11350710690021515,0.40201154351234436,0.5216189026832581,-0.0595063641667366,0.4077790677547455,0.47927483916282654,-0.08139175176620483,0.4104363024234772,0.4489550292491913,-0.0905061885714531,0.41240137815475464,0.42312565445899963,-0.09866048395633698,0.397506982088089,0.5246272087097168,-0.05229423940181732,0.4008257985115051,0.4878847897052765,-0.0668138638138771,0.40142273902893066,0.46299999952316284,-0.07551857084035873,0.4019356667995453,0.4410332441329956,-0.08479823917150497,0.48435625433921814,0.5512824058532715,-1.6331792721757665e-05,0.45580440759658813,0.524126410484314,0.003709634765982628,0.4386587142944336,0.4875345528125763,-0.013343342579901218,0.4280323386192322,0.46359318494796753,-0.03672422468662262,0.41929829120635986,0.4410875141620636,-0.06185498461127281,0.4528126120567322,0.4325539767742157,-0.02537423186004162,0.44135090708732605,0.40425431728363037,-0.05287453159689903,0.4311755895614624,0.40249428153038025,-0.07075978070497513,0.42505648732185364,0.4143935739994049,-0.08067747950553894,0.46747544407844543,0.4330222010612488,-0.03936510160565376,0.44345641136169434,0.45917433500289917,-0.06589772552251816,0.4404847025871277,0.4906602203845978,-0.06879913061857224,0.4434954524040222,0.5062749981880188,-0.06676697731018066,0.4809175133705139,0.45111557841300964,-0.05433884635567665,0.4560216963291168,0.48478439450263977,-0.07613301277160645,0.45373472571372986,0.5135523080825806,-0.07218290120363235,0.4560846984386444,0.5252141952514648,-0.0658225566148758,0.4933164417743683,0.4777544140815735,-0.06958755850791931,0.4711301922798157,0.502330482006073,-0.07995666563510895,0.4651208221912384,0.5230111479759216,-0.07627370208501816,0.4653972089290619,0.5320109724998474,-0.07107625901699066,0.4832393229007721,0.20885127782821655,-0.0017800797941163182,0.5032231211662292,0.17184647917747498,-0.001366173499263823,0.5142213702201843,0.17403271794319153,0.005076768342405558,0.5251363515853882,0.17634226381778717,0.000868497125338763,0.47144341468811035,0.16690346598625183,0.0064691212028265,0.4607599377632141,0.16558609902858734,-0.0013460014015436172,0.45033156871795654,0.164300337433815,-0.0034550707787275314,0.5431190133094788,0.2034825086593628,-0.003756254445761442,0.4354951083660126,0.1867249310016632,-0.0025314888916909695,0.5023368000984192,0.26608800888061523,-0.002577889710664749,0.46185794472694397,0.25958651304244995,-0.0037448445800691843,0.600775420665741,0.4337867200374603,-0.03586103022098541,0.36283692717552185,0.4265664219856262,0.03565026447176933,0.6501792073249817,0.7488992214202881,-0.1518860161304474,0.2983737587928772,0.7622212767601013,-0.04596481844782829,0.5047163367271423,0.5292641520500183,-0.4102765917778015,0.4116971492767334,0.5866753458976746,-0.4047251045703888,0.47221407294273376,0.4931561350822449,0.0016335052205249667,0.4318711757659912,0.5558829307556152,-0.002222093753516674,0.4650377929210663,0.4501655697822571,0.003741165855899453,0.44005686044692993,0.505456805229187,0.0010825885692611337,0.47292226552963257,0.4731422960758209,-0.0018640756607055664,0.43816938996315,0.5275450944900513,-0.0025936118327081203,0.5671603679656982,0.97836834192276,0.03697134926915169,0.3851723074913025,0.9738459587097168,0.0915742740035057
983.3333333333334,0.40050622820854187,0.5944713354110718,-2.721711325648357e-06,0.4245385527610779,0.5891979336738586,-0.018467962741851807,0.44229647517204285,0.5683842301368713,-0.03216129168868065,0.4487813115119934,0.538837730884552,-0.039610594511032104,0.4456736147403717,0.510447084903717,-0.04546348750591278,0.4255209267139435,0.5489927530288696,-0.053984496742486954,0.43067431449890137,0.5201988816261292,-0.07105828076601028,0.43366149067878723,0.5038807988166809,-0.07968707382678986,0.4356927275657654,0.49025142192840576,-0.0849044993519783,0.413070946931839,0.5331273078918457,-0.04814985394477844,0.4177060127258301,0.496256560087204,-0.06599260866641998,0.42168381810188293,0.4687615633010864,-0.07311981171369553,0.4251957833766937,0.44347453117370605,-0.07969518005847931,0.4021283984184265,0.5219190120697021,-0.04008561745285988,0.40568286180496216,0.4851027727127075,-0.05465433746576309,0.4088934361934662,0.4573023319244385,-0.06299380958080292,0.4120655357837677,0.43356451392173767,-0.0711856260895729,0.3918880522251129,0.5165168046951294,-0.03266780823469162,0.39297664165496826,0.48373907804489136,-0.04373475909233093,0.3941442370414734,0.4594191908836365,-0.051716677844524384,0.3965001404285431,0.4365905225276947,-0.060600195080041885,0.4879806637763977,0.5502406358718872,-3.771978663280606e-05,0.45710551738739014,0.5317952632904053,0.0021045287139713764,0.43499353528022766,0.494109183549881,-0.016208011656999588,0.42000117897987366,0.4692156910896301,-0.038881465792655945,0.4090636968612671,0.44762521982192993,-0.06287622451782227,0.44718191027641296,0.4398002624511719,-0.03470555320382118,0.4331388473510742,0.4069868326187134,-0.06356829404830933,0.420765221118927,0.41904667019844055,-0.07629796862602234,0.4139319062232971,0.4421989917755127,-0.07925472408533096,0.4631224572658539,0.4381980299949646,-0.04814685881137848,0.43899446725845337,0.46883341670036316,-0.07473454624414444,0.43674755096435547,0.5022324919700623,-0.07150604575872421,0.4400981664657593,0.5175124406814575,-0.0644247904419899,0.4778083860874176,0.45532310009002686,-0.06249247118830681,0.4544239044189453,0.49692243337631226,-0.08425817638635635,0.45299217104911804,0.5245077013969421,-0.07617361098527908,0.45600175857543945,0.5336665511131287,-0.06780605018138885,0.4912610352039337,0.48024898767471313,-0.07679422199726105,0.4715719521045685,0.5149774551391602,-0.08514653146266937,0.46646711230278015,0.5358628630638123,-0.07954752445220947,0.46695876121520996,0.5430579781532288,-0.0734458863735199,0.48370644450187683,0.210198774933815,-0.0017579806735739112,0.5036423802375793,0.17241595685482025,-0.0013677607057616115,0.5146971344947815,0.17459870874881744,0.005039046052843332,0.5256633162498474,0.17690733075141907,0.0008913716301321983,0.4715330898761749,0.16735613346099854,0.006468378007411957,0.4607350826263428,0.16598612070083618,-0.0013530091382563114,0.4501948952674866,0.16464422643184662,-0.0034308023750782013,0.5435723066329956,0.20358087122440338,-0.0037429577205330133,0.4349958896636963,0.18663352727890015,-0.0025200112722814083,0.502780020236969,0.2673584818840027,-0.0025410910602658987,0.4619598984718323,0.2607356607913971,-0.003769064787775278,0.6006816029548645,0.4337194859981537,-0.033053841441869736,0.3619548976421356,0.4265196621417999,0.03287339210510254,0.6503746509552002,0.7514171004295349,-0.13941700756549835,0.29730379581451416,0.7645852565765381,-0.042301829904317856,0.5048706531524658,0.5297697186470032,-0.4134663939476013,0.4068230986595154,0.6028488278388977,-0.4150611162185669,0.4730118215084076,0.49839159846305847,0.0015761010581627488,0.4254712462425232,0.5845126509666443,-0.0022250288166105747,0.4652917981147766,0.4535761773586273,0.0037355150561779737,0.43460309505462646,0.5311006903648376,0.0010853024432435632,0.4725472927093506,0.4758188724517822,-0.0018870801432058215,0.4329376220703125,0.5488688349723816,-0.002576399128884077,0.5667822957038879,0.9784904718399048,0.07275349646806717,0.38511955738067627,0.9739946722984314,0.12710848450660706
1000.0,0.40089213848114014,0.5972206592559814,3.0934825190342963e-06,0.41994529962539673,0.5787537097930908,-0.006942925974726677,0.43307411670684814,0.5519455671310425,-0.017059819772839546,0.43948689103126526,0.5255376100540161,-0.023261969909071922,0.43977421522140503,0.5039112567901611,-0.0287944246083498,0.4192516803741455,0.5341774821281433,-0.041919395327568054,0.42338043451309204,0.5000553727149963,-0.05765155702829361,0.4254705011844635,0.47584354877471924,-0.06667562574148178,0.42814522981643677,0.45407718420028687,-0.07271548360586166,0.41096800565719604,0.5301108360290527,-0.04214503616094589,0.41606977581977844,0.49166783690452576,-0.06126558780670166,0.4189743995666504,0.4617609977722168,-0.07092192023992538,0.42235225439071655,0.4344121217727661,-0.07921446859836578,0.403319388628006,0.5298058986663818,-0.039134420454502106,0.40831342339515686,0.4916604459285736,-0.05507233738899231,0.41175901889801025,0.46318158507347107,-0.06286653876304626,0.4152933657169342,0.4396408796310425,-0.06946355104446411,0.39653223752975464,0.5327057838439941,-0.03543611243367195,0.4002290368080139,0.4986642301082611,-0.0450778491795063,0.4025280475616455,0.47608405351638794,-0.049774542450904846,0.4055187702178955,0.4556824564933777,-0.05500316247344017,0.47869282960891724,0.5581204891204834,-3.940258829970844e-05,0.447078138589859,0.5406349897384644,-0.003677534405142069,0.4226726293563843,0.5019183158874512,-0.028002334758639336,0.4086228311061859,0.46997031569480896,-0.055630240589380264,0.39887717366218567,0.43928608298301697,-0.08234865963459015,0.44014960527420044,0.44371145963668823,-0.04304151237010956,0.4333394467830658,0.4032539129257202,-0.07350056618452072,0.4238737225532532,0.41716259717941284,-0.08483827859163284,0.41982871294021606,0.44277748465538025,-0.08637171983718872,0.4593951106071472,0.441516637802124,-0.05453837662935257,0.4375177323818207,0.47606098651885986,-0.08196187764406204,0.4359118938446045,0.5107333064079285,-0.07562743127346039,0.44179925322532654,0.5223218202590942,-0.0669611245393753,0.47666218876838684,0.4576800465583801,-0.06832076609134674,0.4539025127887726,0.5020291805267334,-0.08995693176984787,0.4532126784324646,0.5294109582901001,-0.07995541393756866,0.45876312255859375,0.5330345630645752,-0.07060176134109497,0.49148696660995483,0.48158562183380127,-0.08340686559677124,0.4736953377723694,0.51738041639328,-0.08931788802146912,0.46887263655662537,0.5386412739753723,-0.08196552097797394,0.47062066197395325,0.5410456657409668,-0.07605886459350586,0.4837752878665924,0.21120819449424744,-0.0017302156193181872,0.5036202073097229,0.17271555960178375,-0.0013676988892257214,0.5147335529327393,0.1748252511024475,0.005025973543524742,0.5257594585418701,0.17706766724586487,0.0009171534911729395,0.4713817834854126,0.16773821413516998,0.006462419405579567,0.4605344831943512,0.16636905074119568,-0.0013580226805061102,0.4499499201774597,0.16502630710601807,-0.0034113472793251276,0.5438370108604431,0.20352864265441895,-0.003726566443219781,0.43469318747520447,0.18666408956050873,-0.0025192222092300653,0.503036379814148,0.2680610418319702,-0.002497519366443157,0.46199101209640503,0.2617066502571106,-0.0037736583035439253,0.6000789999961853,0.43296363949775696,-0.026435982435941696,0.36183300614356995,0.4263463318347931,0.02623159997165203,0.6497704386711121,0.7534921169281006,-0.13302242755889893,0.2961558997631073,0.766375720500946,-0.04031725600361824,0.5049653649330139,0.5297987461090088,-0.41782867908477783,0.40633639693260193,0.6110818386077881,-0.41987019777297974,0.4736572504043579,0.49826136231422424,0.0015266136033460498,0.42450398206710815,0.5923457145690918,-0.0022258174140006304,0.46484866738319397,0.4537985622882843,0.003733640303835273,0.4341260492801666,0.5400828719139099,0.0010862170020118356,0.4716774523258209,0.4759458005428314,-0.0018990833777934313,0.43254196643829346,0.5574475526809692,-0.002549190539866686,0.5666212439537048,0.9789332747459412,0.05939904600381851,0.381609708070755,0.9741054177284241,0.10700491815805435
1016.6666666666666,0.39652737975120544,0.595129132270813,-3.2949062642728677e-06,0.39412498474121094,0.5595188736915588,-0.00221861619502306,0.3997246325016022,0.526252806186676,-0.012902474962174892,0.40569332242012024,0.5008772611618042,-0.020454876124858856,0.4092051386833191,0.4837948977947235,-0.027677617967128754,0.4018475115299225,0.5281720757484436,-0.05310033634305,0.4090241491794586,0.49114444851875305,-0.07261256128549576,0.4118909537792206,0.4657299518585205,-0.08254293352365494,0.4146841764450073,0.4420657157897949,-0.0904463678598404,0.408783882856369,0.5404635071754456,-0.05642971023917198,0.41555899381637573,0.5030992031097412,-0.07961370050907135,0.41949263215065,0.4735238552093506,-0.08926469832658768,0.4233204424381256,0.44548845291137695,-0.09719010442495346,0.41566261649131775,0.5559864044189453,-0.05531325191259384,0.423843115568161,0.5215163826942444,-0.07331505417823792,0.4260486364364624,0.493517130613327,-0.08251949399709702,0.4277992844581604,0.46805939078330994,-0.09132654964923859,0.4218234121799469,0.5721426010131836,-0.05270460993051529,0.4322032928466797,0.547217845916748,-0.06590711325407028,0.4353642463684082,0.526685357093811,-0.07368779182434082,0.4376380443572998,0.5071028470993042,-0.08127310872077942,0.4711672067642212,0.5740610361099243,-1.9491959392325953e-05,0.44167831540107727,0.5560369491577148,-0.008661167696118355,0.41994509100914,0.5227716565132141,-0.03509419411420822,0.41013091802597046,0.4937533736228943,-0.06270527094602585,0.4053759276866913,0.4597284495830536,-0.09025085717439651,0.43229928612709045,0.45776236057281494,-0.042350221425294876,0.43304958939552307,0.4120541214942932,-0.07290831953287125,0.42716988921165466,0.426861435174942,-0.0897650197148323,0.42497339844703674,0.45306846499443054,-0.09514790028333664,0.45217519998550415,0.45794233679771423,-0.051534466445446014,0.4421534240245819,0.47322767972946167,-0.08289963006973267,0.4381788372993469,0.5113427639007568,-0.08308001607656479,0.44206544756889343,0.5277106761932373,-0.08023302257061005,0.4710215628147125,0.474358469247818,-0.06321413069963455,0.45953455567359924,0.5038458108901978,-0.08689996600151062,0.45424678921699524,0.5353235006332397,-0.08293260633945465,0.45643749833106995,0.5466732978820801,-0.07950570434331894,0.48792195320129395,0.4985145330429077,-0.07597300410270691,0.4772549867630005,0.5257590413093567,-0.0829133689403534,0.46970656514167786,0.5469438433647156,-0.07949663698673248,0.4693211615085602,0.5525550842285156,-0.0789678618311882,0.4837535619735718,0.2110826075077057,-0.001718828221783042,0.5036357045173645,0.1725020706653595,-0.0013633877970278263,0.5148500204086304,0.17444851994514465,0.004969663452357054,0.5259569883346558,0.17650024592876434,0.0010010020341724157,0.4710742235183716,0.16771435737609863,0.00645270524546504,0.4601042568683624,0.166367769241333,-0.0013618824305012822,0.4493885636329651,0.16502006351947784,-0.0033990941010415554,0.5442483425140381,0.20236916840076447,-0.003711818950250745,0.43417906761169434,0.18660660088062286,-0.0025109436828643084,0.503277063369751,0.2680453658103943,-0.002469474682584405,0.4620526134967804,0.2619563341140747,-0.003777520265430212,0.6007077097892761,0.4311530888080597,-0.026511602103710175,0.36205944418907166,0.4263213574886322,0.026275068521499634,0.6534035801887512,0.7529597282409668,-0.14061644673347473,0.29509302973747253,0.7663992643356323,-0.03250759094953537,0.5072876811027527,0.532146692276001,-0.4227553904056549,0.4000658094882965,0.6186771988868713,-0.42179644107818604,0.4753449261188507,0.5080318450927734,0.001468688016757369,0.4177761971950531,0.605284571647644,-0.0022307373583316803,0.46478271484375,0.4628339111804962,0.003741960972547531,0.4299900233745575,0.5525181293487549,0.0010817238362506032,0.4717597961425781,0.4832903742790222,-0.0018998226150870323,0.42808178067207336,0.5684184432029724,-0.002529454417526722,0.5660237073898315,0.9796065092086792,0.03735961392521858,0.38001105189323425,0.9744183421134949,0.10446194559335709
1033.3333333333335,0.4610925614833832,0.5856432914733887,-1.608322054380551e-05,0.4365490972995758,0.5773527026176453,-0.019619597122073174,0.4217243790626526,0.5488016605377197,-0.050116706639528275,0.4176032841205597,0.5226433873176575,-0.07927785813808441,0.4182397425174713,0.49060726165771484,-0.10827226936817169,0.4311750829219818,0.4612402319908142,-0.04428942874073982,0.4336985647678375,0.4157678782939911,-0.072268545627594,0.4289514124393463,0.42725667357444763,-0.08832657337188721,0.42720985412597656,0.45271167159080505,-0.09487510472536087,0.45081356167793274,0.457441121339798,-0.049504395574331284,0.44234952330589294,0.4752306342124939,-0.07991007715463638,0.4398186206817627,0.5166168808937073,-0.08010037988424301,0.4441886842250824,0.5329302549362183,-0.0768316388130188,0.4688836932182312,0.47327837347984314,-0.05865075811743736,0.45923319458961487,0.5030338764190674,-0.08521623909473419,0.4552497863769531,0.5385898351669312,-0.08332130312919617,0.45838356018066406,0.5497614145278931,-0.07979260385036469,0.4854540228843689,0.4987834692001343,-0.07015588134527206,0.4758772552013397,0.5221883058547974,-0.07998352497816086,0.46856868267059326,0.5450209379196167,-0.0768853947520256,0.4688510596752167,0.5503501892089844,-0.07600992918014526,0.3976399600505829,0.5961053371429443,2.0097043034184026e-06,0.4143260717391968,0.5749232769012451,-0.00230793678201735,0.42502403259277344,0.5503969788551331,-0.010463503189384937,0.43046635389328003,0.5287052392959595,-0.01622384786605835,0.430901437997818,0.5096533298492432,-0.020940685644745827,0.41955652832984924,0.5410702228546143,-0.03587631508708,0.4257124960422516,0.5106501579284668,-0.0515117384493351,0.4280644953250885,0.48692062497138977,-0.060212407261133194,0.4303158223628998,0.46498262882232666,-0.06547676026821136,0.41256311535835266,0.539715051651001,-0.03877968713641167,0.41891464591026306,0.5039713978767395,-0.05730842053890228,0.42100581526756287,0.4741474688053131,-0.06744024902582169,0.42279988527297974,0.44690173864364624,-0.07495676726102829,0.40516793727874756,0.5406712889671326,-0.038810353726148605,0.41045165061950684,0.5042495727539062,-0.053578946739435196,0.4130774736404419,0.47529351711273193,-0.06254182010889053,0.41562092304229736,0.45133042335510254,-0.06978593021631241,0.3980898857116699,0.5432541370391846,-0.03718453645706177,0.4015488922595978,0.5104602575302124,-0.0478779636323452,0.40294474363327026,0.48780104517936707,-0.05379616841673851,0.40484070777893066,0.46724456548690796,-0.05820576101541519,0.48453786969184875,0.21099014580249786,-0.0017158809350803494,0.5044637322425842,0.17243222892284393,-0.0013630270259454846,0.5157173871994019,0.17441219091415405,0.004931599833071232,0.526869535446167,0.17650023102760315,0.0010932603618130088,0.4717152416706085,0.16755346953868866,0.006451311521232128,0.4607037901878357,0.16620081663131714,-0.001366161392070353,0.4499475061893463,0.16485437750816345,-0.0033971290104091167,0.5451266169548035,0.20256923139095306,-0.003703444730490446,0.43420299887657166,0.18651440739631653,-0.0025059611070901155,0.5040116310119629,0.26817604899406433,-0.0024582615587860346,0.4624846279621124,0.2620628774166107,-0.0037783682346343994,0.6007484197616577,0.4312282204627991,-0.024142036214470863,0.3613852560520172,0.42692095041275024,0.023873398080468178,0.6558676362037659,0.7534751296043396,-0.1348426192998886,0.2926414906978607,0.7677466869354248,-0.0342252179980278,0.507353663444519,0.5326321125030518,-0.42487186193466187,0.3980047106742859,0.6210308074951172,-0.42376407980918884,0.47645726799964905,0.5104096531867981,0.0014555759262293577,0.4145474433898926,0.608176052570343,-0.0022381788585335016,0.4659327566623688,0.4659833610057831,0.0037454189732670784,0.4283137023448944,0.5575181841850281,0.00107869366183877,0.47293174266815186,0.48631027340888977,-0.0019064596854150295,0.4264014661312103,0.5734753012657166,-0.002507104305550456,0.5666784644126892,0.9811921715736389,0.03571194037795067,0.3800484836101532,0.9763370156288147,0.08155166357755661
1050.0,0.3966549038887024,0.5935729146003723,4.561169134831289e-06,0.41057857871055603,0.5697025656700134,-0.0004601264663506299,0.4171728491783142,0.5444678664207458,-0.008326373063027859,0.419569730758667,0.5223522782325745,-0.01509341225028038,0.4197220206260681,0.5023345351219177,-0.021346937865018845,0.41506427526474,0.5367605090141296,-0.03136056661605835,0.4198630750179291,0.5047867894172668,-0.046382687985897064,0.42163097858428955,0.47820886969566345,-0.05604163929820061,0.42312702536582947,0.45435455441474915,-0.06222894415259361,0.4093155562877655,0.5367969870567322,-0.035664089024066925,0.4142966866493225,0.5014855265617371,-0.05438941344618797,0.41762226819992065,0.4703378677368164,-0.06574415415525436,0.4203287661075592,0.4413803815841675,-0.07439421862363815,0.403028279542923,0.5389569997787476,-0.036829814314842224,0.40655380487442017,0.5031329989433289,-0.051843609660863876,0.41019830107688904,0.4736657738685608,-0.061565205454826355,0.41404205560684204,0.44885319471359253,-0.06982085853815079,0.3970135450363159,0.5428394079208374,-0.036725886166095734,0.4008237421512604,0.5103173851966858,-0.0461856983602047,0.4032481610774994,0.48810911178588867,-0.051183465868234634,0.40629348158836365,0.4679194390773773,-0.0549766942858696,0.46178188920021057,0.5886077880859375,-1.854019683378283e-05,0.4340302646160126,0.5749205350875854,-0.015888897702097893,0.41698798537254333,0.536948561668396,-0.041737835854291916,0.411243200302124,0.5034124851226807,-0.0672038197517395,0.4063504934310913,0.4664793610572815,-0.09534317255020142,0.4324895739555359,0.45986872911453247,-0.03204648941755295,0.4355367124080658,0.4166877269744873,-0.05869124457240105,0.42877188324928284,0.42439231276512146,-0.07421301305294037,0.4235974848270416,0.4462549686431885,-0.0797422006726265,0.4512837827205658,0.45757317543029785,-0.037796974182128906,0.44454771280288696,0.4651298224925995,-0.06516582518815994,0.43989187479019165,0.5071804523468018,-0.0708572119474411,0.4420648217201233,0.5289259552955627,-0.06929951906204224,0.4689498245716095,0.4733281433582306,-0.04680211842060089,0.4607483744621277,0.4911116361618042,-0.07106482237577438,0.45533260703086853,0.5304319262504578,-0.07042468339204788,0.45663121342658997,0.5499954223632812,-0.06536877155303955,0.4853866994380951,0.499105304479599,-0.05844854563474655,0.4778178036212921,0.5155317783355713,-0.06912669539451599,0.4695659875869751,0.5423864722251892,-0.06614183634519577,0.4680882692337036,0.5545962452888489,-0.062384411692619324,0.4851016402244568,0.21040095388889313,-0.0017088856548070908,0.5049567222595215,0.17159409821033478,-0.001361779635772109,0.5162709951400757,0.1735103875398636,0.004894547164440155,0.5274866819381714,0.17554298043251038,0.0011427541030570865,0.47207382321357727,0.16687700152397156,0.006445230450481176,0.4610201120376587,0.16560660302639008,-0.001373639446683228,0.4502241909503937,0.16434386372566223,-0.0033919436391443014,0.5459025502204895,0.20166301727294922,-0.0036978546995669603,0.4344589412212372,0.18611817061901093,-0.0025004467461258173,0.5048056244850159,0.2677467167377472,-0.0024509986396878958,0.4630160331726074,0.26186230778694153,-0.003779312362894416,0.6017094254493713,0.43167373538017273,-0.024469172582030296,0.3617275655269623,0.42753398418426514,0.024192629382014275,0.6579920649528503,0.7542811036109924,-0.14204789698123932,0.2920094132423401,0.7691416144371033,-0.03676138073205948,0.5090087652206421,0.534317135810852,-0.4250713884830475,0.3983010947704315,0.6224440932273865,-0.42654144763946533,0.4781743586063385,0.5114709138870239,0.001445875153876841,0.41399049758911133,0.6073147058486938,-0.0022407439537346363,0.4666578769683838,0.4679868519306183,0.003747090231627226,0.42791953682899475,0.5575140118598938,0.0010785260237753391,0.47357383370399475,0.48821383714675903,-0.001916207023896277,0.42629632353782654,0.5744425654411316,-0.0024908639024943113,0.5658784508705139,0.9822993278503418,0.03624679148197174,0.37952297925949097,0.9769793748855591,0.08343356847763062
1066.6666666666667,0.39395734667778015,0.5906795263290405,-1.2693346434389241e-05,0.39043375849723816,0.5554446578025818,-0.005378983449190855,0.39362382888793945,0.5245203971862793,-0.016267752274870872,0.3988224267959595,0.5027124881744385,-0.02375415898859501,0.4024902284145355,0.4872598350048065,-0.0318555049598217,0.39708372950553894,0.5291239023208618,-0.05051054805517197,0.4029064178466797,0.49749472737312317,-0.06798123568296432,0.4058554172515869,0.47535061836242676,-0.07599403709173203,0.40752238035202026,0.4556359052658081,-0.0812901183962822,0.404777467250824,0.5413939952850342,-0.05178419128060341,0.411432147026062,0.5090247392654419,-0.07273726165294647,0.41545218229293823,0.48433956503868103,-0.08035097271203995,0.418692409992218,0.46289753913879395,-0.08684438467025757,0.4120818078517914,0.5565705299377441,-0.04962155967950821,0.419406920671463,0.5263921022415161,-0.06638877093791962,0.4231758415699005,0.5036451816558838,-0.07232186943292618,0.42569810152053833,0.48430266976356506,-0.07692278921604156,0.41824454069137573,0.5719203948974609,-0.046258196234703064,0.42654964327812195,0.5476022958755493,-0.05782605707645416,0.42975038290023804,0.5305321216583252,-0.06238484010100365,0.43110400438308716,0.5157887935638428,-0.06625500321388245,0.4753803014755249,0.5928542017936707,-1.576399699843023e-05,0.44540947675704956,0.576829195022583,-0.010293113067746162,0.4239160716533661,0.5442805290222168,-0.03535884991288185,0.4124446213245392,0.5149739384651184,-0.05972746014595032,0.4063146412372589,0.4827491044998169,-0.08393386751413345,0.4413779675960541,0.4704217314720154,-0.04478131979703903,0.43986016511917114,0.4284660816192627,-0.07039487361907959,0.43157079815864563,0.44449982047080994,-0.08296944200992584,0.42725738883018494,0.4710620939731598,-0.08429001271724701,0.4594665765762329,0.4731801450252533,-0.05315336957573891,0.4492451250553131,0.4810803234577179,-0.08067021518945694,0.4419349133968353,0.5167755484580994,-0.0828259214758873,0.44441157579421997,0.5353595614433289,-0.08100248873233795,0.4759296774864197,0.4926157295703888,-0.06228519603610039,0.4636029601097107,0.5163797736167908,-0.08628705888986588,0.4566558003425598,0.5467764735221863,-0.08336914330720901,0.45838814973831177,0.5606683492660522,-0.07982379198074341,0.49122411012649536,0.5213868021965027,-0.07249631732702255,0.47970396280288696,0.54093337059021,-0.08249909430742264,0.4714702367782593,0.5613062977790833,-0.07803933322429657,0.4710005521774292,0.5698515772819519,-0.07647542655467987,0.4856572151184082,0.20959632098674774,-0.0017041793325915933,0.5050126910209656,0.17076411843299866,-0.0013616066426038742,0.5163131952285767,0.17247121036052704,0.0048502241261303425,0.5275125503540039,0.17429369688034058,0.0012074169935658574,0.4721773564815521,0.16658303141593933,0.006433519069105387,0.461141437292099,0.16552479565143585,-0.001404847134836018,0.45036232471466064,0.1644493043422699,-0.003385955933481455,0.5460822582244873,0.20040571689605713,-0.003692770143970847,0.4346991777420044,0.18654392659664154,-0.002487575402483344,0.5056310296058655,0.26692429184913635,-0.002437518909573555,0.4639073312282562,0.26184070110321045,-0.003781326347962022,0.6031920313835144,0.4305110573768616,-0.024809950962662697,0.36294621229171753,0.42898282408714294,0.02452893927693367,0.6639264225959778,0.7466233372688293,-0.14433768391609192,0.287941038608551,0.7670441269874573,-0.03549344465136528,0.5119597911834717,0.5377559661865234,-0.4205034673213959,0.3950095772743225,0.6292794942855835,-0.4216154217720032,0.4796063005924225,0.5194326639175415,0.0014222956961020827,0.4128618836402893,0.6222022175788879,-0.0022441267501562834,0.46496471762657166,0.4756634831428528,0.003756859339773655,0.4285336136817932,0.5703489780426025,0.0010736498516052961,0.4730807840824127,0.4941898584365845,-0.0019263725262135267,0.4258378744125366,0.5852628946304321,-0.0024805436842143536,0.5675773024559021,0.9813828468322754,0.040938206017017365,0.3810866177082062,0.9764889478683472,0.08358100801706314
1083.3333333333335,0.3941630423069,0.5880791544914246,-1.3358056094148196e-05,0.39259061217308044,0.5580349564552307,-0.007172116544097662,0.39705413579940796,0.5293464064598083,-0.01978142559528351,0.40241512656211853,0.5095753073692322,-0.028995972126722336,0.4068720042705536,0.4955325126647949,-0.037813834846019745,0.40044060349464417,0.5327802896499634,-0.05352706089615822,0.4064715802669525,0.5013718605041504,-0.07437452673912048,0.4097231328487396,0.4774560332298279,-0.08378428965806961,0.4125010371208191,0.45495516061782837,-0.08953416347503662,0.40582340955734253,0.542521059513092,-0.05478382483124733,0.4130796492099762,0.5099719762802124,-0.0792427510023117,0.418006956577301,0.48260417580604553,-0.08992155641317368,0.42240092158317566,0.4575290083885193,-0.09822708368301392,0.4111429750919342,0.5546426773071289,-0.052641015499830246,0.41861972212791443,0.523262083530426,-0.07274020463228226,0.4221542477607727,0.4955954849720001,-0.08208869397640228,0.4252084493637085,0.47047844529151917,-0.08971299231052399,0.41552749276161194,0.5669721961021423,-0.04895339906215668,0.42404651641845703,0.5400692224502563,-0.06202109530568123,0.427535742521286,0.5196123719215393,-0.06878915429115295,0.4300312399864197,0.49997639656066895,-0.07424205541610718,0.47377222776412964,0.5956317186355591,-1.3016164302825928e-05,0.44457554817199707,0.5812979936599731,-0.014090612530708313,0.42479830980300903,0.5503493547439575,-0.04227948188781738,0.4151952862739563,0.5231446027755737,-0.07001080363988876,0.41026270389556885,0.49135878682136536,-0.09869411587715149,0.4400942623615265,0.4711371660232544,-0.04596436023712158,0.4408157765865326,0.43137770891189575,-0.07165232300758362,0.43280836939811707,0.4409133195877075,-0.08391673862934113,0.42736127972602844,0.46534088253974915,-0.08736873418092728,0.4584440588951111,0.47113460302352905,-0.05363503471016884,0.4460643231868744,0.48608940839767456,-0.0820067971944809,0.43979838490486145,0.5263615250587463,-0.08303474634885788,0.4428097605705261,0.5452567934989929,-0.08009633421897888,0.47483521699905396,0.48952555656433105,-0.06362602859735489,0.46208035945892334,0.5172205567359924,-0.08992403000593185,0.45572760701179504,0.5532271862030029,-0.08725451678037643,0.4585976004600525,0.5673456788063049,-0.08227729797363281,0.4896780252456665,0.5178562998771667,-0.07561259716749191,0.47954705357551575,0.5395986437797546,-0.08720753341913223,0.47105833888053894,0.5623192191123962,-0.08405937254428864,0.4708503186702728,0.5690127611160278,-0.08249415457248688,0.4857215881347656,0.20882056653499603,-0.0016964528476819396,0.5046123266220093,0.17004962265491486,-0.0013535431353375316,0.5158454775810242,0.1715463250875473,0.004830150865018368,0.5269775390625,0.17315436899662018,0.0012383600696921349,0.47192782163619995,0.16641685366630554,0.00642831576988101,0.4609481990337372,0.16555604338645935,-0.0014252045657485723,0.4502241909503937,0.16464576125144958,-0.00337873469106853,0.5455417633056641,0.19918540120124817,-0.0036923743318766356,0.4346747100353241,0.18689490854740143,-0.0024724481627345085,0.5058399438858032,0.26588958501815796,-0.0024336189962923527,0.4643007218837738,0.261666476726532,-0.0037866863422095776,0.6035903692245483,0.4301428198814392,-0.02481163665652275,0.3634224534034729,0.42981448769569397,0.024530069902539253,0.6647531986236572,0.7437799572944641,-0.14449995756149292,0.28702953457832336,0.7660086750984192,-0.03549967333674431,0.5125720500946045,0.5386713147163391,-0.4120739698410034,0.3938455283641815,0.6298254132270813,-0.4135285019874573,0.4795862138271332,0.522650957107544,0.0014127697795629501,0.4118855595588684,0.6244221329689026,-0.0022445847280323505,0.4642235338687897,0.478945255279541,0.00376295018941164,0.4277602434158325,0.5723435878753662,0.0010698519181460142,0.4726443886756897,0.4974428713321686,-0.0019362192833796144,0.4249664545059204,0.5870208740234375,-0.0024761816021054983,0.5675604343414307,0.9806757569313049,0.04854731261730194,0.3813398778438568,0.9759135246276855,0.09471195191144943
1100.0,0.39356470108032227,0.5866773724555969,-1.4295095525085344e-06,0.38817811012268066,0.5536286234855652,-0.008533957414329052,0.39145681262016296,0.5224836468696594,-0.021825002506375313,0.3965354561805725,0.49782076478004456,-0.03166407719254494,0.3976190686225891,0.47704899311065674,-0.0396096296608448,0.39237338304519653,0.5399399995803833,-0.057839225977659225,0.3990546464920044,0.5118724703788757,-0.07829480618238449,0.40379199385643005,0.4912446141242981,-0.08481922000646591,0.40722715854644775,0.47408345341682434,-0.08861298114061356,0.40015578269958496,0.5536472797393799,-0.059057313948869705,0.40885230898857117,0.5256856083869934,-0.08566170930862427,0.4146231710910797,0.5025497674942017,-0.09601783752441406,0.4192674458026886,0.4823666512966156,-0.10271158814430237,0.4080562889575958,0.5679684281349182,-0.05747181177139282,0.4179796576499939,0.5421263575553894,-0.07946435362100601,0.4242742657661438,0.5209637880325317,-0.08998279273509979,0.4284065067768097,0.5019783973693848,-0.09811706840991974,0.41479793190956116,0.5810449123382568,-0.05426912382245064,0.4250168800354004,0.5635629892349243,-0.07163811475038528,0.4310222268104553,0.5474467277526855,-0.08158555626869202,0.43411317467689514,0.5320168137550354,-0.08956969529390335,0.4929519593715668,0.5980018377304077,-2.1003712390665896e-05,0.4622962474822998,0.5841504335403442,-0.010237525217235088,0.43575534224510193,0.5553706884384155,-0.03173980116844177,0.4177494943141937,0.5390776991844177,-0.051051050424575806,0.40882864594459534,0.5243979692459106,-0.06829316169023514,0.45193538069725037,0.49028241634368896,-0.05721971020102501,0.44323137402534485,0.4509148895740509,-0.08966760337352753,0.4300456643104553,0.4734337031841278,-0.1039699912071228,0.4230380952358246,0.5033714175224304,-0.10818271338939667,0.4667639434337616,0.49767884612083435,-0.06562202423810959,0.4475175738334656,0.5153603553771973,-0.10231493413448334,0.4397004544734955,0.552090048789978,-0.10569979250431061,0.4424092769622803,0.5705518126487732,-0.10468225181102753,0.48059597611427307,0.5196987390518188,-0.07462543249130249,0.46384990215301514,0.5507190823554993,-0.10360362380743027,0.45771461725234985,0.5754527449607849,-0.09949231892824173,0.4605920612812042,0.5840614438056946,-0.09587252140045166,0.49402981996536255,0.5491875410079956,-0.08470015227794647,0.482273131608963,0.5749390721321106,-0.1014295294880867,0.4762212336063385,0.5900879502296448,-0.10129698365926743,0.47618699073791504,0.5929607152938843,-0.10257133841514587,0.48588255047798157,0.20686820149421692,-0.001692206016741693,0.5046215653419495,0.16801737248897552,-0.0012858607806265354,0.5158258080482483,0.16943328082561493,0.004794698674231768,0.5269266963005066,0.17097115516662598,0.0013662198325619102,0.47191983461380005,0.16460178792476654,0.006428102031350136,0.46096667647361755,0.1639021784067154,-0.0014341432834044099,0.4502686858177185,0.16318196058273315,-0.003376465290784836,0.5452173352241516,0.19652687013149261,-0.0036924604792147875,0.4341953694820404,0.18541041016578674,-0.0024614743888378143,0.5057612061500549,0.263742059469223,-0.00242668017745018,0.4643267095088959,0.25984296202659607,-0.003788512200117111,0.6032612323760986,0.42722973227500916,-0.021670443937182426,0.3621586859226227,0.4287463128566742,0.021377690136432648,0.6719316840171814,0.7426303625106812,-0.11776357889175415,0.2811520993709564,0.7629381418228149,-0.035035450011491776,0.5194806456565857,0.5436710119247437,-0.421418160200119,0.3853720724582672,0.632806658744812,-0.42579013109207153,0.48497331142425537,0.5407474637031555,0.0013910271227359772,0.40509164333343506,0.6281578540802002,-0.0022490713745355606,0.4669061005115509,0.4927789568901062,0.0037664053961634636,0.4225693643093109,0.5747488737106323,0.0010481388308107853,0.4765629172325134,0.5085617303848267,-0.0019440327305346727,0.4190772771835327,0.5873519778251648,-0.002492074156180024,0.5670807957649231,0.9770593047142029,0.04355017840862274,0.3785814344882965,0.9723491072654724,0.08134588599205017
1116.6666666666667,0.3938602805137634,0.5838325619697571,-1.307236834691139e-05,0.3917994201183319,0.5523905754089355,-0.010145151987671852,0.39542272686958313,0.5272955894470215,-0.024370763450860977,0.39916104078292847,0.5080952048301697,-0.03409326821565628,0.4017191529273987,0.49335363507270813,-0.041976407170295715,0.39631637930870056,0.5408938527107239,-0.05949132889509201,0.4021020531654358,0.5135653018951416,-0.08186320960521698,0.40613842010498047,0.4948002099990845,-0.09083771705627441,0.40983909368515015,0.47842952609062195,-0.09538646042346954,0.4008966386318207,0.5524287223815918,-0.059462808072566986,0.4086458086967468,0.527908444404602,-0.08647491037845612,0.4141686260700226,0.5063504576683044,-0.0971035584807396,0.41907232999801636,0.4864082932472229,-0.10537264496088028,0.40535104274749756,0.5648048520088196,-0.05642983689904213,0.41424107551574707,0.5433605909347534,-0.07808717340230942,0.4210757613182068,0.522842526435852,-0.08928907662630081,0.4260425567626953,0.5038696527481079,-0.09844222664833069,0.40914323925971985,0.5764980316162109,-0.05220279470086098,0.4188354015350342,0.5614587664604187,-0.06869041174650192,0.425243079662323,0.5456757545471191,-0.07973325997591019,0.4291704297065735,0.5309349894523621,-0.08909635990858078,0.4981008768081665,0.6028681993484497,-1.6594412954873405e-05,0.45902982354164124,0.5815027952194214,-0.004650346003472805,0.42989274859428406,0.5455561280250549,-0.027975844219326973,0.41292935609817505,0.5173490047454834,-0.053508736193180084,0.4037289023399353,0.49448058009147644,-0.07909893989562988,0.45431283116340637,0.4959981441497803,-0.052568163722753525,0.4510285556316376,0.4528692960739136,-0.088685043156147,0.4370259940624237,0.46799927949905396,-0.10702654719352722,0.42800143361091614,0.4984385371208191,-0.11196176707744598,0.47089552879333496,0.5017920732498169,-0.0639100894331932,0.4484216868877411,0.5212178230285645,-0.10120374709367752,0.4330841600894928,0.5565090775489807,-0.10858819633722305,0.4323986768722534,0.5791075825691223,-0.10853711515665054,0.48631763458251953,0.5216242671012878,-0.07728798687458038,0.4649069905281067,0.5617381930351257,-0.10924866795539856,0.45645177364349365,0.58613520860672,-0.10703247040510178,0.46099400520324707,0.5923926830291748,-0.09989117085933685,0.49960577487945557,0.5482087731361389,-0.09020727872848511,0.4838322699069977,0.5841566920280457,-0.10676853358745575,0.47654494643211365,0.5988709330558777,-0.10553914308547974,0.47853395342826843,0.5988783836364746,-0.10148877650499344,0.4864484667778015,0.20723150670528412,-0.0016918324399739504,0.5050613880157471,0.168005108833313,-0.0012498223222792149,0.5163101553916931,0.16936129331588745,0.004774471279233694,0.5274565815925598,0.17084044218063354,0.0014401989756152034,0.4722309708595276,0.16470418870449066,0.006425573490560055,0.4612250328063965,0.16405345499515533,-0.001435943995602429,0.45047736167907715,0.16339042782783508,-0.003374970518052578,0.5458508729934692,0.19611907005310059,-0.003693683771416545,0.4342588186264038,0.185566708445549,-0.002453753724694252,0.5064613819122314,0.26404818892478943,-0.002412727801129222,0.4648681879043579,0.26034221053123474,-0.0037921264301985502,0.603966474533081,0.4271255433559418,-0.019300447776913643,0.36210939288139343,0.4285268485546112,0.019014965742826462,0.675685703754425,0.7423995733261108,-0.11528023332357407,0.2800031900405884,0.7623752951622009,-0.03526787459850311,0.5211310982704163,0.5452063679695129,-0.42393335700035095,0.3838939070701599,0.6343706250190735,-0.42891114950180054,0.48591604828834534,0.5444110631942749,0.001373767969198525,0.4036312699317932,0.6309996247291565,-0.002251613652333617,0.4668290615081787,0.49572864174842834,0.0037707530427724123,0.4213798940181732,0.5765238404273987,0.0010361706372350454,0.47670960426330566,0.5116156339645386,-0.0019486601231619716,0.4178684651851654,0.5875217914581299,-0.002512037754058838,0.5659927725791931,0.9770950078964233,0.045597489923238754,0.3768670856952667,0.9712491631507874,0.08127934485673904
1133.3333333333333,,,,,,,,,,,,,,,,,,,,,,,,,,,,,,,,,,,,,,,,,,,,,,,,,,,,,,,,,,,,,,,,0.5036473870277405,0.5992618203163147,-2.7510064683156088e-05,0.46487727761268616,0.575207531452179,0.0011066069127991796,0.43634921312332153,0.5374106168746948,-0.018434906378388405,0.4173978865146637,0.5103583931922913,-0.04180470481514931,0.4047278165817261,0.4888935089111328,-0.06463566422462463,0.4586808383464813,0.48735520243644714,-0.04333551228046417,0.448921263217926,0.4526349604129791,-0.07758086919784546,0.43328630924224854,0.47134166955947876,-0.0951627716422081,0.4250466227531433,0.5046895146369934,-0.09998559951782227,0.4739568531513214,0.49342644214630127,-0.05790591984987259,0.44567757844924927,0.5202488303184509,-0.0922253355383873,0.4308414161205292,0.5582584142684937,-0.09715487062931061,0.43129509687423706,0.5843109488487244,-0.09604505449533463,0.4881768524646759,0.5141789317131042,-0.07453484833240509,0.46102628111839294,0.5602608323097229,-0.10487348586320877,0.45418885350227356,0.5896463394165039,-0.10156028717756271,0.45976343750953674,0.5999982357025146,-0.0934441089630127,0.5006689429283142,0.5426864624023438,-0.09017680585384369,0.4808896780014038,0.5827023983001709,-0.10471704602241516,0.4745592474937439,0.6003051996231079,-0.1008853167295456,0.477936327457428,0.6030123233795166,-0.09599815309047699,0.4873517155647278,0.20717377960681915,-0.0016910575795918703,0.505866527557373,0.1675216108560562,-0.0011918110540136695,0.5171511769294739,0.16882941126823425,0.004745359532535076,0.5283316373825073,0.17026112973690033,0.0014923036796972156,0.47287267446517944,0.1642540991306305,0.00642194040119648,0.46177297830581665,0.16361767053604126,-0.0014419008512049913,0.45093509554862976,0.16298282146453857,-0.003374753287062049,0.546418309211731,0.1950027048587799,-0.003694591112434864,0.43422555923461914,0.18479730188846588,-0.0024462721776217222,0.5071879625320435,0.263852596282959,-0.0023978997487574816,0.46545901894569397,0.26017096638679504,-0.003792830277234316,0.6039541959762573,0.4246615171432495,-0.01766088232398033,0.3619842231273651,0.42613109946250916,0.017377730458974838,0.6767432689666748,0.7398537993431091,-0.10828007757663727,0.2796919643878937,0.7606378793716431,-0.035022251307964325,0.5216866731643677,0.5466019511222839,-0.42323336005210876,0.38403061032295227,0.6353186368942261,-0.42940083146095276,0.4853942096233368,0.5469331741333008,0.001348739955574274,0.40461406111717224,0.6353750824928284,-0.0022516888566315174,0.46554291248321533,0.49716973304748535,0.0037729721516370773,0.42226922512054443,0.5782855749130249,0.0010183844715356827,0.47590795159339905,0.5131076574325562,-0.001961200498044491,0.4183911085128784,0.587898850440979,-0.0025213146582245827,0.5662204623222351,0.9745309352874756,0.04495112597942352,0.37644532322883606,0.9679471254348755,0.07111550867557526
1150.0000000000002,0.3621940016746521,0.660541296005249,-1.6260348274954595e-05,0.3623192310333252,0.6053697466850281,0.007727281656116247,0.3745938539505005,0.5596678853034973,-0.0014239823212847114,0.38593801856040955,0.5247902274131775,-0.010089960880577564,0.39070773124694824,0.502788245677948,-0.020717822015285492,0.379167377948761,0.5717880129814148,-0.05823838710784912,0.39819657802581787,0.5256831645965576,-0.07750669866800308,0.40287381410598755,0.5090634226799011,-0.07307719439268112,0.3999994099140167,0.505118727684021,-0.06591316312551498,0.3872854709625244,0.5955539345741272,-0.06856382638216019,0.40982624888420105,0.5504188537597656,-0.09873998910188675,0.4161377549171448,0.5281252264976501,-0.0962991937994957,0.41439568996429443,0.5194078683853149,-0.08989771455526352,0.39564695954322815,0.6256221532821655,-0.07460930198431015,0.41775473952293396,0.5876055955886841,-0.09849033504724503,0.42349717020988464,0.5647085905075073,-0.09900930523872375,0.42132434248924255,0.5508483052253723,-0.09736813604831696,0.40377652645111084,0.6568003296852112,-0.07842712104320526,0.42414599657058716,0.6355223059654236,-0.09907589852809906,0.4326213598251343,0.6131315231323242,-0.10973982512950897,0.43388164043426514,0.591952383518219,-0.11770779639482498,,,,,,,,,,,,,,,,,,,,,,,,,,,,,,,,,,,,,,,,,,,,,,,,,,,,,,,,,,,,,,,,0.4865994453430176,0.20718678832054138,-0.0016831574030220509,0.5053855776786804,0.16796250641345978,-0.0011525478912517428,0.5166987776756287,0.16947123408317566,0.0047035375609993935,0.527911901473999,0.17110931873321533,0.0016245560254901648,0.47258445620536804,0.16429175436496735,0.0063841212540864944,0.4614667296409607,0.16355405747890472,-0.001445696922019124,0.45059752464294434,0.16283278167247772,-0.0033732641022652388,0.5457994341850281,0.19705486297607422,-0.00372183951549232,0.43423306941986084,0.18540313839912415,-0.0024405529256910086,0.5065361261367798,0.2648826837539673,-0.0023079414386302233,0.46445590257644653,0.2604937255382538,-0.0037961474154144526,0.6033027172088623,0.4330577254295349,-0.0177718885242939,0.3614175319671631,0.43278220295906067,0.01756696216762066,0.682421088218689,0.758841872215271,-0.09559585154056549,0.2802044451236725,0.7760658264160156,-0.012428885325789452,0.5257030129432678,0.5572059154510498,-0.43135517835617065,0.3658437430858612,0.6611751317977905,-0.43436723947525024,0.4876099228858948,0.5646060109138489,0.0013258233666419983,0.384000301361084,0.6749843955039978,-0.0022520790807902813,0.46695128083229065,0.5094035863876343,0.0038135917857289314,0.40045878291130066,0.6121481657028198,0.0009936777641996741,0.47767704725265503,0.5251485109329224,-0.0019583164248615503,0.3984350860118866,0.6183393597602844,-0.002663907129317522,0.5609570741653442,0.9884287118911743,0.07276007533073425,0.375471293926239,0.9803288578987122,0.10055017471313477
1166.6666666666667,0.36709386110305786,0.6683835983276367,-1.3653486348630395e-05,0.3954399526119232,0.6656188368797302,-0.006061703432351351,0.41635584831237793,0.6447023749351501,-0.014480898156762123,0.42739856243133545,0.6131892800331116,-0.01687534898519516,0.4285135567188263,0.5826327204704285,-0.019107453525066376,0.40005066990852356,0.6139727234840393,-0.050182923674583435,0.4148796796798706,0.5729115605354309,-0.056753892451524734,0.4215877950191498,0.5530776381492615,-0.051494989544153214,0.42448684573173523,0.5440199375152588,-0.04690442979335785,0.3881683349609375,0.5956404805183411,-0.045895714312791824,0.4053349792957306,0.5463641881942749,-0.0532027930021286,0.4134543240070343,0.523842453956604,-0.04465066269040108,0.4162614345550537,0.5121638774871826,-0.036472681909799576,0.3783113360404968,0.5840462446212769,-0.038064584136009216,0.39466238021850586,0.5377377867698669,-0.04633411020040512,0.4030660092830658,0.5180238485336304,-0.04357106238603592,0.40661323070526123,0.5082184672355652,-0.04136204347014427,0.3706134259700775,0.5789787173271179,-0.028854230418801308,0.3830603063106537,0.5397579073905945,-0.035458043217659,0.3897550106048584,0.5214534401893616,-0.0360453836619854,0.3944048583507538,0.5111991167068481,-0.03654998168349266,0.5285058617591858,0.6044105291366577,-1.8766919311019592e-05,0.5043977499008179,0.5780830383300781,0.004392026923596859,0.4823571741580963,0.5487877130508423,-0.0030447901226580143,0.4673839807510376,0.5399408340454102,-0.012719227932393551,0.45882803201675415,0.5421090722084045,-0.026064643636345863,0.4842943251132965,0.5227819085121155,-0.03925802558660507,0.45926153659820557,0.4956014156341553,-0.06303317844867706,0.44732385873794556,0.5171788334846497,-0.06974786520004272,0.44652360677719116,0.5426836609840393,-0.06619926542043686,0.4948192834854126,0.541732668876648,-0.0475321039557457,0.46882832050323486,0.5538318753242493,-0.06888560205698013,0.4626912474632263,0.5787955522537231,-0.07315792888402939,0.466009259223938,0.5917444825172424,-0.07209037989377975,0.5046748518943787,0.57012939453125,-0.05456646531820297,0.4819045662879944,0.5895592570304871,-0.07262547314167023,0.477592408657074,0.6067485809326172,-0.06883134692907333,0.48105019330978394,0.6125518083572388,-0.06245078891515732,0.5131512880325317,0.5993996262550354,-0.061135903000831604,0.4926379919052124,0.6182096004486084,-0.07108687609434128,0.48731425404548645,0.6296432614326477,-0.0672604888677597,0.488961786031723,0.633158266544342,-0.06147172302007675,0.48592934012413025,0.20453691482543945,-0.0016791998641565442,0.5048027634620667,0.16611002385616302,-0.0011415292974561453,0.5160707831382751,0.16775719821453094,0.004669730085879564,0.5272411108016968,0.16953136026859283,0.0016881705960258842,0.4723188877105713,0.162191241979599,0.006349943112581968,0.46132078766822815,0.16138800978660583,-0.0014451346360147,0.45056459307670593,0.1606093794107437,-0.003371520433574915,0.5451302528381348,0.19627811014652252,-0.0037276875227689743,0.4347575008869171,0.18388673663139343,-0.002440420910716057,0.5058317184448242,0.26262399554252625,-0.0022631080355495214,0.4640059471130371,0.2578680217266083,-0.0037906828802078962,0.6029934883117676,0.4343591630458832,-0.01901436224579811,0.3612444996833801,0.4355480670928955,0.018740132451057434,0.6854146122932434,0.754824161529541,-0.11168096214532852,0.279672771692276,0.7783008217811584,-0.012898610904812813,0.5262401700019836,0.5635621547698975,-0.4288809597492218,0.3653988838195801,0.6681675314903259,-0.43248245120048523,0.48744216561317444,0.5674614906311035,0.0013253638753667474,0.38264602422714233,0.6753856539726257,-0.0022444662172347307,0.4672178030014038,0.513737142086029,0.0038218453992158175,0.39827588200569153,0.6146814823150635,0.00098571483977139,0.4781254231929779,0.5298215746879578,-0.001959498506039381,0.3970162570476532,0.6232240200042725,-0.0026963232085108757,0.5609110593795776,0.9870728254318237,0.10747206956148148,0.37704986333847046,0.981135904788971,0.14488333463668823
1183.3333333333333,0.3655683696269989,0.6682215929031372,1.624551987333689e-05,0.36841556429862976,0.6157630681991577,-0.017679328098893166,0.3749468922615051,0.5787361860275269,-0.03880894184112549,0.3792557120323181,0.5502355694770813,-0.05373665317893028,0.3830580413341522,0.5380110144615173,-0.06828498095273972,0.3707072138786316,0.6110062003135681,-0.10128262639045715,0.38817301392555237,0.5781484842300415,-0.12757372856140137,0.39629825949668884,0.5649667978286743,-0.12696704268455505,0.3985044062137604,0.559646725654602,-0.12555058300495148,0.37403392791748047,0.6374902129173279,-0.10156336426734924,0.39188024401664734,0.6040031909942627,-0.13962870836257935,0.39986586570739746,0.5881447792053223,-0.14462195336818695,0.4022577404975891,0.5794963240623474,-0.1488359421491623,0.3800075650215149,0.6643618941307068,-0.09678000956773758,0.39909031987190247,0.6388313174247742,-0.13007697463035583,0.40526917576789856,0.6195966005325317,-0.14133694767951965,0.40516719222068787,0.6049478650093079,-0.15040120482444763,0.38796764612197876,0.6887509822845459,-0.09222836047410965,0.40653523802757263,0.6787064075469971,-0.1231195330619812,0.4121352732181549,0.6643425822257996,-0.14436979591846466,0.4123310446739197,0.6495183110237122,-0.1591087281703949,,,,,,,,,,,,,,,,,,,,,,,,,,,,,,,,,,,,,,,,,,,,,,,,,,,,,,,,,,,,,,,,0.4858262240886688,0.20470574498176575,-0.0016164772678166628,0.5048472285270691,0.16527016460895538,-0.0010262691648676991,0.5161339044570923,0.16695334017276764,0.004600437358021736,0.5273222327232361,0.16876110434532166,0.0018521271413192153,0.4726489782333374,0.16120319068431854,0.006279167719185352,0.46165791153907776,0.16027477383613586,-0.0013883592328056693,0.45090070366859436,0.1593783050775528,-0.0033416489604860544,0.5449467897415161,0.1951724886894226,-0.003770798910409212,0.43578439950942993,0.1821676343679428,-0.0024567912332713604,0.5059365630149841,0.2627045214176178,-0.0019964154344052076,0.46410495042800903,0.2576272487640381,-0.0037930146791040897,0.6071086525917053,0.43896186351776123,-0.019945796579122543,0.36023691296577454,0.4400408864021301,0.01956934854388237,0.6935418248176575,0.763820230960846,-0.0756206065416336,0.2777106463909149,0.783877968788147,0.02060369960963726,0.5396561622619629,0.624014675617218,-0.44171732664108276,0.3476269841194153,0.6980037093162537,-0.4221388101577759,0.4919984042644501,0.63721764087677,0.001321559539064765,0.3710145056247711,0.7125592827796936,-0.002189791528508067,0.4674210846424103,0.5737538933753967,0.0038314105477184057,0.38230448961257935,0.6409408450126648,0.000924999185372144,0.481473445892334,0.5836641788482666,-0.001953725703060627,0.3816056549549103,0.6447104215621948,-0.002947470871731639,0.557217001914978,0.99440598487854,0.17312529683113098,0.3759712278842926,0.9841035008430481,0.21718181669712067
1200.0,0.36618903279304504,0.6516720056533813,-4.413873284647707e-07,0.38647693395614624,0.6447696685791016,-0.02778368629515171,0.4020789861679077,0.6336086988449097,-0.05273190513253212,0.4097882807254791,0.6162177324295044,-0.06605574488639832,0.4101749360561371,0.6006965637207031,-0.07728005945682526,0.3814670145511627,0.6560133695602417,-0.10768706351518631,0.3956918716430664,0.6344690322875977,-0.1372869312763214,0.40365299582481384,0.6143519878387451,-0.14348195493221283,0.40980616211891174,0.5954052209854126,-0.14727488160133362,0.37200650572776794,0.6438243985176086,-0.09860420972108841,0.383853942155838,0.620341956615448,-0.1364087462425232,0.3923288583755493,0.595481276512146,-0.14934135973453522,0.3992222249507904,0.5716036558151245,-0.16050894558429718,0.36567842960357666,0.629585862159729,-0.08439978957176208,0.3779880702495575,0.6041759848594666,-0.11639602482318878,0.3851128816604614,0.5778718590736389,-0.13025565445423126,0.38972556591033936,0.5545353293418884,-0.14360429346561432,0.36220863461494446,0.6169570088386536,-0.06939807534217834,0.37270981073379517,0.5921241641044617,-0.09116753190755844,0.37698104977607727,0.5703997015953064,-0.1048966720700264,0.37920626997947693,0.5515953898429871,-0.11817771196365356,0.5404619574546814,0.6512914299964905,-5.004868853575317e-06,0.5225071907043457,0.6193747520446777,-0.0022446110378950834,0.5042133331298828,0.5988696813583374,-0.006012250669300556,0.48993194103240967,0.5925332903862,-0.008122475817799568,0.48262646794319153,0.5960816144943237,-0.01079877931624651,0.49673062562942505,0.5820131301879883,-0.022831616923213005,0.4774031937122345,0.5603801012039185,-0.024943813681602478,0.4680779278278351,0.5718104839324951,-0.02727714367210865,0.4663286507129669,0.5851142406463623,-0.028796400874853134,0.4989362061023712,0.5989160537719727,-0.02158721536397934,0.47927090525627136,0.5858648419380188,-0.02519305609166622,0.4737911522388458,0.5988208651542664,-0.02712331712245941,0.475607693195343,0.6094005107879639,-0.02985391579568386,0.5031493902206421,0.6199418306350708,-0.019321635365486145,0.4845891296863556,0.6159619092941284,-0.01942562311887741,0.4826018512248993,0.6247861981391907,-0.018902234733104706,0.48736870288848877,0.6309024691581726,-0.020205067470669746,0.5078144669532776,0.6420778036117554,-0.01750686578452587,0.4915468990802765,0.6419029235839844,-0.016959885135293007,0.4903639256954193,0.6457329392433167,-0.016150809824466705,0.49433064460754395,0.6471174955368042,-0.015992408618330956,0.48652076721191406,0.20532628893852234,-0.0015789938624948263,0.505460262298584,0.165764719247818,-0.0009701193193905056,0.516617476940155,0.16734297573566437,0.004537750966846943,0.5276730060577393,0.1689824014902115,0.0019220042740926147,0.4736382067203522,0.16164851188659668,0.006208593491464853,0.462688684463501,0.16055482625961304,-0.0013163951225578785,0.45197004079818726,0.15942594408988953,-0.0033167563378810883,0.5438375473022461,0.19554245471954346,-0.003793874057009816,0.43624311685562134,0.18130140006542206,-0.0024640201590955257,0.505569577217102,0.2634650468826294,-0.0017564344452694058,0.464119017124176,0.2580055594444275,-0.003791399532929063,0.6049381494522095,0.4396190047264099,-0.02097579836845398,0.3585093319416046,0.4400426149368286,0.020811885595321655,0.6954728364944458,0.7638041973114014,-0.07146499305963516,0.277408629655838,0.7838934063911438,0.02465268224477768,0.5479140281677246,0.6358557939529419,-0.444040983915329,0.34640979766845703,0.7098661661148071,-0.4128148555755615,0.5009101033210754,0.6488028764724731,0.001307657454162836,0.3709704577922821,0.7205062508583069,-0.0020980590488761663,0.48044562339782715,0.5851703882217407,0.003833504393696785,0.3799791634082794,0.6481575965881348,0.0008865949930623174,0.49240201711654663,0.594741940498352,-0.0019525131210684776,0.37945130467414856,0.6525368690490723,-0.0030769763980060816,0.5535328388214111,0.9924496412277222,0.2018764317035675,0.3758060038089752,0.9811530113220215,0.2387651801109314
1216.6666666666667,,,,,,,,,,,,,,,,,,,,,,,,,,,,,,,,,,,,,,,,,,,,,,,,,,,,,,,,,,,,,,,,0.5397524833679199,0.6512619853019714,1.0707780347729567e-05,0.5236606001853943,0.6233187317848206,-0.01962078921496868,0.5068075060844421,0.6075973510742188,-0.033363133668899536,0.492952436208725,0.6055163741111755,-0.042931828647851944,0.4851551949977875,0.6101623773574829,-0.0537535659968853,0.4962438941001892,0.585688054561615,-0.04456500709056854,0.4778556525707245,0.5636091232299805,-0.05561305209994316,0.4676062762737274,0.5744039416313171,-0.06400419026613235,0.4654444754123688,0.5884449481964111,-0.06938246637582779,0.49769458174705505,0.6043533682823181,-0.038699667900800705,0.4788517653942108,0.5927780270576477,-0.052118733525276184,0.4734906554222107,0.6068940162658691,-0.059596020728349686,0.4763866662979126,0.6189795136451721,-0.06410367786884308,0.5014280676841736,0.6268184781074524,-0.03322615846991539,0.4844519793987274,0.6263562440872192,-0.04315590485930443,0.48390430212020874,0.6353589296340942,-0.048636410385370255,0.4902859032154083,0.64089435338974,-0.05195308104157448,0.50588059425354,0.6499873399734497,-0.029335331171751022,0.4912145733833313,0.6530663371086121,-0.03852681815624237,0.49158456921577454,0.6563423275947571,-0.04442540556192398,0.49675121903419495,0.6562127470970154,-0.047658126801252365,0.48603594303131104,0.20606425404548645,-0.001544563565403223,0.5051625967025757,0.16607002913951874,-0.0009026712505146861,0.5164763927459717,0.16775774955749512,0.004483240190893412,0.5276899337768555,0.16950708627700806,0.00201626680791378,0.47301143407821655,0.16162076592445374,0.006171417888253927,0.46193668246269226,0.16039100289344788,-0.0012547411024570465,0.4510965049266815,0.15915098786354065,-0.00329579203389585,0.5441655516624451,0.19591645896434784,-0.003817286342382431,0.4353337585926056,0.18094533681869507,-0.0024839304387569427,0.5053982734680176,0.2642667591571808,-0.0016006529331207275,0.46344053745269775,0.2585023045539856,-0.0037871089298278093,0.6056964993476868,0.4412406384944916,-0.02167431265115738,0.35719168186187744,0.440202534198761,0.02161659486591816,0.696936845779419,0.7646340727806091,-0.06824912875890732,0.276151567697525,0.784730076789856,0.024955714121460915,0.5521809458732605,0.6399575471878052,-0.455763041973114,0.34471389651298523,0.7112051248550415,-0.4246727526187897,0.5063337683677673,0.6535052061080933,0.0012949550291523337,0.37008136510849,0.7218273878097534,-0.002057956298813224,0.48675984144210815,0.5896993279457092,0.0038367770612239838,0.3791551887989044,0.6494953036308289,0.0008493111236020923,0.4979768991470337,0.5989953279495239,-0.001948341727256775,0.37818360328674316,0.6542815566062927,-0.0031605453696101904,0.5532417893409729,0.9951967000961304,0.1689385622739792,0.3741290867328644,0.9835448265075684,0.20437894761562347
1233.3333333333335,0.3246626555919647,0.7261717319488525,-1.8558945157565176e-05,0.3353358805179596,0.6890207529067993,-0.014783453196287155,0.34883081912994385,0.6599616408348083,-0.031490616500377655,0.3576776385307312,0.6355344653129578,-0.04098119959235191,0.3635844886302948,0.6157984733581543,-0.04893219843506813,0.3469141721725464,0.6804819703102112,-0.08234085887670517,0.36556607484817505,0.6588643789291382,-0.10606997460126877,0.3738463521003723,0.6459718942642212,-0.11195851862430573,0.37990355491638184,0.6331974864006042,-0.11428927630186081,0.34808671474456787,0.6984835863113403,-0.08029428124427795,0.365448534488678,0.6812366247177124,-0.10958663374185562,0.37405046820640564,0.6644808650016785,-0.11574264615774155,0.3792562484741211,0.6490382552146912,-0.12059950083494186,0.3481306731700897,0.7190377116203308,-0.07464414089918137,0.36613309383392334,0.70551598072052,-0.10004783421754837,0.37551406025886536,0.6886071562767029,-0.11038646847009659,0.3796723484992981,0.6723803281784058,-0.12011043727397919,0.34693148732185364,0.7374598383903503,-0.067426398396492,0.3643312454223633,0.7335033416748047,-0.086677685379982,0.37348389625549316,0.7206796407699585,-0.0994771420955658,0.37763750553131104,0.7074344754219055,-0.11062394827604294,0.5593883395195007,0.7196720242500305,-8.39100539451465e-06,0.5397924780845642,0.6795641779899597,0.006674441043287516,0.5210539698600769,0.659875214099884,0.008459248580038548,0.5068127512931824,0.6537466049194336,0.0091289933770895,0.4997159242630005,0.6520611643791199,0.008582239970564842,0.5095375776290894,0.6752439141273499,0.006105604115873575,0.49221476912498474,0.6722645163536072,0.013535757549107075,0.49408307671546936,0.6729051470756531,0.0167557243257761,0.5003154277801514,0.6717331409454346,0.018492793664336205,0.5131240487098694,0.6993231177330017,0.004987150430679321,0.49959319829940796,0.7045109868049622,0.0170188806951046,0.5054194331169128,0.7043099999427795,0.018337426707148552,0.5126681327819824,0.699860692024231,0.016327127814292908,0.5207415819168091,0.723426878452301,0.005433224141597748,0.5093651413917542,0.7294629812240601,0.016868701204657555,0.5162994265556335,0.7280083298683167,0.01690373569726944,0.5249962210655212,0.7242876887321472,0.014004654251039028,0.5293557643890381,0.7463312745094299,0.005826383829116821,0.5186553597450256,0.753386378288269,0.015285476110875607,0.5227696895599365,0.7478206157684326,0.01828196458518505,0.5294370651245117,0.7407548427581787,0.020131628960371017,0.4870899021625519,0.20400239527225494,-0.0014666246715933084,0.5056314468383789,0.1647024154663086,-0.0007157846121117473,0.5167624354362488,0.1665668934583664,0.004471862222999334,0.5277831554412842,0.16850917041301727,0.0021379871759563684,0.47345659136772156,0.15997081995010376,0.00615759426727891,0.4624137282371521,0.1586635857820511,-0.0011696276487782598,0.4516020119190216,0.15738461911678314,-0.003271406749263406,0.543691098690033,0.19428017735481262,-0.0038748616352677345,0.43484827876091003,0.17877985537052155,-0.0027014329098165035,0.5063332319259644,0.26136767864227295,-0.0010189797030761838,0.4644010663032532,0.2551933526992798,-0.0037896388676017523,0.6081498265266418,0.44276437163352966,-0.0214151032269001,0.35486093163490295,0.4323499798774719,0.02147543802857399,0.7040706872940063,0.7565470933914185,-0.016300980001688004,0.2573939859867096,0.7420480847358704,0.044306669384241104,0.5820569396018982,0.7049272060394287,-0.45927950739860535,0.3136366009712219,0.730315089225769,-0.4284418225288391,0.5450705885887146,0.739964485168457,0.0013052714057266712,0.3348919451236725,0.7650679349899292,-0.0019046355737373233,0.5253041982650757,0.6696015000343323,0.003837953321635723,0.35158389806747437,0.6914566159248352,0.0006717714131809771,0.5335171818733215,0.6676883101463318,-0.001923565985634923,0.35149240493774414,0.6851053833961487,-0.0033274644520133734,0.5554139018058777,0.9902608394622803,0.20145250856876373,0.3731595277786255,0.9754711985588074,0.23017355799674988
1250.0,,,,,,,,,,,,,,,,,,,,,,,,,,,,,,,,,,,,,,,,,,,,,,,,,,,,,,,,,,,,,,,,0.555025577545166,0.7258817553520203,-3.1768009648658335e-05,0.5400916337966919,0.6928857564926147,0.01715404912829399,0.5239253044128418,0.6782501339912415,0.030299801379442215,0.511245608329773,0.6716973185539246,0.041512325406074524,0.503764808177948,0.6691629886627197,0.052520543336868286,0.5078158378601074,0.6900728940963745,0.03459807485342026,0.49339011311531067,0.6808102130889893,0.05601558834314346,0.4918203353881836,0.6734015345573425,0.06664461642503738,0.49306151270866394,0.6688635349273682,0.06995385885238647,0.5102672576904297,0.7065820693969727,0.033373698592185974,0.4973367154598236,0.7013936638832092,0.05502929165959358,0.49989059567451477,0.6933744549751282,0.061296913772821426,0.5046175718307495,0.689099907875061,0.06506699323654175,0.5169117450714111,0.7218564748764038,0.03427214175462723,0.5038864016532898,0.7174773812294006,0.05460729822516441,0.5070604681968689,0.7088624238967896,0.05916910618543625,0.5120337605476379,0.7048720121383667,0.060361143201589584,0.5252032279968262,0.7347375750541687,0.035446882247924805,0.514440655708313,0.7319869995117188,0.051696404814720154,0.5154668092727661,0.7239716053009033,0.057126324623823166,0.5187602043151855,0.7191575765609741,0.062040992081165314,0.4859175384044647,0.20442934334278107,-0.0014035542262718081,0.5047698020935059,0.16484925150871277,-0.0006103978375904262,0.5159727334976196,0.166701540350914,0.004466841462999582,0.527068555355072,0.16864600777626038,0.0022308286279439926,0.4725135266780853,0.16026636958122253,0.006143216043710709,0.4615158438682556,0.15904249250888824,-0.0011122162686660886,0.45074352622032166,0.1578626036643982,-0.0032581817358732224,0.5439885854721069,0.19438573718070984,-0.003913659602403641,0.4347296953201294,0.17961136996746063,-0.002852420322597027,0.5057911276817322,0.26199495792388916,-0.000676659110467881,0.46376678347587585,0.25608131289482117,-0.003790751099586487,0.6107895374298096,0.4463350474834442,-0.02126108668744564,0.35496750473976135,0.434681236743927,0.021299652755260468,0.7070920467376709,0.7583893537521362,-0.02030174247920513,0.2577786445617676,0.7421829104423523,0.050378184765577316,0.5874994993209839,0.7094076871871948,-0.4660528302192688,0.3135192096233368,0.7352038621902466,-0.4302346706390381,0.5516735315322876,0.7440750002861023,0.0013131964951753616,0.33212152123451233,0.7702836394309998,-0.0017670087981969118,0.5305342674255371,0.6751958131790161,0.003855182556435466,0.3494567275047302,0.69888836145401,0.0005499543622136116,0.5385759472846985,0.6737669706344604,-0.0019039897015318274,0.3503420948982239,0.6922338008880615,-0.003393816528841853,0.5563573241233826,0.9949066042900085,0.228529155254364,0.3731609582901001,0.9795112609863281,0.25851330161094666
1266.6666666666667,0.30284222960472107,0.7983211874961853,2.2322799395624315e-06,0.305835098028183,0.7518072724342346,0.0004138559161219746,0.32098501920700073,0.7205584645271301,-0.0037121339701116085,0.3351910412311554,0.6984328031539917,-0.005634604021906853,0.3403734862804413,0.6796665787696838,-0.009602000005543232,0.34252962470054626,0.7389993667602539,-0.021932199597358704,0.35707730054855347,0.7421693205833435,-0.017277201637625694,0.3522709310054779,0.7445492744445801,-0.014549379236996174,0.3458959758281708,0.7444201111793518,-0.015368121676146984,0.34569689631462097,0.7688655257225037,-0.022991608828306198,0.35717102885246277,0.7733997702598572,-0.017113948240876198,0.3491557240486145,0.7740283012390137,-0.017789388075470924,0.34125974774360657,0.7736205458641052,-0.024485481902956963,0.3432396352291107,0.7995537519454956,-0.020234504714608192,0.35285040736198425,0.803874135017395,-0.015554752200841904,0.3444339334964752,0.8022374510765076,-0.015132075175642967,0.3386346399784088,0.8005641102790833,-0.018857069313526154,0.3373548090457916,0.8293695449829102,-0.01767485775053501,0.34764888882637024,0.8383052945137024,-0.016919292509555817,0.34310632944107056,0.8308412432670593,-0.014959387481212616,0.3384486138820648,0.821160078048706,-0.016559651121497154,0.5894911885261536,0.7964245080947876,-7.736017323622946e-06,0.5634691119194031,0.7689310908317566,-0.01051086001098156,0.5411741137504578,0.7609395980834961,-0.025625012814998627,0.5265119671821594,0.7689522504806519,-0.035248029977083206,0.5213936567306519,0.7793145179748535,-0.04416300356388092,0.5325868129730225,0.7814022898674011,-0.04614752531051636,0.5118933320045471,0.7930809259414673,-0.05658106133341789,0.5139628052711487,0.7958552241325378,-0.059049274772405624,0.5211771726608276,0.7919967770576477,-0.06087947264313698,0.5417304635047913,0.8094257712364197,-0.04489719495177269,0.5266659259796143,0.8255252838134766,-0.0534139946103096,0.5318037867546082,0.8216320276260376,-0.051781099289655685,0.5393878221511841,0.8115278482437134,-0.05295528471469879,0.5556772351264954,0.8331906199455261,-0.04204399138689041,0.543394923210144,0.8489348888397217,-0.04559065401554108,0.5492505431175232,0.8402830958366394,-0.04067543148994446,0.5569847226142883,0.8284539580345154,-0.040371835231781006,0.5702873468399048,0.8514426946640015,-0.04048658162355423,0.5611366033554077,0.8678167462348938,-0.040257833898067474,0.5652846097946167,0.8578397035598755,-0.03790275752544403,0.571846067905426,0.8434109091758728,-0.037778936326503754,0.48654696345329285,0.2007754147052765,-0.0012730937451124191,0.5051310062408447,0.16326981782913208,-0.0004101291997358203,0.5162074565887451,0.1655089557170868,0.004481984302401543,0.5271615386009216,0.1678328812122345,0.0024053435772657394,0.47322794795036316,0.1579577475786209,0.006142536178231239,0.4621897041797638,0.15649835765361786,-0.0010166787542402744,0.4513697326183319,0.15508940815925598,-0.0032619605772197247,0.5426638126373291,0.1956079602241516,-0.004012868739664555,0.4343577027320862,0.1788128763437271,-0.0032206864561885595,0.5061440467834473,0.2591107189655304,-0.00031488394597545266,0.4635161757469177,0.2518737316131592,-0.0038495787885040045,0.6083225011825562,0.4520825743675232,-0.021746128797531128,0.352683424949646,0.4372929334640503,0.021752944216132164,0.7166063785552979,0.7487694621086121,0.018535519018769264,0.25013118982315063,0.7245867848396301,0.08706063777208328,0.6126832962036133,0.7804844379425049,-0.46593549847602844,0.2968890368938446,0.7650411128997803,-0.4266146123409271,0.577975332736969,0.8342134952545166,0.0013199546374380589,0.31648993492126465,0.827884316444397,-0.0016126804985105991,0.5577014088630676,0.7589291930198669,0.003860053839161992,0.3371528387069702,0.7567147612571716,0.00029397671460174024,0.5663820505142212,0.7503641247749329,-0.001905531738884747,0.33726635575294495,0.7408920526504517,-0.0035458828788250685,0.5593854188919067,0.9982259273529053,0.21705423295497894,0.3797852694988251,0.9881212115287781,0.25701501965522766
1283.3333333333335,,,,,,,,,,,,,,,,,,,,,,,,,,,,,,,,,,,,,,,,,,,,,,,,,,,,,,,,,,,,,,,,0.29420068860054016,0.7977961897850037,8.905947765924793e-07,0.3130084276199341,0.8181872367858887,-0.010427203960716724,0.3317771255970001,0.8206029534339905,-0.019461585208773613,0.34520524740219116,0.8122406601905823,-0.023638343438506126,0.35089296102523804,0.8028267025947571,-0.027081219479441643,0.34147173166275024,0.7784055471420288,-0.038688402622938156,0.35587218403816223,0.7772096991539001,-0.03970225900411606,0.3548557162284851,0.7792103886604309,-0.0371440052986145,0.35052794218063354,0.7798193097114563,-0.03676067665219307,0.33784589171409607,0.7570015788078308,-0.0360698364675045,0.35024166107177734,0.752641499042511,-0.03859664499759674,0.3481241762638092,0.7536721229553223,-0.04037967324256897,0.34316685795783997,0.7564731240272522,-0.04404347389936447,0.32971805334091187,0.7430736422538757,-0.030494200065732002,0.34231436252593994,0.7305506467819214,-0.03400050103664398,0.3418461084365845,0.730911910533905,-0.035135891288518906,0.33900880813598633,0.7323670387268066,-0.039510101079940796,0.31825605034828186,0.7341541051864624,-0.02524702437222004,0.32861772179603577,0.7166028618812561,-0.03024292178452015,0.3314444422721863,0.7064183950424194,-0.03168749809265137,0.3317863345146179,0.6992148160934448,-0.033500734716653824,0.4857143759727478,0.19703792035579681,-0.0012341649271547794,0.5043568015098572,0.16085274517536163,-0.00027467275504022837,0.515323281288147,0.1633264124393463,0.004484470933675766,0.5261670351028442,0.16589730978012085,0.0024720928631722927,0.4726695120334625,0.15512333810329437,0.006142790894955397,0.4617575705051422,0.15357863903045654,-0.0009427140466868877,0.4510665535926819,0.15207982063293457,-0.0032725853379815817,0.5416850447654724,0.19462011754512787,-0.00402503926306963,0.43410709500312805,0.17638462781906128,-0.0034891553223133087,0.5051426291465759,0.25563836097717285,-0.00014773523434996605,0.46281060576438904,0.24799899756908417,-0.003885191399604082,0.6066015958786011,0.4556015729904175,-0.01919170655310154,0.35003766417503357,0.4343499541282654,0.019149504601955414,0.7195373773574829,0.7474012970924377,0.027042517438530922,0.23975032567977905,0.7206721901893616,0.07401986420154572,0.6166160702705383,0.7828487753868103,-0.4415174722671509,0.29171624779701233,0.772753894329071,-0.42669761180877686,0.5809064507484436,0.8363292217254639,0.00132176058832556,0.3143520951271057,0.8381596803665161,-0.001523559563793242,0.5604128241539001,0.7604969143867493,0.003873802488669753,0.3356837332248688,0.7630340456962585,0.0001471687719458714,0.5694138407707214,0.7522207498550415,-0.001909913495182991,0.33380576968193054,0.7479490637779236,-0.003619199153035879,0.5569319128990173,0.9973292946815491,0.23656998574733734,0.3765094578266144,0.9886025190353394,0.26723888516426086
1300.0,,,,,,,,,,,,,,,,,,,,,,,,,,,,,,,,,,,,,,,,,,,,,,,,,,,,,,,,,,,,,,,,0.5932905673980713,0.7968140244483948,-1.9872024495271035e-05,0.5664563775062561,0.7670407891273499,-0.003904229961335659,0.5424454808235168,0.7604670524597168,-0.0139838345348835,0.5265597701072693,0.7701724767684937,-0.019497310742735863,0.5201337337493896,0.7801995277404785,-0.02392503060400486,0.5331974029541016,0.7789848446846008,-0.03703942149877548,0.5116401314735413,0.7880492210388184,-0.04101353883743286,0.5158849954605103,0.7902829051017761,-0.03914553299546242,0.5245047211647034,0.7873156070709229,-0.038856882601976395,0.5423659682273865,0.8078160881996155,-0.036851607263088226,0.5258975028991699,0.8216366171836853,-0.03847988322377205,0.5326230525970459,0.8173734545707703,-0.03411531820893288,0.5412256121635437,0.8080787062644958,-0.035407278686761856,0.5565126538276672,0.8326432704925537,-0.0343656949698925,0.5429131388664246,0.8457199335098267,-0.03176051378250122,0.5490109920501709,0.8374965786933899,-0.025732288137078285,0.5573789477348328,0.8271768093109131,-0.027038652449846268,0.5715371370315552,0.8517725467681885,-0.032721035182476044,0.5607308149337769,0.865694522857666,-0.028219332918524742,0.5654732584953308,0.8561367988586426,-0.025663897395133972,0.5728951692581177,0.8441043496131897,-0.02699221484363079,0.4847606420516968,0.1944555789232254,-0.0011790128191933036,0.5032885670661926,0.15842558443546295,-0.00017795266467146575,0.5141736268997192,0.1607407182455063,0.004485704470425844,0.52493816614151,0.16316655278205872,0.0025540231727063656,0.471766859292984,0.15338528156280518,0.006142707075923681,0.4610399305820465,0.1521773636341095,-0.0009011030197143555,0.4505285322666168,0.1509988009929657,-0.0032722349278628826,0.5413391590118408,0.19221265614032745,-0.004072397015988827,0.43457213044166565,0.17587338387966156,-0.0037157770711928606,0.5047670006752014,0.25299444794654846,9.086875252251048e-06,0.46293723583221436,0.24646884202957153,-0.00393357640132308,0.6097877621650696,0.45659834146499634,-0.01848529279232025,0.3512209951877594,0.4341851770877838,0.018395284190773964,0.7216877937316895,0.7546103000640869,0.020460831001400948,0.24014979600906372,0.7287103533744812,0.06283361464738846,0.6180230379104614,0.7831036448478699,-0.4480549991130829,0.2927902042865753,0.7743480205535889,-0.43078139424324036,0.5812756419181824,0.8371456861495972,0.001319024944677949,0.31588855385780334,0.8406329154968262,-0.0014576171524822712,0.5606598258018494,0.7608603239059448,0.003877058159559965,0.3373202681541443,0.7640716433525085,3.7622638046741486e-05,0.5698906183242798,0.7522991299629211,-0.0019092164002358913,0.3353603780269623,0.7491732835769653,-0.0037162441294640303,0.5609000325202942,0.9977681636810303,0.23911558091640472,0.3772154450416565,0.9892401695251465,0.2723475396633148
1316.6666666666667,0.598818302154541,0.9100708961486816,2.9600323614431545e-05,0.5755949020385742,0.9113997220993042,-0.032148439437150955,0.5606637597084045,0.9231442213058472,-0.06258538365364075,0.5547701120376587,0.9434868693351746,-0.08393514901399612,0.5571089386940002,0.9629747867584229,-0.10533535480499268,0.5700516700744629,0.9166337847709656,-0.09376432746648788,0.5652547478675842,0.934725284576416,-0.12280186265707016,0.5675539970397949,0.9410144686698914,-0.13321146368980408,0.5709280371665955,0.9404133558273315,-0.14008167386054993,0.5803202390670776,0.9227694869041443,-0.08806546777486801,0.5748618841171265,0.9451372623443604,-0.11528293043375015,0.5773648023605347,0.9492375254631042,-0.12034011632204056,0.5809645652770996,0.9446429014205933,-0.12672528624534607,0.591878354549408,0.9290775060653687,-0.08038529753684998,0.585616946220398,0.9547211527824402,-0.10159818828105927,0.5865719318389893,0.9554864764213562,-0.10401631891727448,0.5890356302261353,0.9473962783813477,-0.10564225912094116,0.6031175255775452,0.9344574809074402,-0.07569751888513565,0.5992556214332581,0.9561015367507935,-0.08876383304595947,0.5994378924369812,0.9564419388771057,-0.09438423812389374,0.6017040610313416,0.9484361410140991,-0.09729676693677902,0.28266584873199463,0.9188628792762756,4.348431684775278e-05,0.2963322699069977,0.9009859561920166,-0.024204036220908165,0.30657243728637695,0.8819950222969055,-0.04988586902618408,0.31270021200180054,0.8693670630455017,-0.0686844065785408,0.3164280652999878,0.85613614320755,-0.0845758467912674,0.30281102657318115,0.8374454379081726,-0.07308180630207062,0.31155240535736084,0.8022525310516357,-0.096283458173275,0.3139963746070862,0.7922996282577515,-0.10690726339817047,0.31479761004447937,0.7930935621261597,-0.11318271607160568,0.29423388838768005,0.8436518311500549,-0.07223062217235565,0.30350396037101746,0.8128994107246399,-0.10235518217086792,0.3061829209327698,0.8057587742805481,-0.10687548667192459,0.3067309260368347,0.8051466941833496,-0.10971276462078094,0.2851070761680603,0.8594590425491333,-0.07002197951078415,0.29485076665878296,0.8342099785804749,-0.09158290177583694,0.29940372705459595,0.8283889889717102,-0.09621718525886536,0.3002806007862091,0.8257516026496887,-0.09984402358531952,0.2754080891609192,0.8788021802902222,-0.06973745673894882,0.28168851137161255,0.865935206413269,-0.08469222486019135,0.28443118929862976,0.8634195327758789,-0.09146154671907425,0.2843848466873169,0.8611273169517517,-0.09798911958932877,0.4847501814365387,0.19345249235630035,-0.0011211615055799484,0.5030953288078308,0.15911813080310822,-0.00017745343211572617,0.5141070485115051,0.16169331967830658,0.004824112635105848,0.5249941945075989,0.16437210142612457,0.0026391209103167057,0.4713244140148163,0.15359169244766235,0.006141560152173042,0.4604807198047638,0.15226975083351135,-0.0007948021520860493,0.4498569667339325,0.15099410712718964,-0.0032848373521119356,0.5405277013778687,0.19531658291816711,-0.004109930247068405,0.43301084637641907,0.178150936961174,-0.0039465222507715225,0.5043914318084717,0.25466397404670715,0.00022015893773641437,0.462024450302124,0.24740144610404968,-0.004050319083034992,0.6085101366043091,0.4598954916000366,-0.019217660650610924,0.34863346815109253,0.44578316807746887,0.019165953621268272,0.7236616015434265,0.7391641736030579,0.03634767606854439,0.23924620449543,0.7444716095924377,0.07949952781200409,0.6257134079933167,0.8645513653755188,-0.32899829745292664,0.27598822116851807,0.8331022262573242,-0.33200228214263916,0.6054345965385437,0.9474474787712097,0.0013160798698663712,0.2792786955833435,0.9112000465393066,-0.00130399817135185,0.5713580250740051,0.8946431875228882,0.003926150966435671,0.31146910786628723,0.8611598014831543,-3.2249794458039105e-05,0.5763631463050842,0.8760169744491577,-0.001990721793845296,0.31697630882263184,0.8430867195129395,-0.003740300191566348,0.5620684027671814,1.0040407180786133,0.20383216440677643,0.3787418603897095,0.9996398091316223,0.2221468687057495
1333.3333333333335,,,,,,,,,,,,,,,,,,,,,,,,,,,,,,,,,,,,,,,,,,,,,,,,,,,,,,,,,,,,,,,,0.28031212091445923,0.9122545123100281,1.1029371307813562e-05,0.2947637736797333,0.9126518964767456,-0.03617096319794655,0.3065766394138336,0.9040112495422363,-0.062066659331321716,0.3123401403427124,0.9001317024230957,-0.07888450473546982,0.31589511036872864,0.8962652087211609,-0.09350790083408356,0.3003728687763214,0.8476607203483582,-0.073206327855587,0.3057105243206024,0.8248773217201233,-0.09719885885715485,0.30823636054992676,0.8129950761795044,-0.11040748655796051,0.31194764375686646,0.7991377115249634,-0.11942147463560104,0.2900487184524536,0.8467245697975159,-0.06769976019859314,0.29521387815475464,0.8349020481109619,-0.10401809215545654,0.2989661395549774,0.829423725605011,-0.11819802224636078,0.302746444940567,0.8197605013847351,-0.12616315484046936,0.27869147062301636,0.8564320802688599,-0.06213048845529556,0.284038782119751,0.8544278144836426,-0.09609182924032211,0.2864420711994171,0.8689748644828796,-0.10285302251577377,0.28844618797302246,0.8756900429725647,-0.10345082730054855,0.2664661109447479,0.8703479766845703,-0.05957593023777008,0.27310144901275635,0.8701428771018982,-0.08277203142642975,0.2778948247432709,0.8791533708572388,-0.0895744115114212,0.28014999628067017,0.8860654830932617,-0.09227373450994492,0.4839608371257782,0.1914595514535904,-0.0010778893483802676,0.5023596882820129,0.15952277183532715,-0.00015980230818968266,0.5131502151489258,0.16228161752223969,0.005033369641751051,0.5238019227981567,0.16512590646743774,0.0027736390475183725,0.4710032641887665,0.15372057259082794,0.006142375525087118,0.46049344539642334,0.15241697430610657,-0.0006803461001254618,0.4502016305923462,0.1511641889810562,-0.0032903985120356083,0.5394887328147888,0.19574230909347534,-0.004118690267205238,0.43396395444869995,0.17898571491241455,-0.004083548206835985,0.503311038017273,0.2540827691555023,0.00022594054462388158,0.4618332087993622,0.24647517502307892,-0.004108939785510302,0.6097738146781921,0.4607377350330353,-0.020409710705280304,0.34915176033973694,0.45416805148124695,0.020354310050606728,0.7244133353233337,0.7418636679649353,0.0422443188726902,0.23976391553878784,0.7510608434677124,0.08238998055458069,0.6276741027832031,0.8618353605270386,-0.3419538140296936,0.27165061235427856,0.85101318359375,-0.34567663073539734,0.6092554926872253,0.9449383616447449,0.0013088411651551723,0.27714842557907104,0.9233100414276123,-0.0012512871762737632,0.5728507041931152,0.890361487865448,0.00401410972699523,0.30593204498291016,0.8678279519081116,-3.578782343538478e-05,0.5774363279342651,0.872199296951294,-0.0020793487783521414,0.3108334541320801,0.8516027331352234,-0.0037442068569362164,0.5661345720291138,1.0113028287887573,0.16878435015678406,0.3806855380535126,1.0056464672088623,0.19107657670974731
1350.0,,,,,,,,,,,,,,,,,,,,,,,,,,,,,,,,,,,,,,,,,,,,,,,,,,,,,,,,,,,,,,,,,,,,,,,,,,,,,,,,,,,,,,,,,,,,,,,,,,,,,,,,,,,,,,,,,,,,,,,,,,,,,,,0.4869771897792816,0.1884397566318512,-0.001074895029887557,0.5044829249382019,0.15726321935653687,-0.00015530845848843455,0.5153604745864868,0.15986225008964539,0.00596175342798233,0.5261124968528748,0.16256113350391388,0.0026737439911812544,0.47316327691078186,0.15246909856796265,0.006113020237535238,0.4624384343624115,0.15165622532367706,-0.000617970188613981,0.4519268274307251,0.15088312327861786,-0.003294141963124275,0.540947437286377,0.1959555596113205,-0.004143125377595425,0.4357997477054596,0.18092933297157288,-0.004204480443149805,0.5066272020339966,0.25107380747795105,0.0005156817496754229,0.4647102355957031,0.24543547630310059,-0.004227819386869669,0.6128621697425842,0.4640624523162842,-0.012849409133195877,0.35236984491348267,0.45521119236946106,0.012844415381550789,0.7247918248176575,0.7588367462158203,0.05200362950563431,0.23666416108608246,0.7545221447944641,0.0751410648226738,0.6474380493164062,0.9478793740272522,-0.20020028948783875,0.26660606265068054,0.9090210795402527,-0.24132496118545532,0.644095242023468,1.0326488018035889,0.0012961402535438538,0.26114797592163086,0.9883618354797363,-0.0009150673868134618,0.6091644763946533,1.0032345056533813,0.004090874455869198,0.2998568117618561,0.955151379108429,-3.62550636054948e-05,0.6059074997901917,0.9810135364532471,-0.0023491992615163326,0.3075430393218994,0.9368632435798645,-0.0037665178533643484,0.5703177452087402,1.017812967300415,0.19197143614292145,0.38580435514450073,1.0140633583068848,0.19842150807380676
1366.6666666666667,,,,,,,,,,,,,,,,,,,,,,,,,,,,,,,,,,,,,,,,,,,,,,,,,,,,,,,,,,,,,,,,,,,,,,,,,,,,,,,,,,,,,,,,,,,,,,,,,,,,,,,,,,,,,,,,,,,,,,,,,,,,,,,0.4888181984424591,0.18965809047222137,-0.001070141908712685,0.5060184001922607,0.15697959065437317,-0.0001478641206631437,0.516955554485321,0.15968537330627441,0.006539469119161367,0.5277661681175232,0.1624937504529953,0.002594844438135624,0.47452181577682495,0.1517856866121292,0.0060770465061068535,0.4635752737522125,0.15079230070114136,-0.0005813377792946994,0.45284339785575867,0.14984503388404846,-0.0032982644625008106,0.540949285030365,0.19605205953121185,-0.004179495386779308,0.43510180711746216,0.18066459894180298,-0.004236708860844374,0.5076706409454346,0.2524975836277008,0.0007278334232978523,0.46526941657066345,0.24621087312698364,-0.004252355080097914,0.610788881778717,0.46565771102905273,-0.011370070278644562,0.34974992275238037,0.4553294777870178,0.011316061951220036,0.7270955443382263,0.7647925019264221,0.04438716173171997,0.23481878638267517,0.7550084590911865,0.05374520644545555,0.6479131579399109,0.9608212113380432,-0.20454680919647217,0.2675318717956543,0.9038421511650085,-0.25031015276908875,0.6440105438232422,1.0479930639266968,0.0012902114540338516,0.2593296468257904,0.9826530814170837,-0.0006264970870688558,0.6075276136398315,1.0232301950454712,0.0040978011675179005,0.300918847322464,0.9515013098716736,-5.8620236814022064e-05,0.6058802008628845,1.0016671419143677,-0.002469933358952403,0.3092847764492035,0.9348915815353394,-0.0037932705599814653,0.5700200200080872,1.0190712213516235,0.17628274857997894,0.38779670000076294,1.017229676246643,0.18315882980823517
1383.3333333333333,,,,,,,,,,,,,,,,,,,,,,,,,,,,,,,,,,,,,,,,,,,,,,,,,,,,,,,,,,,,,,,,,,,,,,,,,,,,,,,,,,,,,,,,,,,,,,,,,,,,,,,,,,,,,,,,,,,,,,,,,,,,,,,0.4872343838214874,0.18895526230335236,-0.0010655963560566306,0.5047924518585205,0.15715815126895905,-0.00012354442151263356,0.515622615814209,0.15991055965423584,0.0069565316662192345,0.5263268351554871,0.16276459395885468,0.0025984663516283035,0.473468542098999,0.15199638903141022,0.00605525728315115,0.4626922011375427,0.15103241801261902,-0.0005667357472702861,0.4521248936653137,0.1501006931066513,-0.0033001231495290995,0.5402712225914001,0.19647935032844543,-0.004196672700345516,0.4351237714290619,0.1812382936477661,-0.004261563997715712,0.5062676668167114,0.252031147480011,0.0008566153119318187,0.4642932713031769,0.24586839973926544,-0.0043015372939407825,0.6110134124755859,0.4670640826225281,-0.011502332054078579,0.3505958616733551,0.458950936794281,0.011449400335550308,0.7301925420761108,0.7641047835350037,0.041100576519966125,0.23375487327575684,0.755225658416748,0.05609427019953728,0.6505022048950195,0.9589247703552246,-0.21699686348438263,0.26559939980506897,0.8979488015174866,-0.26050865650177,0.6472455263137817,1.0451098680496216,0.00128589803352952,0.25616809725761414,0.9761102795600891,-0.00045451661571860313,0.610022783279419,1.018448829650879,0.004115668591111898,0.29838991165161133,0.9452301263809204,-7.948513666633517e-05,0.6076079607009888,0.9970887303352356,-0.0025475872680544853,0.3072584271430969,0.9293990135192871,-0.0038344929926097393,0.5712231993675232,1.0208245515823364,0.14863207936286926,0.3880552053451538,1.0188782215118408,0.156632199883461
1400.0000000000002,,,,,,,,,,,,,,,,,,,,,,,,,,,,,,,,,,,,,,,,,,,,,,,,,,,,,,,,,,,,,,,,,,,,,,,,,,,,,,,,,,,,,,,,,,,,,,,,,,,,,,,,,,,,,,,,,,,,,,,,,,,,,,,0.48504480719566345,0.1887611597776413,-0.0010644530411809683,0.5028216242790222,0.15621761977672577,-0.00012842801515944302,0.5137090086936951,0.1588471233844757,0.007354441098868847,0.5244797468185425,0.16158752143383026,0.0026113290805369616,0.47195616364479065,0.15128813683986664,0.0060598538257181644,0.46127980947494507,0.1503218561410904,-0.00041696548578329384,0.450808048248291,0.14938625693321228,-0.0032974909991025925,0.5398082137107849,0.19570110738277435,-0.004221772775053978,0.4350617527961731,0.18074336647987366,-0.004279801622033119,0.5052579045295715,0.2507283687591553,0.0012058765860274434,0.4629887044429779,0.24481765925884247,-0.004395047202706337,0.6137011647224426,0.4639193117618561,-0.011941487900912762,0.35264790058135986,0.45721933245658875,0.011894958093762398,0.7233713865280151,0.7583543658256531,0.041114769876003265,0.23840758204460144,0.7403700351715088,0.057077180594205856,0.6733270883560181,0.9725093245506287,-0.21477694809436798,0.24717475473880768,0.9070262312889099,-0.24815817177295685,0.687721312046051,1.0676943063735962,0.0012870380887761712,0.220411017537117,1.0052565336227417,-0.0001436351303709671,0.6445140242576599,1.0521782636642456,0.004219132475554943,0.2740800976753235,0.9984831809997559,-9.775131911737844e-05,0.6350246071815491,1.0277403593063354,-0.0027994641568511724,0.28907153010368347,0.976822555065155,-0.0038838789332658052,0.572300910949707,1.013877034187317,0.1887894570827484,0.39111635088920593,1.0122026205062866,0.20508559048175812
1416.6666666666667,,,,,,,,,,,,,,,,,,,,,,,,,,,,,,,,,,,,,,,,,,,,,,,,,,,,,,,,,,,,,,,,,,,,,,,,,,,,,,,,,,,,,,,,,,,,,,,,,,,,,,,,,,,,,,,,,,,,,,,,,,,,,,,0.4851928949356079,0.18593622744083405,-0.0010608594166114926,0.5031089782714844,0.15293049812316895,-0.00013797722931485623,0.5142602920532227,0.15548965334892273,0.0075630792416632175,0.5252936482429504,0.1581665426492691,0.002611653646454215,0.47174328565597534,0.14820736646652222,0.006058988627046347,0.4607871472835541,0.14729805290699005,-0.0003265165723860264,0.4500342011451721,0.14641325175762177,-0.00330047938041389,0.5405659675598145,0.19366955757141113,-0.004238905850797892,0.43396759033203125,0.17908164858818054,-0.004306885413825512,0.5059206485748291,0.24824944138526917,0.0014300235779955983,0.46250519156455994,0.24247601628303528,-0.0044386419467628,0.6139888763427734,0.46357229351997375,-0.012262608855962753,0.35249611735343933,0.4578607976436615,0.012249872088432312,0.7232190370559692,0.757326602935791,0.037990495562553406,0.24112768471240997,0.7389094829559326,0.06379378587007523,0.6770502328872681,0.975146472454071,-0.21427680552005768,0.2466370165348053,0.9111517071723938,-0.23894736170768738,0.6895523071289062,1.0721198320388794,0.0012872362276539207,0.21992036700248718,1.0128847360610962,0.0001093348182621412,0.6463615298271179,1.0590460300445557,0.004287107847630978,0.2723124921321869,1.0075969696044922,-0.00010633997590048239,0.6375563740730286,1.034197449684143,-0.0028984914533793926,0.28745636343955994,0.9859243035316467,-0.0038842877838760614,0.5743460059165955,1.0136404037475586,0.20219989120960236,0.3933616876602173,1.0146538019180298,0.2086820900440216
1433.3333333333333,,,,,,,,,,,,,,,,,,,,,,,,,,,,,,,,,,,,,,,,,,,,,,,,,,,,,,,,,,,,,,,,,,,,,,,,,,,,,,,,,,,,,,,,,,,,,,,,,,,,,,,,,,,,,,,,,,,,,,,,,,,,,,,0.48815909028053284,0.1876293122768402,-0.0008984286105260253,0.504854679107666,0.15234775841236115,-0.0002812424791045487,0.5160353183746338,0.15450988709926605,0.007827376015484333,0.5271047949790955,0.15679627656936646,0.0025208655279129744,0.4734160602092743,0.14832018315792084,0.005842825397849083,0.4621966779232025,0.1476019024848938,0.00019976439944002777,0.45117098093032837,0.14690642058849335,-0.003307606792077422,0.5407412648200989,0.19113782048225403,-0.0042571998201310635,0.43367624282836914,0.17947055399417877,-0.004336008336395025,0.5086283087730408,0.24908430874347687,0.0020235558040440083,0.46471208333969116,0.24434693157672882,-0.004462926648557186,0.6150605082511902,0.46372994780540466,-0.013651837594807148,0.35443606972694397,0.4611443877220154,0.013744566589593887,0.7326390147209167,0.7649518251419067,0.014161698520183563,0.24515366554260254,0.76021409034729,0.05732177942991257,0.7233706712722778,0.9961273074150085,-0.204156294465065,0.23850329220294952,0.9182568788528442,-0.19868755340576172,0.7535382509231567,1.0995630025863647,0.001360017224214971,0.21119992434978485,1.0346184968948364,0.0003049703664146364,0.7104483842849731,1.099711537361145,0.004492080304771662,0.2567045986652374,1.0438587665557861,-0.000196501481696032,0.6939874887466431,1.0721392631530762,-0.0031832028180360794,0.27202558517456055,1.022636890411377,-0.003939438611268997,0.5748733878135681,1.016890287399292,0.23594200611114502,0.4004004895687103,1.0154900550842285,0.25990206003189087
1450.0000000000002,,,,,,,,,,,,,,,,,,,,,,,,,,,,,,,,,,,,,,,,,,,,,,,,,,,,,,,,,,,,,,,,,,,,,,,,,,,,,,,,,,,,,,,,,,,,,,,,,,,,,,,,,,,,,,,,,,,,,,,,,,,,,,,0.48729509115219116,0.18586528301239014,-0.000682857702486217,0.503924548625946,0.15005849301815033,-0.0003673681931104511,0.5150427222251892,0.1519957184791565,0.007848060689866543,0.5260500311851501,0.1540662795305252,0.0025122601073235273,0.4725392460823059,0.14662539958953857,0.005708568729460239,0.46135270595550537,0.14610570669174194,0.0006658658967353404,0.4503563344478607,0.14561457931995392,-0.0033130510710179806,0.539588212966919,0.18849118053913116,-0.0042573618702590466,0.43306100368499756,0.17834246158599854,-0.004374308045953512,0.5078615546226501,0.2469436377286911,0.002287226030603051,0.46409115195274353,0.2429659217596054,-0.004508196376264095,0.6170060634613037,0.4641895592212677,-0.015766723081469536,0.3542614281177521,0.46499449014663696,0.01597575470805168,0.7331951260566711,0.7717921137809753,0.010268665850162506,0.24789872765541077,0.7651730179786682,0.05910656601190567,0.7304717898368835,1.0106569528579712,-0.2006005048751831,0.23474842309951782,0.9545283913612366,-0.18303439021110535,0.7622429132461548,1.1134965419769287,0.001418209751136601,0.2061011642217636,1.058335781097412,0.00035147625021636486,0.7195700407028198,1.106819987297058,0.004648318514227867,0.2502885162830353,1.0523099899291992,-0.00030761794187128544,0.7031018733978271,1.0795897245407104,-0.0032978581730276346,0.2664838433265686,1.0311781167984009,-0.003941996023058891,0.5781792402267456,1.021437406539917,0.24338975548744202,0.4031948447227478,1.0206069946289062,0.2744828760623932
1466.6666666666667,,,,,,,,,,,,,,,,,,,,,,,,,,,,,,,,,,,,,,,,,,,,,,,,,,,,,,,,,,,,,,,,,,,,,,,,,,,,,,,,,,,,,,,,,,,,,,,,,,,,,,,,,,,,,,,,,,,,,,,,,,,,,,,0.48606550693511963,0.18643829226493835,-0.0005389967700466514,0.503329336643219,0.1501847356557846,-0.00045286767999641597,0.5145576000213623,0.1521075963973999,0.007853446528315544,0.5256690382957458,0.15416425466537476,0.002499080030247569,0.47176387906074524,0.1467788815498352,0.0055861216969788074,0.4605654776096344,0.1462625414133072,0.0010113625321537256,0.44955766201019287,0.1457800418138504,-0.003318493254482746,0.5397272706031799,0.18877694010734558,-0.00426006643101573,0.43278634548187256,0.17840176820755005,-0.004417614080011845,0.5069020986557007,0.2477726936340332,0.002495055552572012,0.46296823024749756,0.24377192556858063,-0.004537525121122599,0.6179856061935425,0.46729138493537903,-0.01621023565530777,0.3532663583755493,0.4680488407611847,0.016471626237034798,0.732371985912323,0.7781049013137817,0.014813236892223358,0.24806076288223267,0.7658511400222778,0.06782247126102448,0.7308061122894287,1.016617774963379,-0.1975441426038742,0.23533444106578827,0.9616531729698181,-0.18826843798160553,0.7527697682380676,1.118321180343628,0.0014700974570587277,0.20716218650341034,1.0595581531524658,0.0003808988840319216,0.7117388248443604,1.1079044342041016,0.004812890198081732,0.2518010139465332,1.0633889436721802,-0.00034430783125571907,0.6980825066566467,1.0819151401519775,-0.003418585052713752,0.26790520548820496,1.040209412574768,-0.003999507054686546,0.5786078572273254,1.0278469324111938,0.2553268074989319,0.4031069576740265,1.0278396606445312,0.28266918659210205
1483.3333333333335,,,,,,,,,,,,,,,,,,,,,,,,,,,,,,,,,,,,,,,,,,,,,,,,,,,,,,,,,,,,,,,,,,,,,,,,,,,,,,,,,,,,,,,,,,,,,,,,,,,,,,,,,,,,,,,,,,,,,,,,,,,,,,,0.4884336590766907,0.1863887459039688,-0.00038143625715747476,0.5051073431968689,0.1506517380475998,-0.000550941564142704,0.5161231756210327,0.15263666212558746,0.00804597232490778,0.5270562767982483,0.15475217998027802,0.0023944852873682976,0.47352418303489685,0.14731256663799286,0.0053150951862335205,0.4623870849609375,0.14692804217338562,0.0016297196270897985,0.4514414668083191,0.14659279584884644,-0.00330574088729918,0.5401139259338379,0.18948961794376373,-0.004286380484700203,0.43367800116539,0.17965908348560333,-0.004427528008818626,0.508561909198761,0.24791619181632996,0.002977152355015278,0.465129017829895,0.24421870708465576,-0.004556977190077305,0.6170042753219604,0.46771156787872314,-0.013792040757834911,0.35258686542510986,0.47189533710479736,0.014276165515184402,0.7238836288452148,0.7845553755760193,0.017152681946754456,0.24902494251728058,0.7905299663543701,0.0338972732424736,0.7313134670257568,1.025752067565918,-0.17246733605861664,0.23565274477005005,1.0227386951446533,-0.15962010622024536,0.7527849078178406,1.1267220973968506,0.0015618769684806466,0.21023833751678467,1.1269187927246094,0.00040636121411807835,0.7132731676101685,1.118045449256897,0.004869702272117138,0.2503111660480499,1.1356488466262817,-0.00045494671212509274,0.6996075510978699,1.0854588747024536,-0.0036109257489442825,0.26568353176116943,1.1045805215835571,-0.004021310247480869,0.5762215256690979,1.0311232805252075,0.22557881474494934,0.4013806879520416,1.0334312915802002,0.24424801766872406
1500.0,,,,,,,,,,,,,,,,,,,,,,,,,,,,,,,,,,,,,,,,,,,,,,,,,,,,,,,,,,,,,,,,,,,,,,,,,,,,,,,,,,,,,,,,,,,,,,,,,,,,,,,,,,,,,,,,,,,,,,,,,,,,,,,0.48917439579963684,0.18592900037765503,-0.000300198036711663,0.5053408741950989,0.15067189931869507,-0.0005777572514489293,0.5162901282310486,0.15267212688922882,0.008170541375875473,0.5271459221839905,0.15480485558509827,0.002244387986138463,0.47381874918937683,0.14732082188129425,0.00504943635314703,0.4626438319683075,0.1469801366329193,0.0020014105830341578,0.45165881514549255,0.14669083058834076,-0.0033031655475497246,0.5394267439842224,0.1896836757659912,-0.004298634827136993,0.43338674306869507,0.18003351986408234,-0.004482753109186888,0.5088631510734558,0.24768903851509094,0.0032400612253695726,0.46553075313568115,0.24410247802734375,-0.004563488066196442,0.6159576177597046,0.46906334161758423,-0.010749131441116333,0.3521270155906677,0.4748557507991791,0.01131954975426197,0.7258745431900024,0.7862634658813477,0.02534525655210018,0.2497882843017578,0.7916626930236816,0.023698320612311363,0.7359581589698792,1.0308111906051636,-0.16270765662193298,0.2334941029548645,1.0469458103179932,-0.1552542895078659,0.753721296787262,1.1332989931106567,0.0016005330253392458,0.2086029350757599,1.1509568691253662,0.00043152578291483223,0.7168463468551636,1.127763271331787,0.004877311177551746,0.2478741705417633,1.1570379734039307,-0.0005875386414118111,0.7006332874298096,1.0974236726760864,-0.0036838455125689507,0.2629772126674652,1.1261467933654785,-0.004032640717923641,0.5756915211677551,1.0349326133728027,0.2160501778125763,0.4021548628807068,1.0372036695480347,0.23188063502311707
1516.6666666666667,,,,,,,,,,,,,,,,,,,,,,,,,,,,,,,,,,,,,,,,,,,,,,,,,,,,,,,,,,,,,,,,,,,,,,,,,,,,,,,,,,,,,,,,,,,,,,,,,,,,,,,,,,,,,,,,,,,,,,,,,,,,,,,0.4889890253543854,0.18718424439430237,-0.00023216684348881245,0.5044829845428467,0.15150131285190582,-0.0005780685460194945,0.515438973903656,0.15329617261886597,0.008225157856941223,0.5262935757637024,0.15519477427005768,0.0020769149996340275,0.4730437099933624,0.14836162328720093,0.004867334384471178,0.46186280250549316,0.14802151918411255,0.002273169346153736,0.4508705735206604,0.14772102236747742,-0.0033012882340699434,0.5390439033508301,0.18893156945705414,-0.004335978999733925,0.4332951307296753,0.18098761141300201,-0.004514449741691351,0.5093902945518494,0.24820874631404877,0.0035378895699977875,0.46609342098236084,0.245319202542305,-0.004566900432109833,0.6175955533981323,0.4713592529296875,-0.007208703551441431,0.3550860583782196,0.4769582748413086,0.007763449102640152,0.7189993262290955,0.7927484512329102,0.03490806370973587,0.2543891370296478,0.7973069548606873,0.02356749400496483,0.7397767305374146,1.0410103797912598,-0.15451788902282715,0.22965675592422485,1.056501030921936,-0.14542441070079803,0.756887674331665,1.142202377319336,0.0016291537322103977,0.20289826393127441,1.1578975915908813,0.0004644565051421523,0.7256844639778137,1.1364343166351318,0.004900841508060694,0.2380763441324234,1.1633414030075073,-0.0007201610715128481,0.7086260914802551,1.1066566705703735,-0.003724519396200776,0.2542180120944977,1.1333684921264648,-0.0040436903946101665,0.5761364698410034,1.0397385358810425,0.18710249662399292,0.4042065441608429,1.0398691892623901,0.2003326416015625
1533.3333333333335,,,,,,,,,,,,,,,,,,,,,,,,,,,,,,,,,,,,,,,,,,,,,,,,,,,,,,,,,,,,,,,,,,,,,,,,,,,,,,,,,,,,,,,,,,,,,,,,,,,,,,,,,,,,,,,,,,,,,,,,,,,,,,,0.48944976925849915,0.18586039543151855,-0.00020921434042975307,0.5052713751792908,0.15065501630306244,-0.0005812099552713335,0.5161469578742981,0.15250438451766968,0.008396289311349392,0.5269231796264648,0.15446755290031433,0.002002241089940071,0.4738381505012512,0.14753006398677826,0.004806980490684509,0.4627177119255066,0.1472575068473816,0.0023354659788310528,0.4517832100391388,0.1470363885164261,-0.003295199479907751,0.5391949415206909,0.188188835978508,-0.004368289839476347,0.43381091952323914,0.1800992786884308,-0.00474755372852087,0.5092498064041138,0.24703216552734375,0.0036634516436606646,0.46624964475631714,0.24402284622192383,-0.004541601054370403,0.6165882349014282,0.471113383769989,-0.006486237049102783,0.35328224301338196,0.47811710834503174,0.006997774355113506,0.7200941443443298,0.7940982580184937,0.04198291152715683,0.2543661892414093,0.8251677751541138,0.0138985151425004,0.739117443561554,1.042447566986084,-0.1602865308523178,0.23115897178649902,1.0679513216018677,-0.15107114613056183,0.7597183585166931,1.143012523651123,0.00164442986715585,0.20525574684143066,1.1664040088653564,0.00048507272731512785,0.7255159020423889,1.1390225887298584,0.004974586423486471,0.24405437707901,1.1699776649475098,-0.0007495406316593289,0.7101378440856934,1.1079931259155273,-0.0037359665147960186,0.2600456476211548,1.137455701828003,-0.004094554111361504,0.5765994191169739,1.0397547483444214,0.17315274477005005,0.40279170870780945,1.0419102907180786,0.19077759981155396
1550.0,,,,,,,,,,,,,,,,,,,,,,,,,,,,,,,,,,,,,,,,,,,,,,,,,,,,,,,,,,,,,,,,,,,,,,,,,,,,,,,,,,,,,,,,,,,,,,,,,,,,,,,,,,,,,,,,,,,,,,,,,,,,,,,0.488983154296875,0.1860739290714264,-0.00019602340762503445,0.5047138333320618,0.15071628987789154,-0.0005876892828382552,0.5156272053718567,0.15256589651107788,0.008481794968247414,0.5264399647712708,0.15451885759830475,0.0019267781171947718,0.47329041361808777,0.14756636321544647,0.004738891497254372,0.4621683955192566,0.14727924764156342,0.002416769275441766,0.4512345492839813,0.14703986048698425,-0.003294137306511402,0.5391703248023987,0.18812420964241028,-0.004371936898678541,0.4337148070335388,0.18019495904445648,-0.004804923664778471,0.5091774463653564,0.24731290340423584,0.003807300003245473,0.4660835266113281,0.2443351149559021,-0.004547399003058672,0.6175955533981323,0.4715721309185028,-0.0062010628171265125,0.3543429970741272,0.47820940613746643,0.006655444391071796,0.7187249064445496,0.7975559830665588,0.040858011692762375,0.25439655780792236,0.8183976411819458,0.024473873898386955,0.7422410249710083,1.049544095993042,-0.15877045691013336,0.2292184829711914,1.0658618211746216,-0.14507992565631866,0.7652429938316345,1.147884726524353,0.001647992874495685,0.2024165540933609,1.166130542755127,0.0005056362133473158,0.7289572954177856,1.1439534425735474,0.005033170338720083,0.2377086728811264,1.1696735620498657,-0.0007976370980031788,0.713950514793396,1.1125918626785278,-0.003751794807612896,0.2540741562843323,1.140329360961914,-0.004109756089746952,0.5741559863090515,1.0416841506958008,0.17935648560523987,0.401577889919281,1.0423905849456787,0.19673343002796173
1566.6666666666667,,,,,,,,,,,,,,,,,,,,,,,,,,,,,,,,,,,,,,,,,,,,,,,,,,,,,,,,,,,,,,,,,,,,,,,,,,,,,,,,,,,,,,,,,,,,,,,,,,,,,,,,,,,,,,,,,,,,,,,,,,,,,,,0.4898292124271393,0.18587930500507355,-0.00019038113532587886,0.5052486658096313,0.15091365575790405,-0.0005838749930262566,0.5159584879875183,0.1527453064918518,0.008545748889446259,0.5265425443649292,0.15468919277191162,0.0017910583410412073,0.47406312823295593,0.14774680137634277,0.004635773133486509,0.46302884817123413,0.1474338322877884,0.0024957621935755014,0.45218050479888916,0.14717300236225128,-0.0032970025204122066,0.5383202433586121,0.1878943294286728,-0.004390760324895382,0.4342343807220459,0.1798536628484726,-0.0048692598938941956,0.5093266367912292,0.2464849352836609,0.004014940001070499,0.46680566668510437,0.2434210479259491,-0.004533760249614716,0.6150453090667725,0.47383344173431396,-0.0021538787987083197,0.35425013303756714,0.4777800142765045,0.0025986479595303535,0.7082179188728333,0.7979474067687988,0.04506570100784302,0.2561843991279602,0.8171900510787964,0.01675098016858101,0.7416988015174866,1.056006908416748,-0.14239536225795746,0.22850769758224487,1.0736315250396729,-0.14618568122386932,0.7662035822868347,1.1518361568450928,0.001654371852055192,0.20086736977100372,1.171431303024292,0.0005263545899651945,0.731942892074585,1.1444560289382935,0.0050888266414403915,0.23251649737358093,1.1756327152252197,-0.0008870010497048497,0.7170161604881287,1.1133980751037598,-0.0037644756957888603,0.24931137263774872,1.1464869976043701,-0.004137230105698109,0.5702401399612427,1.0453436374664307,0.13452982902526855,0.39738649129867554,1.0439344644546509,0.14561529457569122
1583.3333333333335,,,,,,,,,,,,,,,,,,,,,,,,,,,,,,,,,,,,,,,,,,,,,,,,,,,,,,,,,,,,,,,,,,,,,,,,,,,,,,,,,,,,,,,,,,,,,,,,,,,,,,,,,,,,,,,,,,,,,,,,,,,,,,,0.49051159620285034,0.18625026941299438,-0.0001761356834322214,0.5057063698768616,0.15117350220680237,-0.0005815827171318233,0.5164058208465576,0.1530044972896576,0.008595052175223827,0.5269783735275269,0.15493915975093842,0.0017058710800483823,0.47455033659935,0.1480018049478531,0.00461122952401638,0.4634968042373657,0.14769557118415833,0.0025155909825116396,0.452632337808609,0.1474442034959793,-0.003298344789072871,0.5385867953300476,0.18794986605644226,-0.004419163800776005,0.43444302678108215,0.18012474477291107,-0.004875458776950836,0.5099055767059326,0.24670462310314178,0.004070961847901344,0.46744412183761597,0.24375465512275696,-0.004523495677858591,0.6142714023590088,0.47391319274902344,-0.00011317999451421201,0.354799747467041,0.47813132405281067,0.0005339515046216547,0.7055779099464417,0.7987225651741028,0.051471419632434845,0.2600115239620209,0.8168251514434814,0.015544723719358444,0.7405596375465393,1.0591111183166504,-0.1372801512479782,0.22973227500915527,1.0738472938537598,-0.14803200960159302,0.7651699185371399,1.1552338600158691,0.001669600373134017,0.20218698680400848,1.1726151704788208,0.00053627003217116,0.7322671413421631,1.1498100757598877,0.005092534236609936,0.23373059928417206,1.1766356229782104,-0.0009149652905762196,0.7174074053764343,1.1172261238098145,-0.0038027602713555098,0.2503899931907654,1.1470519304275513,-0.004138546530157328,0.5707888007164001,1.0463659763336182,0.12784023582935333,0.39882051944732666,1.046068787574768,0.13378584384918213
1600.0,,,,,,,,,,,,,,,,,,,,,,,,,,,,,,,,,,,,,,,,,,,,,,,,,,,,,,,,,,,,,,,,,,,,,,,,,,,,,,,,,,,,,,,,,,,,,,,,,,,,,,,,,,,,,,,,,,,,,,,,,,,,,,,0.4907664358615875,0.18630531430244446,-0.00016333725943695754,0.50587397813797,0.15120142698287964,-0.0005849642329849303,0.516591489315033,0.15305878221988678,0.008616507053375244,0.5271795392036438,0.15498371422290802,0.0016428536036983132,0.47461557388305664,0.1481700986623764,0.004570013377815485,0.46353837847709656,0.14796128869056702,0.0025331242941319942,0.45265206694602966,0.14782842993736267,-0.0032997513189911842,0.538830041885376,0.18794845044612885,-0.004427960142493248,0.4344531297683716,0.1802222579717636,-0.00490229856222868,0.510285496711731,0.24680526554584503,0.004145684186369181,0.4677463173866272,0.2439498007297516,-0.0045182532630860806,0.6146816611289978,0.47393110394477844,0.0018494721734896302,0.3549558222293854,0.47896939516067505,-0.0014424400869756937,0.703102171421051,0.8099042773246765,0.0647907480597496,0.2677886486053467,0.820844829082489,0.013874443247914314,0.739159345626831,1.0670827627182007,-0.12791335582733154,0.23018568754196167,1.0862035751342773,-0.1444404125213623,0.763850212097168,1.1595242023468018,0.0016762634040787816,0.20352615416049957,1.1819149255752563,0.0005419411463662982,0.7324087023735046,1.154616355895996,0.005102371796965599,0.23582230508327484,1.1869497299194336,-0.000934965384658426,0.7175970077514648,1.123473882675171,-0.0038378697354346514,0.25259172916412354,1.1558914184570312,-0.004162217490375042,0.5717447996139526,1.0473368167877197,0.1172875165939331,0.39964452385902405,1.047926902770996,0.12235388904809952
1616.6666666666667,,,,,,,,,,,,,,,,,,,,,,,,,,,,,,,,,,,,,,,,,,,,,,,,,,,,,,,,,,,,,,,,,,,,,,,,,,,,,,,,,,,,,,,,,,,,,,,,,,,,,,,,,,,,,,,,,,,,,,,,,,,,,,,0.4907941520214081,0.18651236593723297,-0.00015542232722509652,0.5058370232582092,0.1512984335422516,-0.0005940627888776362,0.5165433883666992,0.15310952067375183,0.008629471994936466,0.5271221995353699,0.15497423708438873,0.0016182033577933908,0.4745994806289673,0.14822795987129211,0.004532334394752979,0.46353432536125183,0.14798405766487122,0.002540794899687171,0.452657550573349,0.14796286821365356,-0.003299805335700512,0.5388849973678589,0.18776172399520874,-0.004435576032847166,0.43453922867774963,0.18026019632816315,-0.004950474947690964,0.5104411840438843,0.2469080537557602,0.004179106559604406,0.4678731858730316,0.2442021369934082,-0.004516179207712412,0.6155102252960205,0.4740029275417328,0.0015462589217349887,0.35523396730422974,0.4813319146633148,-0.0011411247542127967,0.7038180232048035,0.8160892128944397,0.0665421411395073,0.2700592875480652,0.8288754224777222,0.015392675995826721,0.7391032576560974,1.0739682912826538,-0.12912216782569885,0.2317969799041748,1.094167947769165,-0.1438150703907013,0.7640071511268616,1.1658544540405273,0.0016790564404800534,0.20463097095489502,1.1909681558609009,0.00054506107699126,0.7328892946243286,1.1638976335525513,0.005105971824377775,0.2358836680650711,1.196638584136963,-0.0009420788264833391,0.7178952097892761,1.133509635925293,-0.0038460700307041407,0.2527943253517151,1.1639751195907593,-0.004189583007246256,0.5725967288017273,1.0503721237182617,0.13559366762638092,0.4004257023334503,1.053420066833496,0.1431863158941269
1633.3333333333333,,,,,,,,,,,,,,,,,,,,,,,,,,,,,,,,,,,,,,,,,,,,,,,,,,,,,,,,,,,,,,,,,,,,,,,,,,,,,,,,,,,,,,,,,,,,,,,,,,,,,,,,,,,,,,,,,,,,,,,,,,,,,,,0.49023669958114624,0.18663659691810608,-0.00015350304602179676,0.5055505633354187,0.15137165784835815,-0.0006015785038471222,0.5163061022758484,0.1531219631433487,0.008691306225955486,0.5269403457641602,0.15499483048915863,0.0015823718858882785,0.4743378758430481,0.14848783612251282,0.004494285210967064,0.46330541372299194,0.14829204976558685,0.002551262965425849,0.45246192812919617,0.14830678701400757,-0.0033008339814841747,0.5391757488250732,0.18780678510665894,-0.0044677723199129105,0.43483802676200867,0.18035729229450226,-0.0049904100596904755,0.5101907253265381,0.24708566069602966,0.004207974299788475,0.46766871213912964,0.24431154131889343,-0.004515668842941523,0.6162509918212891,0.4746414124965668,0.0006666810950264335,0.3555818796157837,0.48270395398139954,-0.00025265049771405756,0.7065559029579163,0.8175733685493469,0.06166013702750206,0.27021142840385437,0.8329551815986633,0.017891254276037216,0.7408891320228577,1.0770763158798218,-0.13471075892448425,0.2336864471435547,1.094218373298645,-0.14333456754684448,0.7656843066215515,1.1681939363479614,0.0016934857703745365,0.20638151466846466,1.1914197206497192,0.0005480438703671098,0.7342034578323364,1.1662843227386475,0.005141566973179579,0.2375800609588623,1.1967802047729492,-0.0009567290544509888,0.7191265821456909,1.1369011402130127,-0.0038872179575264454,0.2545076012611389,1.1641849279403687,-0.004192538559436798,0.5734606385231018,1.0530691146850586,0.136722594499588,0.40121379494667053,1.056566834449768,0.14627417922019958
1650.0000000000002,,,,,,,,,,,,,,,,,,,,,,,,,,,,,,,,,,,,,,,,,,,,,,,,,,,,,,,,,,,,,,,,,,,,,,,,,,,,,,,,,,,,,,,,,,,,,,,,,,,,,,,,,,,,,,,,,,,,,,,,,,,,,,,0.49022307991981506,0.18664158880710602,-0.00014239040319807827,0.5055525302886963,0.15153637528419495,-0.0006076680147089064,0.5163112878799438,0.15330719947814941,0.00872719008475542,0.5269469618797302,0.15520186722278595,0.0015472577651962638,0.47432196140289307,0.1486317366361618,0.004444613121449947,0.4632924795150757,0.14843769371509552,0.0025703704450279474,0.45245546102523804,0.14844948053359985,-0.0033012880012392998,0.5392003059387207,0.18817353248596191,-0.004472825210541487,0.4349338114261627,0.1804988831281662,-0.005060120485723019,0.5101380944252014,0.2472747415304184,0.004227400757372379,0.4676494002342224,0.24438728392124176,-0.004516256041824818,0.6163771748542786,0.4776190221309662,-4.178091330686584e-05,0.35526153445243835,0.487032413482666,0.00045013419003225863,0.7033876776695251,0.8336138129234314,0.06674236059188843,0.2701069712638855,0.8426960706710815,0.018116014078259468,0.7357664108276367,1.091173529624939,-0.1300947666168213,0.2348637878894806,1.1048266887664795,-0.13630101084709167,0.7599869966506958,1.1838665008544922,0.0016952878795564175,0.207378551363945,1.2021477222442627,0.0005526389577426016,0.7301390767097473,1.1818857192993164,0.005157463252544403,0.23790085315704346,1.207101821899414,-0.0009584084618836641,0.7149110436439514,1.151219129562378,-0.003908227663487196,0.25495272874832153,1.1734896898269653,-0.004228495992720127,0.5734818577766418,1.060433268547058,0.13114136457443237,0.4003261923789978,1.065568447113037,0.1410893201828003
1666.6666666666667,,,,,,,,,,,,,,,,,,,,,,,,,,,,,,,,,,,,,,,,,,,,,,,,,,,,,,,,,,,,,,,,,,,,,,,,,,,,,,,,,,,,,,,,,,,,,,,,,,,,,,,,,,,,,,,,,,,,,,,,,,,,,,,0.49002474546432495,0.18661311268806458,-0.0001377978769596666,0.5055860877037048,0.1516820788383484,-0.0006126689841039479,0.5163641571998596,0.1535312533378601,0.008776686154305935,0.5270208120346069,0.15552093088626862,0.0015380589757114649,0.4743027985095978,0.14866846799850464,0.0044168164022266865,0.4633028507232666,0.14845076203346252,0.0025849950034171343,0.4524974226951599,0.14843301475048065,-0.00330344052053988,0.5395278334617615,0.18930160999298096,-0.004491535946726799,0.4353103041648865,0.18052135407924652,-0.0051210359670221806,0.5098028182983398,0.2478228211402893,0.00425083888694644,0.4674069583415985,0.24450883269309998,-0.004516077693551779,0.6167709827423096,0.4797423183917999,-0.0016728496411815286,0.3552241027355194,0.4885141849517822,0.0020453669130802155,0.703708827495575,0.8359213471412659,0.06400801241397858,0.26952484250068665,0.8428306579589844,0.026552511379122734,0.7353406548500061,1.0893722772598267,-0.1312250792980194,0.23727700114250183,1.1007250547409058,-0.1318487524986267,0.7594207525253296,1.183423638343811,0.0017007353017106652,0.20989499986171722,1.1990700960159302,0.0005608565406873822,0.7289770245552063,1.1803878545761108,0.005168421659618616,0.24126899242401123,1.203924536705017,-0.0009674308821558952,0.714024543762207,1.1495367288589478,-0.003924755845218897,0.2584734261035919,1.1703425645828247,-0.0042580049484968185,0.5739628672599792,1.0637999773025513,0.13111084699630737,0.39944472908973694,1.0679445266723633,0.14167137444019318
1683.3333333333333,,,,,,,,,,,,,,,,,,,,,,,,,,,,,,,,,,,,,,,,,,,,,,,,,,,,,,,,,,,,,,,,,,,,,,,,,,,,,,,,,,,,,,,,,,,,,,,,,,,,,,,,,,,,,,,,,,,,,,,,,,,,,,,0.48992273211479187,0.18662568926811218,-0.00013708429469261318,0.5055558085441589,0.15169617533683777,-0.0006180835189297795,0.5163269639015198,0.15355081856250763,0.008810761384665966,0.5269757509231567,0.1555434763431549,0.0015270793810486794,0.47428470849990845,0.148685023188591,0.004407805390655994,0.46328604221343994,0.14847378432750702,0.0025977869518101215,0.4524860978126526,0.14846201241016388,-0.003305690595880151,0.5394274592399597,0.18928639590740204,-0.004511839710175991,0.43532711267471313,0.18053129315376282,-0.005167809315025806,0.5097372531890869,0.24787558615207672,0.0042763035744428635,0.4673832356929779,0.24456444382667542,-0.004513621795922518,0.6168830394744873,0.47931283712387085,-0.0023644445464015007,0.3551190197467804,0.48890602588653564,0.0027226584497839212,0.7042299509048462,0.8321166038513184,0.06447549909353256,0.27186354994773865,0.8418132066726685,0.031214015558362007,0.7354358434677124,1.0860151052474976,-0.1302732676267624,0.24034221470355988,1.0988681316375732,-0.1333431452512741,0.7594248056411743,1.1802383661270142,0.0017116591334342957,0.2130303978919983,1.1970558166503906,0.0005632644169963896,0.7290586233139038,1.1775509119033813,0.0051789539866149426,0.24404093623161316,1.202102780342102,-0.0009714068728499115,0.7141081094741821,1.1469651460647583,-0.003940895199775696,0.26129618287086487,1.1687101125717163,-0.004280681721866131,0.5755036473274231,1.0636019706726074,0.12913021445274353,0.3997447192668915,1.0690221786499023,0.14024564623832703
1700.0000000000002,,,,,,,,,,,,,,,,,,,,,,,,,,,,,,,,,,,,,,,,,,,,,,,,,,,,,,,,,,,,,,,,,,,,,,,,,,,,,,,,,,,,,,,,,,,,,,,,,,,,,,,,,,,,,,,,,,,,,,,,,,,,,,,0.48989567160606384,0.18670563399791718,-0.00013551223673857749,0.5055420398712158,0.15171757340431213,-0.0006181912031024694,0.5162777900695801,0.15356746315956116,0.008832558058202267,0.5268904566764832,0.1555478721857071,0.0015139655442908406,0.47429120540618896,0.14868876338005066,0.00440520653501153,0.4633201062679291,0.14849627017974854,0.0026094643399119377,0.452549546957016,0.14849884808063507,-0.0033068780321627855,0.5391674637794495,0.18924279510974884,-0.00451658945530653,0.4352630376815796,0.1804656982421875,-0.005192524753510952,0.5096351504325867,0.24785228073596954,0.004304718226194382,0.46737852692604065,0.24457572400569916,-0.004511242266744375,0.6169519424438477,0.4791012704372406,-0.0018557696603238583,0.35508400201797485,0.4889174997806549,0.0022144883405417204,0.704831600189209,0.8299700617790222,0.06477722525596619,0.27425050735473633,0.8422980308532715,0.029480652883648872,0.7359541654586792,1.0839556455612183,-0.1280864179134369,0.24289076030254364,1.1014227867126465,-0.13402777910232544,0.7598980069160461,1.1775685548782349,0.0017227332573384047,0.21580836176872253,1.1987886428833008,0.0005681834300048649,0.7293235063552856,1.175790786743164,0.005184766370803118,0.24580802023410797,1.2032138109207153,-0.0009724169503897429,0.714238166809082,1.1455297470092773,-0.0039497483521699905,0.26306623220443726,1.1700128316879272,-0.004301055334508419,0.5775204300880432,1.0629831552505493,0.12454555928707123,0.4004960060119629,1.0696032047271729,0.13672970235347748
1716.6666666666667,,,,,,,,,,,,,,,,,,,,,,,,,,,,,,,,,,,,,,,,,,,,,,,,,,,,,,,,,,,,,,,,,,,,,,,,,,,,,,,,,,,,,,,,,,,,,,,,,,,,,,,,,,,,,,,,,,,,,,,,,,,,,,,0.48975181579589844,0.1867038607597351,-0.00013302815204951912,0.5053322911262512,0.15170767903327942,-0.0006195682217366993,0.5160175561904907,0.15352870523929596,0.008852831088006496,0.5265788435935974,0.15546974539756775,0.0015102283796295524,0.4741626977920532,0.14871565997600555,0.004397520329803228,0.4632512032985687,0.1485273540019989,0.002621043473482132,0.4525393545627594,0.1485278606414795,-0.003306877799332142,0.5388942360877991,0.1889892965555191,-0.004518474917858839,0.4354207217693329,0.18049854040145874,-0.005204992834478617,0.5095803141593933,0.24772052466869354,0.004317032173275948,0.4675482213497162,0.24458426237106323,-0.004510978236794472,0.617889940738678,0.47877514362335205,-0.0017593550728634,0.3555794358253479,0.4905376434326172,0.0021191986743360758,0.7037978768348694,0.8305216431617737,0.06502481549978256,0.2772943675518036,0.8428432941436768,0.03101087547838688,0.7354175448417664,1.087866187095642,-0.12165426462888718,0.24305203557014465,1.1041589975357056,-0.13438452780246735,0.759414792060852,1.1813602447509766,0.0017250364180654287,0.21613039076328278,1.2002081871032715,0.0005837646895088255,0.7289669513702393,1.1817371845245361,0.005196765996515751,0.2449851632118225,1.2039247751235962,-0.0009779174579307437,0.7138360142707825,1.151328206062317,-0.00396290048956871,0.26213768124580383,1.1710859537124634,-0.004311214201152325,0.5789175033569336,1.0647876262664795,0.11956311762332916,0.40188416838645935,1.072834849357605,0.1300266683101654
1733.3333333333335,,,,,,,,,,,,,,,,,,,,,,,,,,,,,,,,,,,,,,,,,,,,,,,,,,,,,,,,,,,,,,,,,,,,,,,,,,,,,,,,,,,,,,,,,,,,,,,,,,,,,,,,,,,,,,,,,,,,,,,,,,,,,,,0.48911941051483154,0.18755502998828888,-0.000127483595861122,0.5051321387290955,0.15198972821235657,-0.0006272911559790373,0.5159264802932739,0.1537870615720749,0.008893507532775402,0.5266065001487732,0.1557028740644455,0.0014982792781665921,0.4738213121891022,0.1489935666322708,0.0043853349052369595,0.46287670731544495,0.1487741768360138,0.0026236565317958593,0.4521319270133972,0.1487344205379486,-0.00330727850086987,0.5392928719520569,0.18893511593341827,-0.004542110022157431,0.4351765215396881,0.18052366375923157,-0.005228934343904257,0.5091081857681274,0.24858829379081726,0.004334447905421257,0.46690991520881653,0.24538613855838776,-0.00451073981821537,0.6186472773551941,0.4780379831790924,-0.002764700213447213,0.3551861643791199,0.49035561084747314,0.0031104665249586105,0.7049468755722046,0.829601526260376,0.06629344075918198,0.277385950088501,0.8444725871086121,0.039400503039360046,0.7347733378410339,1.08529531955719,-0.1219804659485817,0.24448643624782562,1.1012760400772095,-0.1346590667963028,0.7587012052536011,1.1789048910140991,0.001729833660647273,0.2169625163078308,1.1977522373199463,0.0005937863024882972,0.7283949255943298,1.1783233880996704,0.00520862964913249,0.24694517254829407,1.201772928237915,-0.0009831554489210248,0.7132169604301453,1.1477649211883545,-0.003973277751356363,0.2645008862018585,1.1687973737716675,-0.004323433618992567,0.579814612865448,1.065590739250183,0.13845257461071014,0.40224963426589966,1.0728132724761963,0.15619464218616486
1750.0,,,,,,,,,,,,,,,,,,,,,,,,,,,,,,,,,,,,,,,,,,,,,,,,,,,,,,,,,,,,,,,,,,,,,,,,,,,,,,,,,,,,,,,,,,,,,,,,,,,,,,,,,,,,,,,,,,,,,,,,,,,,,,,0.4891709089279175,0.18829795718193054,-0.00012267132115084678,0.505264163017273,0.15219810605049133,-0.0006302418187260628,0.5160701274871826,0.15394410490989685,0.008896945975720882,0.526760458946228,0.15581579506397247,0.0014880140079185367,0.4739510118961334,0.14931261539459229,0.004364976659417152,0.4629970192909241,0.14909721910953522,0.002627403475344181,0.4522404670715332,0.14904679358005524,-0.003307365346699953,0.5394224524497986,0.18893098831176758,-0.004554733633995056,0.4352768659591675,0.18056178092956543,-0.005233950912952423,0.5091875195503235,0.248935267329216,0.004350753501057625,0.4670165777206421,0.24587783217430115,-0.004511479754000902,0.6189526319503784,0.4776597321033478,-0.0032134023495018482,0.35552820563316345,0.4903426766395569,0.0035592808853834867,0.7045741677284241,0.8295196294784546,0.06628891825675964,0.2789691388607025,0.8439759016036987,0.041483648121356964,0.7328256368637085,1.086533546447754,-0.12218412756919861,0.24518047273159027,1.1018356084823608,-0.13466742634773254,0.7559580206871033,1.180677890777588,0.001742120715789497,0.21797631680965424,1.1982219219207764,0.0006003419985063374,0.7253397703170776,1.1810276508331299,0.005225847475230694,0.24740709364414215,1.2022091150283813,-0.0009946849895641208,0.7101782560348511,1.1500698328018188,-0.003973723389208317,0.26487740874290466,1.1692641973495483,-0.004331306088715792,0.5809615254402161,1.0654561519622803,0.1400580108165741,0.4044054448604584,1.0732109546661377,0.1569288820028305
1766.6666666666667,,,,,,,,,,,,,,,,,,,,,,,,,,,,,,,,,,,,,,,,,,,,,,,,,,,,,,,,,,,,,,,,,,,,,,,,,,,,,,,,,,,,,,,,,,,,,,,,,,,,,,,,,,,,,,,,,,,,,,,,,,,,,,,0.489014595746994,0.18950895965099335,-0.00011373302550055087,0.5054113864898682,0.1528042107820511,-0.0006309085874818265,0.516260027885437,0.15453478693962097,0.008904661983251572,0.5269962549209595,0.15638847649097443,0.0014708619564771652,0.4740599989891052,0.14978881180286407,0.004343083128333092,0.463089257478714,0.14946557581424713,0.0026313341222703457,0.4523177146911621,0.14929986000061035,-0.003307516220957041,0.5396390557289124,0.18897973001003265,-0.004555135034024715,0.4352615773677826,0.18052291870117188,-0.005250061862170696,0.5088881850242615,0.2497640699148178,0.00436501344665885,0.4666607975959778,0.2464478611946106,-0.004510539583861828,0.6182801723480225,0.47679242491722107,-0.0032586301676928997,0.35522976517677307,0.48998817801475525,0.0036040013656020164,0.7043733596801758,0.8283547759056091,0.06699250638484955,0.2787807583808899,0.8428980708122253,0.04290653020143509,0.734034538269043,1.0852341651916504,-0.123476043343544,0.24611254036426544,1.0993608236312866,-0.13635648787021637,0.7570992112159729,1.1796622276306152,0.0017566317692399025,0.2188730686903,1.1961050033569336,0.0006036698468960822,0.7264285683631897,1.1785906553268433,0.00523306243121624,0.24881821870803833,1.2003073692321777,-0.0009995513828471303,0.7108817100524902,1.1475796699523926,-0.003981608431786299,0.2664390802383423,1.1671942472457886,-0.004337475635111332,0.580711841583252,1.0646169185638428,0.14087435603141785,0.4042428135871887,1.0721715688705444,0.15588848292827606
