timestamps,lefthand_0_x,lefthand_0_y,lefthand_0_z,lefthand_1_x,lefthand_1_y,lefthand_1_z,lefthand_2_x,lefthand_2_y,lefthand_2_z,lefthand_3_x,lefthand_3_y,lefthand_3_z,lefthand_4_x,lefthand_4_y,lefthand_4_z,lefthand_5_x,lefthand_5_y,lefthand_5_z,lefthand_6_x,lefthand_6_y,lefthand_6_z,lefthand_7_x,lefthand_7_y,lefthand_7_z,lefthand_8_x,lefthand_8_y,lefthand_8_z,lefthand_9_x,lefthand_9_y,lefthand_9_z,lefthand_10_x,lefthand_10_y,lefthand_10_z,lefthand_11_x,lefthand_11_y,lefthand_11_z,lefthand_12_x,lefthand_12_y,lefthand_12_z,lefthand_13_x,lefthand_13_y,lefthand_13_z,lefthand_14_x,lefthand_14_y,lefthand_14_z,lefthand_15_x,lefthand_15_y,lefthand_15_z,lefthand_16_x,lefthand_16_y,lefthand_16_z,lefthand_17_x,lefthand_17_y,lefthand_17_z,lefthand_18_x,lefthand_18_y,lefthand_18_z,lefthand_19_x,lefthand_19_y,lefthand_19_z,lefthand_20_x,lefthand_20_y,lefthand_20_z,righthand_0_x,righthand_0_y,righthand_0_z,righthand_1_x,righthand_1_y,righthand_1_z,righthand_2_x,righthand_2_y,righthand_2_z,righthand_3_x,righthand_3_y,righthand_3_z,righthand_4_x,righthand_4_y,righthand_4_z,righthand_5_x,righthand_5_y,righthand_5_z,righthand_6_x,righthand_6_y,righthand_6_z,righthand_7_x,righthand_7_y,righthand_7_z,righthand_8_x,righthand_8_y,righthand_8_z,righthand_9_x,righthand_9_y,righthand_9_z,righthand_10_x,righthand_10_y,righthand_10_z,righthand_11_x,righthand_11_y,righthand_11_z,righthand_12_x,righthand_12_y,righthand_12_z,righthand_13_x,righthand_13_y,righthand_13_z,righthand_14_x,righthand_14_y,righthand_14_z,righthand_15_x,righthand_15_y,righthand_15_z,righthand_16_x,righthand_16_y,righthand_16_z,righthand_17_x,righthand_17_y,righthand_17_z,righthand_18_x,righthand_18_y,righthand_18_z,righthand_19_x,righthand_19_y,righthand_19_z,righthand_20_x,righthand_20_y,righthand_20_z,pose_0_x,pose_0_y,pose_0_z,pose_1_x,pose_1_y,pose_1_z,pose_2_x,pose_2_y,pose_2_z,pose_3_x,pose_3_y,pose_3_z,pose_4_x,pose_4_y,pose_4_z,pose_5_x,pose_5_y,pose_5_z,pose_6_x,pose_6_y,pose_6_z,pose_7_x,pose_7_y,pose_7_z,pose_8_x,pose_8_y,pose_8_z,pose_9_x,pose_9_y,pose_9_z,pose_10_x,pose_10_y,pose_10_z,pose_11_x,pose_11_y,pose_11_z,pose_12_x,pose_12_y,pose_12_z,pose_13_x,pose_13_y,pose_13_z,pose_14_x,pose_14_y,pose_14_z,pose_15_x,pose_15_y,pose_15_z,pose_16_x,pose_16_y,pose_16_z,pose_17_x,pose_17_y,pose_17_z,pose_18_x,pose_18_y,pose_18_z,pose_19_x,pose_19_y,pose_19_z,pose_20_x,pose_20_y,pose_20_z,pose_21_x,pose_21_y,pose_21_z,pose_22_x,pose_22_y,pose_22_z,pose_23_x,pose_23_y,pose_23_z,pose_24_x,pose_24_y,pose_24_z
0.0,,,,,,,,,,,,,,,,,,,,,,,,,,,,,,,,,,,,,,,,,,,,,,,,,,,,,,,,,,,,,,,,,,,,,,,,,,,,,,,,,,,,,,,,,,,,,,,,,,,,,,,,,,,,,,,,,,,,,,,,,,,,,,,0.5650615096092224,0.27958348393440247,0.0008892682380974293,0.5769927501678467,0.23908215761184692,0.00011239441664656624,0.5865178108215332,0.2391153872013092,0.009914624504745007,0.5959234237670898,0.23932786285877228,0.0005096585373394191,0.5494826436042786,0.23914578557014465,0.005512583069503307,0.5394271612167358,0.23947803676128387,0.0008298649336211383,0.5296392440795898,0.23984642326831818,-0.0038936345372349024,0.6057884693145752,0.26689034700393677,-0.00546773849055171,0.5116878747940063,0.2672336995601654,-0.006444893311709166,0.5825103521347046,0.33185169100761414,0.004318824969232082,0.5444461107254028,0.33228427171707153,-0.005011751316487789,0.6797823905944824,0.5141710042953491,-0.0071755051612854,0.4318847060203552,0.5279027819633484,0.00704018073156476,0.7179600596427917,0.8738906979560852,0.08052614331245422,0.40483567118644714,0.8818672895431519,0.07844550907611847,0.6397826671600342,1.1093684434890747,-0.08934467285871506,0.46097931265830994,1.1039133071899414,-0.04853792488574982,0.6389710307121277,1.1986067295074463,0.002627202309668064,0.4659596383571625,1.1872822046279907,0.0007792329415678978,0.6166527271270752,1.1716232299804688,0.006133994087576866,0.4831875264644623,1.1657383441925049,-0.0027363996487110853,0.6076393127441406,1.1377344131469727,-0.004213838372379541,0.48898041248321533,1.1328705549240112,-0.0037549796979874372,0.6428444385528564,1.1905009746551514,0.04108485206961632,0.4781785011291504,1.203380823135376,0.05029255524277687
41.7,,,,,,,,,,,,,,,,,,,,,,,,,,,,,,,,,,,,,,,,,,,,,,,,,,,,,,,,,,,,,,,,,,,,,,,,,,,,,,,,,,,,,,,,,,,,,,,,,,,,,,,,,,,,,,,,,,,,,,,,,,,,,,,0.5577563047409058,0.2854898273944855,0.000838944804854691,0.5709993243217468,0.24629749357700348,0.0003697152133099735,0.5801947116851807,0.24623578786849976,0.00973251461982727,0.5892924070358276,0.246375173330307,0.0003230262955185026,0.5453652739524841,0.24627117812633514,0.0057592689990997314,0.5362995266914368,0.2463914453983307,-0.0002527727046981454,0.5274803638458252,0.2465316206216812,-0.003836866235360503,0.6024649739265442,0.27218300104141235,-0.005435422994196415,0.514995276927948,0.27095189690589905,-0.006443941965699196,0.5762302875518799,0.3341405987739563,0.003583441721275449,0.5408352017402649,0.3342810869216919,-0.005241539794951677,0.6773004531860352,0.5064207911491394,-0.011671315878629684,0.44086936116218567,0.5183240175247192,0.011414281092584133,0.715677797794342,0.8495509624481201,0.08114708960056305,0.40902554988861084,0.860924243927002,0.08682040870189667,0.6352713704109192,1.0640066862106323,-0.06690714508295059,0.45792216062545776,1.0714529752731323,-0.04350820556282997,0.6220670342445374,1.1455904245376587,0.0025885957293212414,0.4610351026058197,1.14878511428833,5.6982433306984603e-05,0.5992340445518494,1.116652011871338,0.006117271259427071,0.47838708758354187,1.1273266077041626,-0.002728754188865423,0.596907913684845,1.084646224975586,-0.003702669171616435,0.4853375256061554,1.0961416959762573,-0.0037962559144943953,0.6354572772979736,1.1722546815872192,0.032176315784454346,0.4805496633052826,1.1797205209732056,0.04643626511096954
83.41111111111111,,,,,,,,,,,,,,,,,,,,,,,,,,,,,,,,,,,,,,,,,,,,,,,,,,,,,,,,,,,,,,,,,,,,,,,,,,,,,,,,,,,,,,,,,,,,,,,,,,,,,,,,,,,,,,,,,,,,,,,,,,,,,,,0.5571805834770203,0.2744753062725067,0.0007713963859714568,0.5713428258895874,0.23888543248176575,0.00048556982073932886,0.5805593132972717,0.2392842322587967,0.009582491591572762,0.5896823406219482,0.23987728357315063,0.00012073028483428061,0.545866072177887,0.23900100588798523,0.005940831266343594,0.5366693735122681,0.2395583838224411,-0.0009658453636802733,0.527721107006073,0.24012725055217743,-0.003784828120842576,0.6030232310295105,0.2700269818305969,-0.0054069156758487225,0.5158212184906006,0.26860734820365906,-0.006505443714559078,0.575603187084198,0.32416296005249023,0.0030184094794094563,0.5397278070449829,0.3243040442466736,-0.005630523432046175,0.6756020188331604,0.5075879096984863,-0.016140272840857506,0.4439011514186859,0.519598662853241,0.015932800248265266,0.7141915559768677,0.8527249097824097,0.06671267747879028,0.4127975106239319,0.8679381608963013,0.07674217224121094,0.6326732039451599,1.08357572555542,-0.0675930604338646,0.46842825412750244,1.0982822179794312,-0.04540087655186653,0.618881344795227,1.168923020362854,0.0025049413088709116,0.4740253984928131,1.1821870803833008,-0.0003687479184009135,0.5935731530189514,1.1425772905349731,0.006160263437777758,0.4941891133785248,1.162606120109558,-0.0027278042398393154,0.5923704504966736,1.1100163459777832,-0.0034633155446499586,0.4998011291027069,1.1300694942474365,-0.0038303558249026537,0.6366289258003235,1.163546085357666,0.059773288667201996,0.48779356479644775,1.1715929508209229,0.07124155014753342
125.12222222222222,,,,,,,,,,,,,,,,,,,,,,,,,,,,,,,,,,,,,,,,,,,,,,,,,,,,,,,,,,,,,,,,,,,,,,,,,,,,,,,,,,,,,,,,,,,,,,,,,,,,,,,,,,,,,,,,,,,,,,,,,,,,,,,0.5565159916877747,0.2762007415294647,0.0007246958557516336,0.5703223347663879,0.24178224802017212,0.0006229938007891178,0.57924884557724,0.2424120157957077,0.009415185078978539,0.5880841016769409,0.2432326376438141,-1.3752266568189953e-05,0.5454100370407104,0.24140270054340363,0.006059699691832066,0.5364894270896912,0.24181002378463745,-0.0013891705311834812,0.5278056859970093,0.24222032725811005,-0.0037371048238128424,0.600835919380188,0.2730214595794678,-0.005367579869925976,0.5157297849655151,0.27002325654029846,-0.006488592363893986,0.57414710521698,0.3257424831390381,0.0025578876957297325,0.5394274592399597,0.3251248896121979,-0.005777936428785324,0.6738307476043701,0.503611147403717,-0.020938677713274956,0.4432620406150818,0.5174875259399414,0.020728280767798424,0.7171846032142639,0.8441166877746582,0.05233205854892731,0.41029980778694153,0.8536039590835571,0.08513211458921432,0.6333866119384766,1.068474531173706,-0.07221080362796783,0.4605923295021057,1.0640846490859985,-0.044970910996198654,0.618262529373169,1.1520041227340698,0.002449543448165059,0.4659501612186432,1.1416667699813843,-0.0007087114499881864,0.5926854014396667,1.1229451894760132,0.006126855034381151,0.48430830240249634,1.1191283464431763,-0.0027372590266168118,0.5919201374053955,1.0910838842391968,-0.00322203291580081,0.49036771059036255,1.0885785818099976,-0.0038549795281141996,0.6392403841018677,1.150902271270752,0.05835740268230438,0.48985397815704346,1.1607857942581177,0.07768154889345169
166.83333333333334,,,,,,,,,,,,,,,,,,,,,,,,,,,,,,,,,,,,,,,,,,,,,,,,,,,,,,,,,,,,,,,,,,,,,,,,,,,,,,,,,,,,,,,,,,,,,,,,,,,,,,,,,,,,,,,,,,,,,,,,,,,,,,,0.5596458911895752,0.2801115810871124,0.0005615580012090504,0.5745585560798645,0.24496805667877197,0.000693079549819231,0.5836493372917175,0.24617792665958405,0.00926599744707346,0.5926466584205627,0.24756808578968048,-0.00021105895575601608,0.5490937829017639,0.2429477423429489,0.00605709757655859,0.5398249626159668,0.24271908402442932,-0.0017089630709961057,0.5307910442352295,0.24246646463871002,-0.0037177393678575754,0.6044194102287292,0.2763950228691101,-0.005345070268958807,0.5175917148590088,0.2683599889278412,-0.006464371457695961,0.576191246509552,0.32951927185058594,0.0022336868569254875,0.5408297777175903,0.32667163014411926,-0.005887638311833143,0.6708098649978638,0.49908751249313354,-0.032662373036146164,0.44394776225090027,0.5152323842048645,0.03249910846352577,0.721833348274231,0.83705735206604,0.030701076611876488,0.40857887268066406,0.8529217839241028,0.09950590133666992,0.6178398728370667,1.0522797107696533,-0.1077587753534317,0.44853922724723816,1.064798355102539,-0.030173592269420624,0.5982067584991455,1.1333973407745361,0.002421619137749076,0.45026519894599915,1.1418871879577637,-0.0010355656268075109,0.5727370977401733,1.1003094911575317,0.00606562290340662,0.46827465295791626,1.1198828220367432,-0.002750418148934841,0.574614942073822,1.0702712535858154,-0.00290188891813159,0.4762517511844635,1.0882568359375,-0.003953302279114723,0.6389199495315552,1.1409391164779663,0.05498350039124489,0.49193498492240906,1.1521530151367188,0.08162213861942291
208.53333333333336,,,,,,,,,,,,,,,,,,,,,,,,,,,,,,,,,,,,,,,,,,,,,,,,,,,,,,,,,,,,,,,,,,,,,,,,,,,,,,,,,,,,,,,,,,,,,,,,,,,,,,,,,,,,,,,,,,,,,,,,,,,,,,,0.5594532489776611,0.27436038851737976,7.65800941735506e-05,0.5741187334060669,0.2386934608221054,0.0007709970814175904,0.5834124684333801,0.23943378031253815,0.009240242652595043,0.5925996899604797,0.24036088585853577,-0.00022313548834063113,0.5481021404266357,0.23775970935821533,0.006001615896821022,0.538798451423645,0.23796215653419495,-0.0024118651635944843,0.5297309756278992,0.23813048005104065,-0.0036732438020408154,0.607077956199646,0.26823690533638,-0.005320176016539335,0.5176485776901245,0.2642885744571686,-0.006428815424442291,0.5780494213104248,0.3234942555427551,0.0016523674130439758,0.5420361757278442,0.32233914732933044,-0.0059669711627066135,0.6764354109764099,0.496576189994812,-0.04054427891969681,0.4468727111816406,0.5065945386886597,0.04029340669512749,0.7280552387237549,0.8498712778091431,0.0009254954056814313,0.3922438323497772,0.8517054319381714,0.08631303161382675,0.5777444243431091,0.9836833477020264,-0.1661280393600464,0.47575223445892334,1.0204812288284302,-0.03857790678739548,0.5541747808456421,1.0556360483169556,0.002134572947397828,0.4827921688556671,1.1045653820037842,-0.001756817800924182,0.5258768796920776,1.0092300176620483,0.006036307197064161,0.5144820213317871,1.074179768562317,-0.0027064187452197075,0.5628952383995056,0.9874343276023865,-0.0026262456085532904,0.5172946453094482,1.0441285371780396,-0.0040838527493178844,0.6362852454185486,1.134604573249817,0.03588324040174484,0.48045614361763,1.1395456790924072,0.0881260335445404
250.24444444444444,,,,,,,,,,,,,,,,,,,,,,,,,,,,,,,,,,,,,,,,,,,,,,,,,,,,,,,,,,,,,,,,,,,,,,,,,,,,,,,,,,,,,,,,,,,,,,,,,,,,,,,,,,,,,,,,,,,,,,,,,,,,,,,0.5613987445831299,0.2721198499202728,-0.000335579999955371,0.5757609605789185,0.23452892899513245,0.0008177341078408062,0.5854477882385254,0.23542749881744385,0.00825872179120779,0.5950291156768799,0.23652292788028717,8.229505328927189e-05,0.5480027198791504,0.23220214247703552,0.00602024095132947,0.5381546020507812,0.23174597322940826,-0.002509595127776265,0.5285358428955078,0.2312687188386917,-0.0036778177600353956,0.6087145209312439,0.2612955570220947,-0.005318404175341129,0.5138574838638306,0.25444284081459045,-0.00620013102889061,0.5797667503356934,0.3216564953327179,0.0014728483511134982,0.5419654846191406,0.3192640542984009,-0.0058680083602666855,0.6761879324913025,0.4987955093383789,-0.014335732907056808,0.4421771764755249,0.49545371532440186,0.01406700536608696,0.7289266586303711,0.860994815826416,0.028830405324697495,0.37319159507751465,0.852545440196991,0.03610051050782204,0.586513340473175,0.8443674445152283,-0.2785331606864929,0.4759925603866577,0.9738696217536926,-0.23292914032936096,0.5473280549049377,0.8856834769248962,0.0019349235808476806,0.4867154061794281,1.0577130317687988,-0.00226144609041512,0.5267298817634583,0.8215271830558777,0.006038605235517025,0.5230345129966736,1.0188400745391846,-0.002564577152952552,0.5418977737426758,0.8170008659362793,-0.0024454498197883368,0.5214617848396301,0.9940314292907715,-0.004235041793435812,0.6369266510009766,1.1257007122039795,0.014910985715687275,0.4722282588481903,1.1262874603271484,0.0411900095641613
291.9555555555556,,,,,,,,,,,,,,,,,,,,,,,,,,,,,,,,,,,,,,,,,,,,,,,,,,,,,,,,,,,,,,,,,,,,,,,,,,,,,,,,,,,,,,,,,,,,,,,,,,,,,,,,,,,,,,,,,,,,,,,,,,,,,,,0.5537460446357727,0.26644158363342285,-0.0005345396348275244,0.5699036121368408,0.22925053536891937,0.0008309840341098607,0.5795811414718628,0.2299223393201828,0.00720279011875391,0.5891671776771545,0.2307949960231781,0.0005339609924703836,0.5416353940963745,0.22785094380378723,0.006037348881363869,0.5322297215461731,0.22788818180561066,-0.0027307651471346617,0.5230685472488403,0.22792944312095642,-0.003628923324868083,0.6062366962432861,0.255499005317688,-0.005202213767915964,0.5114296674728394,0.251331090927124,-0.005605641752481461,0.5732260942459106,0.3179885149002075,0.0009211215656250715,0.5366004705429077,0.31655648350715637,-0.005613705143332481,0.6777936220169067,0.5065229535102844,-0.02093222737312317,0.43913534283638,0.5066167116165161,0.020545443519949913,0.744104266166687,0.8701715469360352,-0.05501043424010277,0.36149540543556213,0.8523687124252319,0.06094673275947571,0.609169065952301,0.7158192992210388,-0.4233872890472412,0.4439693093299866,0.8584260940551758,-0.35208338499069214,0.5695090293884277,0.716678261756897,0.0016299106646329165,0.46146178245544434,0.9144970178604126,-0.002480223076418042,0.5540178418159485,0.656291663646698,0.0060323080979287624,0.48923659324645996,0.8595776557922363,-0.002117428695783019,0.5633151531219482,0.669360876083374,-0.0024018639232963324,0.4849702715873718,0.8490839004516602,-0.004235024563968182,0.6401391625404358,1.1345518827438354,-0.021632151678204536,0.4659022390842438,1.1334348917007446,0.03632428124547005
333.6666666666667,,,,,,,,,,,,,,,,,,,,,,,,,,,,,,,,,,,,,,,,,,,,,,,,,,,,,,,,,,,,,,,,0.6275081038475037,0.601936399936676,-3.3992600947385654e-05,0.608822226524353,0.5566619634628296,0.004666813183575869,0.5812979340553284,0.5362894535064697,0.01052772719413042,0.5628578662872314,0.5302579402923584,0.015118221752345562,0.5506207942962646,0.5244995951652527,0.01947016641497612,0.5565409064292908,0.547779381275177,0.012158146128058434,0.5319806933403015,0.5302945375442505,0.01683027110993862,0.5229828953742981,0.5149589776992798,0.018352119252085686,0.5183051228523254,0.5017426013946533,0.019170545041561127,0.5584881901741028,0.565290629863739,0.011905606836080551,0.5335489511489868,0.545673131942749,0.022116461768746376,0.527847945690155,0.5283331871032715,0.027077091857790947,0.5258867144584656,0.5155273079872131,0.031600501388311386,0.5643647909164429,0.5813880562782288,0.011354297399520874,0.5443340539932251,0.5624397397041321,0.023140378296375275,0.5456103682518005,0.5509917736053467,0.028419777750968933,0.5494866967201233,0.5430511236190796,0.03111858293414116,0.5725605487823486,0.5966512560844421,0.01022922620177269,0.5583809018135071,0.5833246111869812,0.01996525563299656,0.5596542358398438,0.5737598538398743,0.02452182210981846,0.5637150406837463,0.5679476261138916,0.027819596230983734,0.5598154067993164,0.27082061767578125,-0.0008024617563933134,0.5752679109573364,0.23344796895980835,0.0008020901004783809,0.5849196314811707,0.23405961692333221,0.006392833776772022,0.5944802761077881,0.23486576974391937,0.0005957320099696517,0.5467301607131958,0.23225171864032745,0.006056638900190592,0.5371060967445374,0.2322758436203003,-0.002727948594838381,0.5277417302131653,0.2322973757982254,-0.003628474660217762,0.6094825863838196,0.2585771977901459,-0.004956734832376242,0.5137916207313538,0.25424638390541077,-0.004654407501220703,0.5780051350593567,0.3224916458129883,0.00037602565134875476,0.5414495468139648,0.32123318314552307,-0.004691155627369881,0.6735886335372925,0.5027611255645752,-0.019905809313058853,0.4401349425315857,0.5052015781402588,0.019526638090610504,0.7430004477500916,0.8562447428703308,-0.07280904799699783,0.36017170548439026,0.8535961508750916,0.05509834736585617,0.6142367720603943,0.6171172857284546,-0.4643303453922272,0.4233405292034149,0.7849834561347961,-0.39298155903816223,0.5787457227706909,0.5785295367240906,0.001597729162313044,0.4443168640136719,0.8018970489501953,-0.0025935976300388575,0.5675622224807739,0.5249487161636353,0.005759419407695532,0.456302285194397,0.7339494228363037,-0.0013832104159519076,0.5734608173370361,0.5484254956245422,-0.0024205418303608894,0.4549085199832916,0.7344740629196167,-0.004165022633969784,0.6388552188873291,1.1200953722000122,-0.07939888536930084,0.46686074137687683,1.1190706491470337,-0.03251216560602188
375.3666666666667,,,,,,,,,,,,,,,,,,,,,,,,,,,,,,,,,,,,,,,,,,,,,,,,,,,,,,,,,,,,,,,,,,,,,,,,,,,,,,,,,,,,,,,,,,,,,,,,,,,,,,,,,,,,,,,,,,,,,,,,,,,,,,,0.5554754137992859,0.27314507961273193,-0.0013365851482376456,0.5737940073013306,0.23620668053627014,0.0005821798695251346,0.583584189414978,0.23720373213291168,0.005789862480014563,0.5932938456535339,0.23836517333984375,0.0006282443646341562,0.544930100440979,0.23384885489940643,0.006071746814996004,0.5355958342552185,0.23327785730361938,-0.0026051425375044346,0.5265209674835205,0.2327267825603485,-0.0036981734447181225,0.6104493737220764,0.26177600026130676,-0.004672859329730272,0.5144675970077515,0.25245970487594604,-0.003737554419785738,0.5737382769584656,0.3255935609340668,-0.00019796261040028185,0.5378581881523132,0.3223637044429779,-0.0036864483263343573,0.67103111743927,0.4939892292022705,-0.02675289660692215,0.43748804926872253,0.500949501991272,0.026481306180357933,0.7495714426040649,0.8300710916519165,-0.1519002616405487,0.35429811477661133,0.8540505170822144,0.04660976305603981,0.6111321449279785,0.5490725040435791,-0.4981740713119507,0.40299272537231445,0.7349146604537964,-0.4456939101219177,0.5788896679878235,0.48755764961242676,0.0015959633747115731,0.4110921621322632,0.7199176549911499,-0.0026826481334865093,0.5678682327270508,0.446735680103302,0.005343179684132338,0.41907310485839844,0.6630591154098511,-0.0005642371252179146,0.5729585289955139,0.47771894931793213,-0.0024179243482649326,0.42410823702812195,0.6744495630264282,-0.004023645538836718,0.6386601328849792,1.1031384468078613,-0.14349141716957092,0.46329906582832336,1.1076233386993408,-0.0926976203918457
417.07777777777784,0.6335235834121704,0.5051192045211792,-1.0767246294562938e-06,0.6243629455566406,0.46605679392814636,0.0116267753764987,0.6054260730743408,0.4359750747680664,0.019884632900357246,0.5876041054725647,0.4262331426143646,0.028728166595101357,0.5746330618858337,0.4297045171260834,0.03784702345728874,0.586151123046875,0.4137705862522125,-0.0016563483513891697,0.5572187900543213,0.39159277081489563,0.005508186295628548,0.5397152304649353,0.38678887486457825,0.012909023091197014,0.527814507484436,0.3854811191558838,0.01706691086292267,0.5819572806358337,0.4283088743686676,0.0008738994947634637,0.5522259473800659,0.4174789488315582,0.015945587307214737,0.5398205518722534,0.4130857288837433,0.02762896940112114,0.5324705243110657,0.4091343283653259,0.0325540229678154,0.5803326964378357,0.4509904980659485,0.00549989053979516,0.5619545578956604,0.4455922544002533,0.023288285359740257,0.5631508827209473,0.44882088899612427,0.028785092756152153,0.5669649243354797,0.45199882984161377,0.02679440751671791,0.5799177289009094,0.47349920868873596,0.010293502360582352,0.5693253874778748,0.4684784412384033,0.02819335088133812,0.5719537734985352,0.46711471676826477,0.031863994896411896,0.5759027600288391,0.4671080410480499,0.029384944587945938,0.3615301847457886,0.6743489503860474,1.6066454918473028e-05,0.38413774967193604,0.6420162320137024,-0.02036943845450878,0.40260186791419983,0.6135606169700623,-0.04442012310028076,0.41515177488327026,0.599058985710144,-0.061445433646440506,0.42217108607292175,0.5920259356498718,-0.08037853240966797,0.38681113719940186,0.6062378883361816,-0.08799612522125244,0.39804965257644653,0.5934805274009705,-0.12206235527992249,0.4083446264266968,0.597087562084198,-0.14040441811084747,0.41585007309913635,0.6033725738525391,-0.1530601978302002,0.37480413913726807,0.6197701096534729,-0.08954451233148575,0.385882169008255,0.6094171404838562,-0.1245853453874588,0.3977731466293335,0.6154395937919617,-0.14112818241119385,0.40355467796325684,0.6275025606155396,-0.15482956171035767,0.3628944158554077,0.6382149457931519,-0.08731673657894135,0.3708582818508148,0.627223014831543,-0.11448691040277481,0.38107261061668396,0.6274623870849609,-0.12603208422660828,0.38664472103118896,0.6339558362960815,-0.134134441614151,0.35228943824768066,0.6565510034561157,-0.08596321195363998,0.35455143451690674,0.6470441818237305,-0.1087149828672409,0.3617357909679413,0.6434953212738037,-0.12133508920669556,0.36661776900291443,0.6447917222976685,-0.13047440350055695,0.5547878742218018,0.27759361267089844,-0.001624896889552474,0.5718251466751099,0.24001742899417877,0.0005115431267768145,0.581325113773346,0.24091386795043945,0.005359713453799486,0.5907532572746277,0.24196366965770721,0.0006125135696493089,0.5441747307777405,0.2377104014158249,0.006073424592614174,0.5350832939147949,0.23706968128681183,-0.0023606466129422188,0.5262437462806702,0.23646347224712372,-0.0037879690062254667,0.6068906784057617,0.2632106840610504,-0.004515812266618013,0.5146072506904602,0.2549154460430145,-0.0028886105865240097,0.5726658701896667,0.32830607891082764,-0.00047581351827830076,0.5378977060317993,0.3251471519470215,-0.002978656208142638,0.6673687696456909,0.48823028802871704,-0.028684381395578384,0.44011256098747253,0.4958150386810303,0.02842143177986145,0.7485495805740356,0.8082464337348938,-0.16403649747371674,0.3557940721511841,0.8388395309448242,0.06266471743583679,0.6145412921905518,0.5157092809677124,-0.4991978406906128,0.37186935544013977,0.7061767578125,-0.41343599557876587,0.5783473253250122,0.4551360607147217,0.0015937309945002198,0.377622127532959,0.690036952495575,-0.0027086667250841856,0.5691725611686707,0.4104846119880676,0.00504316296428442,0.38252243399620056,0.629767656326294,-2.6749710741569288e-05,0.5746952891349792,0.4419368803501129,-0.0024043957237154245,0.38970306515693665,0.6415931582450867,-0.003993390593677759,0.6319825053215027,1.0910364389419556,-0.13488352298736572,0.46555519104003906,1.0952036380767822,-0.0910043939948082
458.7888888888889,,,,,,,,,,,,,,,,,,,,,,,,,,,,,,,,,,,,,,,,,,,,,,,,,,,,,,,,,,,,,,,,0.628682553768158,0.5005684494972229,-3.8184829463716596e-05,0.6237244606018066,0.44911640882492065,0.018782811239361763,0.6063560843467712,0.42109623551368713,0.028094401583075523,0.5894222259521484,0.41218626499176025,0.03768739104270935,0.5773512125015259,0.4162639081478119,0.04513094201683998,0.5833518505096436,0.4139891266822815,0.003582094330340624,0.5564931631088257,0.3869546949863434,0.017752353101968765,0.5435426831245422,0.378330260515213,0.030813710764050484,0.5341798067092896,0.37490010261535645,0.03994940221309662,0.5720831751823425,0.4368675649166107,0.004360283259302378,0.5441464185714722,0.4139746129512787,0.022393062710762024,0.5315460562705994,0.4001605808734894,0.03808402270078659,0.5240442156791687,0.39216041564941406,0.048367954790592194,0.5675077438354492,0.4602057933807373,0.008598214946687222,0.5547734498977661,0.43949660658836365,0.03549157828092575,0.563032329082489,0.431757390499115,0.04684993624687195,0.5701820254325867,0.4323939085006714,0.049257759004831314,0.5671444535255432,0.47996053099632263,0.013031448237597942,0.5582219362258911,0.46118029952049255,0.03652959316968918,0.5632020831108093,0.4508485198020935,0.044969458132982254,0.5676369071006775,0.44680455327033997,0.04769548028707504,0.5557816028594971,0.2786341607570648,-0.001711375778540969,0.5735934376716614,0.2410743236541748,0.0003936171706300229,0.5832710266113281,0.24195115268230438,0.00514438608661294,0.5928738713264465,0.24297906458377838,0.0006167650572024286,0.5459224581718445,0.23883245885372162,0.0060681444592773914,0.5366974472999573,0.23816029727458954,-0.0018492515664547682,0.5277240872383118,0.2374815195798874,-0.003946654498577118,0.6087496876716614,0.2654217481613159,-0.004384721629321575,0.5162195563316345,0.25590819120407104,-0.0022801265586167574,0.5736871957778931,0.3294375538825989,-0.0006127608357928693,0.5382715463638306,0.32618090510368347,-0.002526992466300726,0.6689196228981018,0.48881015181541443,-0.03742501884698868,0.4440518319606781,0.5002313256263733,0.03753560036420822,0.7479157447814941,0.7989484071731567,-0.18572169542312622,0.3729472756385803,0.8386387228965759,0.10311342775821686,0.617169976234436,0.5116242170333862,-0.49285390973091125,0.3545743525028229,0.6996726393699646,-0.32491356134414673,0.581828773021698,0.4537944495677948,0.0016241410048678517,0.3447205722332001,0.6783668398857117,-0.002725243102759123,0.5726935863494873,0.4071253538131714,0.004656696692109108,0.34602102637290955,0.618852436542511,0.0002596276463009417,0.5780437588691711,0.436418354511261,-0.0023994622752070427,0.35907337069511414,0.6311193704605103,-0.0038932806346565485,0.6336416602134705,1.0882904529571533,-0.1076861247420311,0.46849319338798523,1.0935169458389282,-0.054054372012615204
500.50000000000006,0.3334856927394867,0.7185988426208496,-4.0621260268380865e-05,0.31412261724472046,0.6958498954772949,-0.0313810370862484,0.3062356412410736,0.6702104806900024,-0.05848776176571846,0.304609090089798,0.6574434638023376,-0.0788913443684578,0.3078616261482239,0.6573694944381714,-0.09871754795312881,0.3248116970062256,0.6300844550132751,-0.080436572432518,0.3261757791042328,0.6359751224517822,-0.11084364354610443,0.3225960433483124,0.6581464409828186,-0.11954835057258606,0.3198632299900055,0.6731585264205933,-0.12164454162120819,0.33733558654785156,0.6339335441589355,-0.07393765449523926,0.33923283219337463,0.6457455158233643,-0.10531419515609741,0.33449697494506836,0.6696736216545105,-0.11084899306297302,0.3332243263721466,0.684225857257843,-0.11374158412218094,0.3477776050567627,0.6455181241035461,-0.06711798906326294,0.35233360528945923,0.6496848464012146,-0.09237708896398544,0.3476964235305786,0.6658262014389038,-0.0935995951294899,0.3444656431674957,0.6743378639221191,-0.09116098284721375,0.3562849760055542,0.6621208786964417,-0.062169160693883896,0.36287909746170044,0.6497145891189575,-0.08323535323143005,0.36545249819755554,0.6478174328804016,-0.09217255562543869,0.3678966760635376,0.6455023884773254,-0.09688302874565125,0.6173065900802612,0.5068076848983765,-2.3558488464914262e-05,0.6120604276657104,0.45226895809173584,0.008585683070123196,0.5935503840446472,0.4203636050224304,0.015951866284012794,0.5736488103866577,0.4044841229915619,0.02656824141740799,0.5581873655319214,0.40399840474128723,0.037956174463033676,0.5719871520996094,0.4307664632797241,-0.009262456558644772,0.5425377488136292,0.40110668540000916,0.00641666492447257,0.5361731052398682,0.3905901610851288,0.023618247359991074,0.5354525446891785,0.3878440260887146,0.03527509421110153,0.5629628300666809,0.45544278621673584,-0.00354553759098053,0.5359464883804321,0.42630472779273987,0.018385527655482292,0.5341902375221252,0.41287553310394287,0.037425003945827484,0.5361207127571106,0.4071400761604309,0.04834609851241112,0.558622419834137,0.4758824110031128,0.004666117485612631,0.5368752479553223,0.4473707973957062,0.026088550686836243,0.5360360741615295,0.4333735406398773,0.039897412061691284,0.5388469696044922,0.42726558446884155,0.04673672094941139,0.5574545860290527,0.4916098117828369,0.0136861652135849,0.5406474471092224,0.4666382968425751,0.03075341507792473,0.5396469831466675,0.4540010988712311,0.04217660427093506,0.5416669845581055,0.4486008882522583,0.05092453956604004,0.5523412823677063,0.2827235162258148,-0.0017453761538490653,0.5711703896522522,0.24458269774913788,0.0003053112013731152,0.5808374285697937,0.24554964900016785,0.005047337617725134,0.5904412269592285,0.24663805961608887,0.0006303273257799447,0.5439098477363586,0.24179357290267944,0.005875733681023121,0.5348625183105469,0.24077126383781433,-0.0014723314670845866,0.5260692834854126,0.23978976905345917,-0.0039818077348172665,0.6071475148200989,0.2668870687484741,-0.004307695664465427,0.5161197185516357,0.2561909556388855,-0.0020085517317056656,0.5706726312637329,0.3321220576763153,-0.0006291811005212367,0.5357233881950378,0.3280145823955536,-0.002325280336663127,0.6686940789222717,0.48614728450775146,-0.06281507760286331,0.446055144071579,0.5001123547554016,0.06292460113763809,0.7467679977416992,0.8006494641304016,-0.1963985711336136,0.38280969858169556,0.8293308615684509,0.17981648445129395,0.6128949522972107,0.5165759325027466,-0.49984705448150635,0.35179364681243896,0.7285783886909485,-0.2997010052204132,0.5779851078987122,0.4594539403915405,0.00161679123993963,0.33549684286117554,0.7231372594833374,-0.0027858426328748465,0.5690525770187378,0.4122442603111267,0.004354157019406557,0.33635252714157104,0.6655382513999939,0.0004344492917880416,0.5745002627372742,0.44031086564064026,-0.0023652042727917433,0.35127925872802734,0.671099841594696,-0.0037567245308309793,0.6324554085731506,1.0791130065917969,-0.08853769302368164,0.4687473475933075,1.0806273221969604,-0.01762254349887371
542.2,0.3082753121852875,0.7168979644775391,-1.2120698556827847e-05,0.32786381244659424,0.721321165561676,-0.0091778002679348,0.34417280554771423,0.7154365181922913,-0.02299579605460167,0.35558778047561646,0.7093588709831238,-0.03416013345122337,0.3584536910057068,0.7028941512107849,-0.04157247021794319,0.3347950577735901,0.665320098400116,-0.03682687133550644,0.3462071716785431,0.6748170256614685,-0.048312269151210785,0.3463309705257416,0.6942828297615051,-0.04776458442211151,0.3435375988483429,0.7065507173538208,-0.044749002903699875,0.3236784338951111,0.662449836730957,-0.03864864632487297,0.33528900146484375,0.6768059134483337,-0.05205479636788368,0.33556798100471497,0.6967998743057251,-0.04791104048490524,0.3320862352848053,0.7082796096801758,-0.0454130694270134,0.31352415680885315,0.6689925789833069,-0.03971792012453079,0.32509922981262207,0.684528112411499,-0.050651103258132935,0.32576343417167664,0.702346920967102,-0.047627732157707214,0.32279083132743835,0.7106109857559204,-0.04571029543876648,0.3048115670681,0.6810917258262634,-0.04171593114733696,0.3130841553211212,0.6933225989341736,-0.049445319920778275,0.3152654469013214,0.7065317630767822,-0.05077412724494934,0.3136078417301178,0.7131707072257996,-0.05247477814555168,0.6078810691833496,0.5231817364692688,-1.1960747542616446e-05,0.5940020084381104,0.47554177045822144,0.02398131787776947,0.5740906596183777,0.4470933675765991,0.032792169600725174,0.5557472705841064,0.43365463614463806,0.03829856961965561,0.542851448059082,0.4297260046005249,0.04049646109342575,0.5609315037727356,0.44480031728744507,0.01966985873878002,0.5321376323699951,0.437854528427124,0.0315893292427063,0.5181673169136047,0.43125495314598083,0.04043492674827576,0.5092828869819641,0.4248702824115753,0.04546073079109192,0.5571164488792419,0.4628801941871643,0.01240051630884409,0.5290325284004211,0.45223528146743774,0.03047695942223072,0.5209751725196838,0.44206392765045166,0.044419948011636734,0.519226610660553,0.4367145001888275,0.05369092896580696,0.5547691583633423,0.4828287661075592,0.007691566366702318,0.5327962636947632,0.46894124150276184,0.02431555464863777,0.5274156928062439,0.4564201533794403,0.03698569908738136,0.528278648853302,0.4509705901145935,0.044709984213113785,0.554244339466095,0.500971794128418,0.0035166507586836815,0.5375825762748718,0.4871956408023834,0.016857005655765533,0.5325749516487122,0.47658205032348633,0.0281673613935709,0.5314808487892151,0.46954911947250366,0.03688493371009827,0.5538914799690247,0.2853345572948456,-0.0018421246204525232,0.572613537311554,0.24728822708129883,0.0002500233822502196,0.5823602676391602,0.2484218031167984,0.005024282727390528,0.5920482277870178,0.24967971444129944,0.000676305906381458,0.5451813340187073,0.24393564462661743,0.005681545007973909,0.5360490083694458,0.24268947541713715,-0.0013361164601519704,0.5271621942520142,0.24149870872497559,-0.003969917073845863,0.6090487241744995,0.2697122097015381,-0.004307117313146591,0.5170066356658936,0.25726842880249023,-0.002006795024499297,0.5723394155502319,0.33446773886680603,-0.00062877859454602,0.5369783043861389,0.3296426832675934,-0.0023249692749232054,0.6688894629478455,0.4880255162715912,-0.0583009198307991,0.4487389326095581,0.49902433156967163,0.058354396373033524,0.7440516948699951,0.8069275617599487,-0.18182380497455597,0.3742756247520447,0.8115535974502563,0.16183723509311676,0.6110545992851257,0.5342402458190918,-0.47537925839424133,0.34401369094848633,0.758051335811615,-0.25628912448883057,0.574016809463501,0.48390695452690125,0.0015532782999798656,0.3255934715270996,0.7761868238449097,-0.002807547338306904,0.5615389943122864,0.4355487823486328,0.004235795233398676,0.33749088644981384,0.7250746488571167,0.0004701711004599929,0.5685989856719971,0.4627050459384918,-0.0023337954189628363,0.35204315185546875,0.7244249582290649,-0.00374328694306314,0.6321904063224792,1.0740582942962646,-0.0776013657450676,0.46858009696006775,1.0737664699554443,-0.008151671849191189
583.9111111111112,,,,,,,,,,,,,,,,,,,,,,,,,,,,,,,,,,,,,,,,,,,,,,,,,,,,,,,,,,,,,,,,0.6030918955802917,0.5430233478546143,2.354790467506973e-06,0.5769709944725037,0.5389131903648376,0.010685409419238567,0.5543965697288513,0.5236645340919495,0.01952630653977394,0.5426613092422485,0.5153363943099976,0.028569426387548447,0.5420677065849304,0.5134426355361938,0.03594139218330383,0.5461684465408325,0.48199477791786194,0.017270557582378387,0.5188296437263489,0.4753660559654236,0.02869649976491928,0.5030668377876282,0.4771347939968109,0.03152982518076897,0.49182838201522827,0.47712865471839905,0.03218423202633858,0.5513836145401001,0.4815120995044708,0.02010170929133892,0.5275428295135498,0.49073708057403564,0.04194801300764084,0.5223121047019958,0.5075107216835022,0.04966725409030914,0.5205637812614441,0.514802873134613,0.05016821250319481,0.5573340654373169,0.4901295602321625,0.023293696343898773,0.5365917086601257,0.5012248158454895,0.04119076952338219,0.5354909300804138,0.5166428685188293,0.04248221218585968,0.539813756942749,0.5258314609527588,0.03855570778250694,0.5619974732398987,0.501081109046936,0.027539167553186417,0.5453893542289734,0.5076417922973633,0.038989074528217316,0.5421310663223267,0.5185428261756897,0.04190744832158089,0.5432595610618591,0.5264809131622314,0.043086692690849304,0.5536782145500183,0.2898450195789337,-0.0019262173445895314,0.5722401142120361,0.25285348296165466,0.0002541807771194726,0.5818390846252441,0.25445106625556946,0.005023639183491468,0.5913951992988586,0.2561546862125397,0.0006880183354951441,0.54538494348526,0.24796508252620697,0.005088250618427992,0.5363320708274841,0.24608832597732544,-0.0013024398358538747,0.527486264705658,0.2442927360534668,-0.003973733633756638,0.6075860857963562,0.2760935425758362,-0.004297271836549044,0.5172134041786194,0.2586842477321625,-0.0020121445413678885,0.5713260173797607,0.33784568309783936,-0.0006351977353915572,0.5364568829536438,0.3312046527862549,-0.002331178169697523,0.6649608612060547,0.4876755177974701,-0.06700369715690613,0.45367246866226196,0.49578040838241577,0.06712416559457779,0.740501344203949,0.8036031126976013,-0.17513407766819,0.40229466557502747,0.7889567017555237,0.26030853390693665,0.5982319116592407,0.5592241287231445,-0.46205320954322815,0.34668585658073425,0.7689958810806274,-0.10343915969133377,0.5560891628265381,0.5203091502189636,0.001530734822154045,0.3116370737552643,0.7908393740653992,-0.002819170244038105,0.5479093194007874,0.4680366814136505,0.004163913428783417,0.31410330533981323,0.7707487344741821,0.0004536845372058451,0.5560522675514221,0.4919162690639496,-0.002247150056064129,0.3338340222835541,0.7704008221626282,-0.0037078396417200565,0.6297705769538879,1.0581729412078857,-0.08056902140378952,0.47318434715270996,1.0615110397338867,-0.018535004928708076
625.6222222222223,0.3527463376522064,0.7992635369300842,-8.06012685643509e-05,0.34291234612464905,0.750720202922821,-0.0486181415617466,0.3303992450237274,0.734428882598877,-0.08302614092826843,0.32114073634147644,0.759026050567627,-0.1083846315741539,0.31845030188560486,0.7999537587165833,-0.13069985806941986,0.3059605062007904,0.7506611347198486,-0.08679058402776718,0.29427745938301086,0.7730850577354431,-0.13194160163402557,0.29981639981269836,0.7882460355758667,-0.15136997401714325,0.30504903197288513,0.7960002422332764,-0.1560758501291275,0.3104904890060425,0.7798854112625122,-0.07659021764993668,0.2971098721027374,0.8056263327598572,-0.12444761395454407,0.3010519742965698,0.8204184770584106,-0.14417016506195068,0.30425405502319336,0.8263900279998779,-0.15244728326797485,0.31857725977897644,0.8056369423866272,-0.06741182506084442,0.3128178119659424,0.8233057260513306,-0.11141980439424515,0.31752240657806396,0.8250337839126587,-0.11514448374509811,0.32017782330513,0.8205931782722473,-0.11043473333120346,0.32987239956855774,0.8257836103439331,-0.06101783737540245,0.32517868280410767,0.8342485427856445,-0.08903362601995468,0.32669389247894287,0.8318207263946533,-0.09395241737365723,0.32716310024261475,0.8244389891624451,-0.09343767166137695,0.5982797145843506,0.5568413138389587,6.196687536430545e-06,0.5818544030189514,0.5190703868865967,0.011040130630135536,0.5574570298194885,0.5011689066886902,0.023221682757139206,0.5412891507148743,0.5059204697608948,0.03553082048892975,0.5351114273071289,0.5139505863189697,0.04466034471988678,0.5409033298492432,0.4938240945339203,0.018993407487869263,0.5145667195320129,0.49028468132019043,0.028354782611131668,0.500286340713501,0.48661336302757263,0.031837690621614456,0.48917827010154724,0.4826323986053467,0.0329488143324852,0.5401458740234375,0.5133399963378906,0.01983989216387272,0.5182362198829651,0.5126422047615051,0.03881067410111427,0.5160866975784302,0.5071491599082947,0.047337230294942856,0.5170096158981323,0.5015251636505127,0.05049411579966545,0.5424153804779053,0.5351740717887878,0.02063179202377796,0.5287706851959229,0.534284234046936,0.03904051333665848,0.5346770882606506,0.5285269021987915,0.04189203307032585,0.5430842638015747,0.524783730506897,0.03967719525098801,0.5458665490150452,0.5559350252151489,0.021809492260217667,0.5364469885826111,0.5502985715866089,0.036130160093307495,0.5408493876457214,0.5451344847679138,0.0398232638835907,0.546920895576477,0.5409441590309143,0.04105108976364136,0.5536515712738037,0.2936299443244934,-0.0019472423009574413,0.5723793506622314,0.2567073702812195,0.0002459451789036393,0.58198082447052,0.2585800290107727,0.005014781374484301,0.5915407538414001,0.2605576813220978,0.0007208341849036515,0.5456733703613281,0.25098758935928345,0.004741523414850235,0.5367231965065002,0.24881012737751007,-0.0012466887710615993,0.5279911756515503,0.24669809639453888,-0.0039568105712533,0.6072553992271423,0.2806570827960968,-0.004284590948373079,0.5174921154975891,0.2609102427959442,-0.0020259565208107233,0.5708892345428467,0.342241108417511,-0.0006172825233079493,0.5360614061355591,0.33438968658447266,-0.002334331627935171,0.6637144088745117,0.48816344141960144,-0.059454698115587234,0.4544924795627594,0.49507004022598267,0.05951150506734848,0.7389713525772095,0.8044830560684204,-0.17315362393856049,0.40488821268081665,0.7959860563278198,0.21030530333518982,0.5978423357009888,0.5687414407730103,-0.4237745404243469,0.3529389798641205,0.7955834269523621,-0.1291545182466507,0.5562393069267273,0.5361276865005493,0.0015210816636681557,0.3198891878128052,0.8159427046775818,-0.0028318411204963923,0.5476269125938416,0.48337873816490173,0.004144300241023302,0.3228278160095215,0.7876952290534973,0.0004101820813957602,0.5556212663650513,0.5052475929260254,-0.002182431286200881,0.34181076288223267,0.7868858575820923,-0.0036985415499657393,0.6299448609352112,1.0522178411483765,-0.07884960621595383,0.4742234945297241,1.0541601181030273,-0.021884841844439507
667.3333333333334,0.3465208113193512,0.7856108546257019,7.104718861228321e-06,0.34654200077056885,0.7516799569129944,-0.035005901008844376,0.34423890709877014,0.7350042462348938,-0.06178591400384903,0.34484297037124634,0.7488928437232971,-0.08414176851511002,0.3456028401851654,0.7747108936309814,-0.10730917006731033,0.30775171518325806,0.7351532578468323,-0.06512319296598434,0.2986527383327484,0.7497678995132446,-0.090664803981781,0.30697691440582275,0.7594338059425354,-0.10217168182134628,0.3152708113193512,0.7706848978996277,-0.10885551571846008,0.3038325309753418,0.7648133635520935,-0.05860380828380585,0.29594650864601135,0.783126175403595,-0.08793975412845612,0.3044162392616272,0.7873793840408325,-0.09966982156038284,0.3125024437904358,0.7908861637115479,-0.10621210187673569,0.3076338768005371,0.7945956587791443,-0.05375514551997185,0.30823981761932373,0.8114228844642639,-0.0839783102273941,0.3208160400390625,0.8042722940444946,-0.09315451979637146,0.3298797905445099,0.7977113127708435,-0.09565067291259766,0.31624579429626465,0.8203922510147095,-0.05027174949645996,0.31861603260040283,0.8279178142547607,-0.07739275693893433,0.32815465331077576,0.8201485872268677,-0.08787155896425247,0.33446386456489563,0.8126960396766663,-0.09152835607528687,0.6001740097999573,0.5429017543792725,-2.7728672648663633e-05,0.5832331776618958,0.4967421293258667,0.010097010992467403,0.5588963627815247,0.4755704700946808,0.016274435445666313,0.5368936061859131,0.46823742985725403,0.025279451161623,0.5254310369491577,0.4694015383720398,0.032592762261629105,0.5432324409484863,0.5054726004600525,-0.005156408529728651,0.5187502503395081,0.4787083566188812,0.005487664137035608,0.5135025978088379,0.4637656509876251,0.015092172659933567,0.511860191822052,0.45629358291625977,0.018887212499976158,0.5415046215057373,0.5271100401878357,-0.0029932050965726376,0.5311408042907715,0.48731014132499695,0.017221005633473396,0.5400968790054321,0.47294268012046814,0.023330017924308777,0.5490534901618958,0.47601547837257385,0.0193825401365757,0.5438839197158813,0.5421942472457886,0.0021267407573759556,0.5361794233322144,0.5047296285629272,0.022884584963321686,0.5442088842391968,0.48946988582611084,0.025521406903862953,0.5519765615463257,0.491455614566803,0.02000327780842781,0.547383725643158,0.5505752563476562,0.007695288863033056,0.5285980701446533,0.5422085523605347,0.01448756456375122,0.52189040184021,0.5372949242591858,0.01552391517907381,0.5182427763938904,0.5416712760925293,0.013404570519924164,0.5530598759651184,0.2970934212207794,-0.00195580767467618,0.5717992186546326,0.25827255845069885,0.000240163310081698,0.5814118981361389,0.2598586976528168,0.005004857666790485,0.5909857153892517,0.26152780652046204,0.0007766928756609559,0.5451201796531677,0.2530395984649658,0.004420826211571693,0.5362450480461121,0.25092190504074097,-0.0011888225562870502,0.5275909304618835,0.24885329604148865,-0.0039470321498811245,0.6071217656135559,0.27999818325042725,-0.004277016501873732,0.5177611112594604,0.26179152727127075,-0.002026766072958708,0.5704814195632935,0.34504199028015137,-0.0006033348618075252,0.5358750224113464,0.3377390205860138,-0.0023281637113541365,0.6647664308547974,0.48966681957244873,-0.055214621126651764,0.4541497528553009,0.49584490060806274,0.05526868253946304,0.7388966083526611,0.8135362863540649,-0.1562778502702713,0.4032667279243469,0.8014086484909058,0.1999172419309616,0.599082350730896,0.5593018531799316,-0.42312556505203247,0.3543649911880493,0.798805832862854,-0.15648435056209564,0.559158444404602,0.51669842004776,0.00151338882278651,0.32428598403930664,0.8134991526603699,-0.002877587918192148,0.5497620105743408,0.46602874994277954,0.0041315872222185135,0.32766756415367126,0.7789795994758606,0.0004136984352953732,0.5572518706321716,0.4907233715057373,-0.0020881423261016607,0.3460308313369751,0.7777398228645325,-0.00364518235437572,0.6285305023193359,1.0489850044250488,-0.08140748739242554,0.47136205434799194,1.047502040863037,-0.022336699068546295
709.0333333333334,0.3377799391746521,0.7674410343170166,2.627140020194929e-05,0.33088162541389465,0.7397761344909668,-0.022104809060692787,0.32560524344444275,0.7287132740020752,-0.04476827383041382,0.3280707001686096,0.7222785949707031,-0.058966752141714096,0.32918813824653625,0.7165403962135315,-0.07224584370851517,0.2970660328865051,0.7245120406150818,-0.06718520075082779,0.31669047474861145,0.7221328616142273,-0.09719077497720718,0.33765649795532227,0.7159073948860168,-0.11121374368667603,0.3518735468387604,0.7103164196014404,-0.11819525808095932,0.2991984784603119,0.7533488273620605,-0.06541022658348083,0.32154908776283264,0.7549216747283936,-0.09888248890638351,0.344602108001709,0.7428501844406128,-0.10839719325304031,0.3609403967857361,0.7336937785148621,-0.11547255516052246,0.3062574863433838,0.7798065543174744,-0.06263310462236404,0.32528066635131836,0.7816444039344788,-0.0922999158501625,0.3450061082839966,0.7635672092437744,-0.09542307257652283,0.3566793203353882,0.7508801221847534,-0.092950239777565,0.3161235451698303,0.801966667175293,-0.06038440391421318,0.32777515053749084,0.8009236454963684,-0.0786769762635231,0.3407365381717682,0.7847280502319336,-0.07895175367593765,0.34744974970817566,0.7740457057952881,-0.0799705907702446,0.6065697073936462,0.5338294506072998,-2.8492753699538298e-05,0.5942875742912292,0.48585760593414307,0.007009224966168404,0.5739515423774719,0.4618956446647644,0.009806440211832523,0.5520138740539551,0.45425522327423096,0.013754078187048435,0.5364899635314941,0.4543411135673523,0.017643548548221588,0.5562505722045898,0.4761318564414978,-0.005171685945242643,0.5319139361381531,0.44689542055130005,0.0005678539746440947,0.5266414284706116,0.4317637085914612,0.008263928815722466,0.5260995030403137,0.42416396737098694,0.01272711530327797,0.5509651899337769,0.49796393513679504,-0.0017385935643687844,0.5309852957725525,0.4633791148662567,0.011738849803805351,0.5292321443557739,0.44439297914505005,0.025189802050590515,0.5328820943832397,0.4363527297973633,0.03324395790696144,0.551081120967865,0.5149769186973572,0.003340795636177063,0.5354554057121277,0.4807855486869812,0.022258568555116653,0.5372170805931091,0.462089478969574,0.03376598656177521,0.5424741506576538,0.454505980014801,0.03827667608857155,0.5547012090682983,0.5271443724632263,0.008324912749230862,0.542365550994873,0.49917304515838623,0.025619732216000557,0.542673647403717,0.4843882918357849,0.03477717563509941,0.5455654263496399,0.4789147675037384,0.038796212524175644,0.5533033013343811,0.2962428331375122,-0.001969992183148861,0.5719397664070129,0.2581939399242401,0.00018612849817145616,0.5815414190292358,0.2597244083881378,0.004952156450599432,0.5910959243774414,0.26134559512138367,0.0008619973086751997,0.5449978113174438,0.25352388620376587,0.004268167074769735,0.5360121726989746,0.2517252266407013,-0.00108730501960963,0.5272514820098877,0.24998539686203003,-0.0039575304836034775,0.6067720055580139,0.2806492745876312,-0.004269302822649479,0.5170897841453552,0.264203816652298,-0.002008419716730714,0.570713222026825,0.34485602378845215,-0.0005799495847895741,0.5359171628952026,0.3383277952671051,-0.0023249704390764236,0.6654397249221802,0.493387907743454,-0.05513860657811165,0.45020681619644165,0.5003300905227661,0.05522331967949867,0.7374402284622192,0.8128308057785034,-0.1575009673833847,0.392177939414978,0.826134979724884,0.16179855167865753,0.6047804951667786,0.5396994352340698,-0.4469321668148041,0.35208460688591003,0.780568540096283,-0.25235405564308167,0.569897472858429,0.4862756133079529,0.001513674738816917,0.32539400458335876,0.7792186737060547,-0.002883470617234707,0.5625689625740051,0.44079622626304626,0.004122865851968527,0.328188419342041,0.7287279367446899,0.0004220999253448099,0.5679398775100708,0.4678618609905243,-0.0020118067041039467,0.3460409939289093,0.7324510812759399,-0.0036079026758670807,0.6280022859573364,1.0486980676651,-0.059484221041202545,0.4702390432357788,1.0467662811279297,0.006143887061625719
750.7444444444444,0.6115745306015015,0.5199627876281738,-5.728652104153298e-05,0.6061040163040161,0.46840912103652954,0.004049378912895918,0.5880731344223022,0.4406015872955322,0.006404172163456678,0.5658669471740723,0.42840707302093506,0.012527990154922009,0.5496581792831421,0.4275921881198883,0.017717577517032623,0.5703957080841064,0.45227810740470886,-0.017004264518618584,0.5423862338066101,0.4254150986671448,-0.011063559912145138,0.5328134894371033,0.4136589467525482,-0.00196250737644732,0.5283275246620178,0.40302932262420654,0.0041949856095016,0.561184287071228,0.4773787558078766,-0.010036645457148552,0.5406064987182617,0.4464554190635681,0.0068375361151993275,0.5379879474639893,0.4309171140193939,0.024234309792518616,0.5401203036308289,0.4190734028816223,0.03529791533946991,0.5573034882545471,0.49695098400115967,-0.00132387422490865,0.5389711260795593,0.468079149723053,0.01696818321943283,0.5385875105857849,0.45078974962234497,0.02856427989900112,0.542363703250885,0.4392455816268921,0.03416767343878746,0.5576879382133484,0.5116561055183411,0.007851519621908665,0.5395681262016296,0.4911819398403168,0.020505374297499657,0.5361935496330261,0.4766061305999756,0.02811283990740776,0.5366478562355042,0.4657880961894989,0.0316287986934185,,,,,,,,,,,,,,,,,,,,,,,,,,,,,,,,,,,,,,,,,,,,,,,,,,,,,,,,,,,,,,,,0.5547261834144592,0.2968387007713318,-0.001976570812985301,0.5726370215415955,0.2582634389400482,0.00010796885908348486,0.5822924375534058,0.2597709000110626,0.004887918476015329,0.5918893814086914,0.261372447013855,0.00094210373936221,0.5452595949172974,0.25376394391059875,0.004249704536050558,0.5359805226325989,0.25204625725746155,-0.0008750442648306489,0.526930034160614,0.25039008259773254,-0.00394755182787776,0.6062528491020203,0.280468225479126,-0.004262776579707861,0.5153510570526123,0.26496708393096924,-0.0020041305106133223,0.5716837644577026,0.34548047184944153,-0.0005481868283823133,0.5363002419471741,0.33920323848724365,-0.0022779449354857206,0.6645451784133911,0.4917510449886322,-0.047995224595069885,0.44749605655670166,0.5014578700065613,0.048184867948293686,0.7354814410209656,0.8152572512626648,-0.1370389610528946,0.3887214958667755,0.8397699594497681,0.1409778594970703,0.6118974089622498,0.5365781784057617,-0.4539814889431,0.3505498170852661,0.7703995704650879,-0.3049299418926239,0.5787172317504883,0.47898727655410767,0.0015114812413230538,0.3255060613155365,0.7638064622879028,-0.002881529275327921,0.5728436708450317,0.4324089586734772,0.004111521411687136,0.3279326260089874,0.7076939940452576,0.000457505026133731,0.5770781636238098,0.46049630641937256,-0.0020109685137867928,0.3456031084060669,0.7130885720252991,-0.0035954569466412067,0.6293830275535583,1.0444085597991943,-0.007069052662700415,0.4713439345359802,1.0436407327651978,0.05995732918381691
792.4555555555556,,,,,,,,,,,,,,,,,,,,,,,,,,,,,,,,,,,,,,,,,,,,,,,,,,,,,,,,,,,,,,,,0.6095667481422424,0.5124772787094116,-4.343430191511288e-05,0.6072205901145935,0.462008535861969,0.011043590493500233,0.5900121927261353,0.4344450533390045,0.01853148080408573,0.5703942179679871,0.42609718441963196,0.027386225759983063,0.5579849481582642,0.42744511365890503,0.03451716899871826,0.5688565969467163,0.44193264842033386,-0.0065115042962133884,0.5426453351974487,0.4230899214744568,0.00342564913444221,0.531713604927063,0.4146324694156647,0.01708570308983326,0.5256149172782898,0.40827637910842896,0.02710752747952938,0.5597448945045471,0.46776026487350464,-0.0028809120412915945,0.5384257435798645,0.4419947862625122,0.014875240623950958,0.5326000452041626,0.42669621109962463,0.03544346243143082,0.5305883884429932,0.4174114167690277,0.049740664660930634,0.5558776259422302,0.49097150564193726,0.0032484144903719425,0.5378051996231079,0.46440497040748596,0.02029166743159294,0.5326615571975708,0.44770440459251404,0.033787213265895844,0.5310614109039307,0.43676939606666565,0.04176004230976105,0.556182324886322,0.5104833841323853,0.010586682707071304,0.5406193733215332,0.4888867437839508,0.024336645379662514,0.536359965801239,0.4740200638771057,0.03399353846907616,0.5341852903366089,0.4632243812084198,0.03974656015634537,0.5544413924217224,0.2954452633857727,-0.0019792893435806036,0.5722126960754395,0.25762292742729187,4.953888856107369e-05,0.5816861987113953,0.25912508368492126,0.0048296391032636166,0.591100811958313,0.2607195973396301,0.0010309047065675259,0.5450755953788757,0.2533472180366516,0.00422749575227499,0.535912275314331,0.25175726413726807,-0.0006253023166209459,0.5269782543182373,0.2502296268939972,-0.003946554847061634,0.6051512956619263,0.27991190552711487,-0.0042611537501215935,0.5152497887611389,0.265145868062973,-0.001978887477889657,0.5711658000946045,0.34394919872283936,-0.0005437184008769691,0.5362791419029236,0.337948739528656,-0.0021733047906309366,0.6639221906661987,0.4929724633693695,-0.049005039036273956,0.4460087716579437,0.5047302842140198,0.049162209033966064,0.7311389446258545,0.814873218536377,-0.14868944883346558,0.3869383931159973,0.8411353826522827,0.14164140820503235,0.609074056148529,0.5380311608314514,-0.46888601779937744,0.34634119272232056,0.7700127959251404,-0.310406893491745,0.5772006511688232,0.4797150492668152,0.0015101825119927526,0.32484790682792664,0.7634716033935547,-0.002878636820241809,0.5718907713890076,0.43471118807792664,0.004075711593031883,0.32665666937828064,0.7076798677444458,0.0005223064799793065,0.5758559703826904,0.462331086397171,-0.0020026378333568573,0.3454831838607788,0.7128276228904724,-0.00353535870090127,0.6305888295173645,1.0429095029830933,-0.0317051000893116,0.47215861082077026,1.0421909093856812,0.03624352067708969
834.1666666666667,0.33826321363449097,0.7974699139595032,-4.2080660932697356e-05,0.3106291592121124,0.7891365885734558,-0.040567945688962936,0.2961462736129761,0.7730926871299744,-0.07069486379623413,0.29463431239128113,0.7680844068527222,-0.0938076302409172,0.30233675241470337,0.7743471264839172,-0.11228049546480179,0.29920119047164917,0.7316339612007141,-0.0900644063949585,0.30434224009513855,0.7256755828857422,-0.13030186295509338,0.3078087270259857,0.7543292045593262,-0.14249441027641296,0.30599698424339294,0.7746605277061462,-0.14401885867118835,0.31733807921409607,0.7315348982810974,-0.08455881476402283,0.325246661901474,0.7202448844909668,-0.13371975719928741,0.32514840364456177,0.7507516741752625,-0.14769330620765686,0.31962084770202637,0.7716684937477112,-0.1524316966533661,0.33589088916778564,0.738595187664032,-0.07898610830307007,0.34935685992240906,0.7260051965713501,-0.12120286375284195,0.3447222113609314,0.7529215812683105,-0.12370016425848007,0.3353410065174103,0.7697057127952576,-0.11721033602952957,0.35287925601005554,0.7506199479103088,-0.076645627617836,0.36693820357322693,0.7335646152496338,-0.10682541131973267,0.3642013669013977,0.7456348538398743,-0.11785490810871124,0.35635805130004883,0.7548730373382568,-0.12284928560256958,0.6032859086990356,0.5275777578353882,-1.322930802416522e-05,0.5963994860649109,0.4799332022666931,0.014935623854398727,0.5796264410018921,0.4535517394542694,0.021240420639514923,0.5621820092201233,0.43946558237075806,0.027222001925110817,0.5502098798751831,0.4326440989971161,0.029387420043349266,0.5587732791900635,0.46557193994522095,0.0006548878154717386,0.5369666814804077,0.44359833002090454,0.011082925833761692,0.5263222455978394,0.43019330501556396,0.02070583961904049,0.5177975296974182,0.42142361402511597,0.027156438678503036,0.5520988702774048,0.4852428734302521,0.001072013983502984,0.5329062938690186,0.4594096541404724,0.01593083329498768,0.5251138210296631,0.4416981041431427,0.031005751341581345,0.5198919773101807,0.4317132234573364,0.04129132255911827,0.5502350330352783,0.5022737383842468,0.004273633006960154,0.5349012017250061,0.47356465458869934,0.021081261336803436,0.5302890539169312,0.4557369351387024,0.03381738439202309,0.528831958770752,0.4471399188041687,0.0406188890337944,0.5517112016677856,0.5155051946640015,0.008487116545438766,0.5407130718231201,0.48901647329330444,0.023085033521056175,0.5376259088516235,0.4734906852245331,0.032775506377220154,0.5364518165588379,0.4656203091144562,0.03933621570467949,0.5530014038085938,0.2955641746520996,-0.0019905276130884886,0.5712893605232239,0.2578025162220001,-3.361456037964672e-05,0.5808497071266174,0.2593008577823639,0.004784486722201109,0.5903627276420593,0.260888934135437,0.0010665914742276073,0.5442166924476624,0.25358784198760986,0.00420377915725112,0.5351320505142212,0.25202932953834534,-0.0004883230431005359,0.5262743234634399,0.2505291998386383,-0.003943504299968481,0.6052334308624268,0.2802862524986267,-0.004257616121321917,0.5153359770774841,0.26565441489219666,-0.0019715025555342436,0.5701281428337097,0.3442610800266266,-0.0005412959144450724,0.5352939963340759,0.3383297622203827,-0.0021237204782664776,0.6640961170196533,0.4923020303249359,-0.052333634346723557,0.4476100504398346,0.5051695108413696,0.05247580632567406,0.7367825508117676,0.8081770539283752,-0.16742929816246033,0.3881038725376129,0.840793251991272,0.1557023674249649,0.5993914008140564,0.5363443493843079,-0.44416725635528564,0.35009390115737915,0.7858095765113831,-0.24752488732337952,0.5621957778930664,0.48099347949028015,0.0015145729994401336,0.3273789882659912,0.7791007161140442,-0.0028849842492491007,0.5562582015991211,0.43703073263168335,0.004043906927108765,0.328153133392334,0.7213345766067505,0.0006014027167111635,0.562470018863678,0.4637519121170044,-0.0019548186101019382,0.3457390069961548,0.7234522104263306,-0.003528598928824067,0.6309215426445007,1.0367326736450195,-0.04447462409734726,0.47309574484825134,1.0379912853240967,0.015020427294075489
875.8666666666667,0.34557220339775085,0.7814399003982544,-4.5084976591169834e-05,0.3258603811264038,0.7703341245651245,-0.017462635412812233,0.310381144285202,0.763490617275238,-0.039363592863082886,0.3040737807750702,0.7672631740570068,-0.05878904089331627,0.30456334352493286,0.7758318185806274,-0.08193584531545639,0.3162791132926941,0.7342061400413513,-0.07199613004922867,0.3132861256599426,0.7454341650009155,-0.1010264903306961,0.3073136806488037,0.774564802646637,-0.11620958894491196,0.3020040988922119,0.7991939187049866,-0.12155880779027939,0.3300928771495819,0.7393003106117249,-0.07145196944475174,0.32631805539131165,0.7571580410003662,-0.09803739935159683,0.3181583881378174,0.7845611572265625,-0.10500633716583252,0.3112491965293884,0.8080496788024902,-0.10915444791316986,0.3431341052055359,0.751408576965332,-0.06963839381933212,0.3420731723308563,0.7663321495056152,-0.09235040843486786,0.334824800491333,0.7910900115966797,-0.09280417114496231,0.3285014033317566,0.8095098733901978,-0.09474106132984161,0.35447031259536743,0.7644314765930176,-0.06852880120277405,0.35445114970207214,0.7703776955604553,-0.0830216333270073,0.34913650155067444,0.7847864627838135,-0.084748275578022,0.34467172622680664,0.7960671782493591,-0.0890895426273346,0.5982136726379395,0.5445529222488403,-3.9471551644965075e-06,0.5835726261138916,0.5125097036361694,0.02093941532075405,0.5663233399391174,0.49320003390312195,0.028823701664805412,0.5536725521087646,0.4814773201942444,0.034210413694381714,0.5473175644874573,0.47857674956321716,0.034663643687963486,0.547822892665863,0.495392769575119,0.010490926913917065,0.5274425745010376,0.48122909665107727,0.017543407157063484,0.5129143595695496,0.46811267733573914,0.016492271795868874,0.5019457936286926,0.45819091796875,0.01164957880973816,0.5451666116714478,0.5053067207336426,0.0034834877587854862,0.53580641746521,0.48702311515808105,0.018227530643343925,0.5418617725372314,0.48773419857025146,0.02165175974369049,0.5479803681373596,0.4950643479824066,0.019256720319390297,0.5464144945144653,0.5160998702049255,-0.001472609699703753,0.5371166467666626,0.4971398413181305,0.012320224195718765,0.5419952273368835,0.4973379969596863,0.017264915630221367,0.549254298210144,0.5027918815612793,0.015899816527962685,0.5497579574584961,0.5256611704826355,-0.005460126791149378,0.5372645854949951,0.5063861608505249,0.005746079608798027,0.5340567231178284,0.49979618191719055,0.013235564343631268,0.5340875387191772,0.499854177236557,0.017063936218619347,0.5532790422439575,0.2958815395832062,-0.0020110863260924816,0.571381151676178,0.2578112483024597,-3.508981171762571e-05,0.580927848815918,0.25930047035217285,0.004765867721289396,0.5904310941696167,0.26087048649787903,0.0011038790689781308,0.544370174407959,0.25363823771476746,0.004145829472690821,0.5352931022644043,0.25206905603408813,-0.0004588866140693426,0.5264403820037842,0.2505508363246918,-0.003942706156522036,0.605171263217926,0.2798817753791809,-0.004253768362104893,0.5153477191925049,0.26537618041038513,-0.0019658703822642565,0.5702691674232483,0.3443056643009186,-0.0005423452239483595,0.535527765750885,0.3384884297847748,-0.0021083280444145203,0.6633835434913635,0.4926454722881317,-0.05252396687865257,0.4487028419971466,0.5045356750488281,0.0526285246014595,0.7377849817276001,0.8097147941589355,-0.16461576521396637,0.3906344771385193,0.8270199298858643,0.17587552964687347,0.5988041162490845,0.5400487780570984,-0.4312884211540222,0.3495418429374695,0.7880248427391052,-0.18889641761779785,0.5608153939247131,0.49807843565940857,0.001512654940597713,0.3240583837032318,0.7823797464370728,-0.002887257607653737,0.5545663833618164,0.4475138187408447,0.004028288181871176,0.3256605565547943,0.7376936078071594,0.0005958180991001427,0.5605059862136841,0.4706885814666748,-0.0019364994950592518,0.3436070680618286,0.739551305770874,-0.00352609739638865,0.6307446956634521,1.0317771434783936,-0.05644455924630165,0.47302645444869995,1.0316126346588135,0.0003513434494379908
917.5777777777778,0.31395354866981506,0.7525070905685425,-1.7436779671697877e-05,0.32651033997535706,0.7588605880737305,-0.008383591659367085,0.33762988448143005,0.7665522694587708,-0.017952844500541687,0.34579211473464966,0.7717843651771545,-0.024696672335267067,0.3513042628765106,0.7774590253829956,-0.03157944604754448,0.3323494791984558,0.7542639970779419,-0.04464184492826462,0.335721492767334,0.7783095836639404,-0.05589035898447037,0.3383290767669678,0.7893482446670532,-0.05980413779616356,0.3417910635471344,0.7938115000724792,-0.061314065009355545,0.32231879234313965,0.7507815957069397,-0.0436302050948143,0.3243352472782135,0.7814387083053589,-0.054361820220947266,0.3273162245750427,0.793045163154602,-0.0534302294254303,0.33027130365371704,0.7970272898674011,-0.05304459109902382,0.31256982684135437,0.7517252564430237,-0.04062860086560249,0.3144337832927704,0.7784548401832581,-0.049106448888778687,0.31634068489074707,0.7886214852333069,-0.04617166146636009,0.318935751914978,0.7913467288017273,-0.044086676090955734,0.304366797208786,0.7545620799064636,-0.038233138620853424,0.3041863441467285,0.7736525535583496,-0.04369175061583519,0.3049777150154114,0.7819101214408875,-0.04475138708949089,0.3070216476917267,0.784895658493042,-0.044710878282785416,0.5916547179222107,0.5595837235450745,3.842433216050267e-05,0.5822657942771912,0.5176409482955933,0.0024635677691549063,0.562857985496521,0.49747157096862793,-0.0011475763749331236,0.5476369857788086,0.5004886984825134,-0.003146185539662838,0.5375446677207947,0.5092484951019287,-0.007605532184243202,0.5451326966285706,0.49981436133384705,-0.0303993821144104,0.5195024609565735,0.5012350082397461,-0.03391432389616966,0.5018607378005981,0.4983976483345032,-0.04190342500805855,0.48655447363853455,0.49513915181159973,-0.05273626744747162,0.5388023853302002,0.5275538563728333,-0.029936566948890686,0.527058482170105,0.526922345161438,-0.02247844636440277,0.5307461023330688,0.526023805141449,-0.016899473965168,0.5337585210800171,0.5264116525650024,-0.019118063151836395,0.5379618406295776,0.5560866594314575,-0.027928313240408897,0.5325353145599365,0.5493595600128174,-0.018970197066664696,0.5384435653686523,0.5471528768539429,-0.01217177975922823,0.5450599193572998,0.5480048060417175,-0.013689197599887848,0.5396692752838135,0.5808151960372925,-0.025671014562249184,0.5376770496368408,0.5646864771842957,-0.01426573283970356,0.5430867075920105,0.5593997836112976,-0.004054315388202667,0.5481129288673401,0.5586400032043457,-0.0008908300660550594,0.5557663440704346,0.2954549193382263,-0.0020146979950368404,0.5730918049812317,0.2574554681777954,-5.364549360820092e-05,0.5826027393341064,0.25894656777381897,0.004737074486911297,0.5920664668083191,0.2605174779891968,0.0011498699896037579,0.546030580997467,0.25333648920059204,0.004111636895686388,0.5368821024894714,0.2518181800842285,-0.0003979940665885806,0.5279515981674194,0.2503499686717987,-0.0039258310571312904,0.605799674987793,0.2798047959804535,-0.004253449849784374,0.5158934593200684,0.26500651240348816,-0.001967958640307188,0.5722445249557495,0.3440667390823364,-0.0005414824117906392,0.5374894738197327,0.3383461534976959,-0.0020839700009673834,0.6637154817581177,0.49302607774734497,-0.05255792289972305,0.45104125142097473,0.5052360892295837,0.05267547443509102,0.7361253499984741,0.8145737051963806,-0.154288187623024,0.39565524458885193,0.8301295042037964,0.1738167107105255,0.5951259136199951,0.5771228671073914,-0.3999965488910675,0.34962141513824463,0.8052329421043396,-0.18146809935569763,0.553867518901825,0.5444145202636719,0.001493771793320775,0.32355549931526184,0.8060636520385742,-0.0028971885330975056,0.5471628904342651,0.49277013540267944,0.00401968602091074,0.32397064566612244,0.7671552300453186,0.0005944907898083329,0.5549209713935852,0.5144387483596802,-0.0018984702182933688,0.3423990309238434,0.7693489789962769,-0.0034593038726598024,0.6307505369186401,1.027983546257019,-0.03130412846803665,0.4756580889225006,1.0285643339157104,0.02782762050628662
959.288888888889,0.3043200969696045,0.7578805685043335,-1.1501188964757603e-05,0.31569573283195496,0.77350914478302,-0.003527456196025014,0.32560160756111145,0.7878198623657227,-0.011628039181232452,0.33366385102272034,0.7978250980377197,-0.0200123880058527,0.33895906805992126,0.8078663349151611,-0.029691874980926514,0.3351154923439026,0.7631792426109314,-0.02504541724920273,0.3433800935745239,0.7786821126937866,-0.03763985261321068,0.346393346786499,0.7920398712158203,-0.04405403137207031,0.3471173644065857,0.8041839599609375,-0.04799918085336685,0.33187180757522583,0.7533289790153503,-0.028828797861933708,0.3377920687198639,0.7745268940925598,-0.043531645089387894,0.33616575598716736,0.7891121506690979,-0.047482334077358246,0.3325006365776062,0.7987074851989746,-0.04940205067396164,0.3251957595348358,0.7474667429924011,-0.0322970375418663,0.3283485174179077,0.771899938583374,-0.04636502265930176,0.32553353905677795,0.7872044444084167,-0.047176092863082886,0.3215749263763428,0.7947670817375183,-0.04626786708831787,0.31698957085609436,0.745221734046936,-0.03529726713895798,0.32036179304122925,0.7684692144393921,-0.04506571218371391,0.319924533367157,0.7841963171958923,-0.0450897291302681,0.31792759895324707,0.7930635809898376,-0.044109463691711426,0.5834431052207947,0.5689494609832764,3.994046437583165e-06,0.5747553110122681,0.5257696509361267,0.009009462781250477,0.5537478923797607,0.5073699951171875,0.013151212595403194,0.534399151802063,0.5069397687911987,0.01789349876344204,0.5221537351608276,0.5125321745872498,0.021250344812870026,0.5370832085609436,0.5180488228797913,-0.013755954802036285,0.510369598865509,0.5112011432647705,-0.006528077181428671,0.4966683089733124,0.5068676471710205,-0.0009692752500995994,0.4857273995876312,0.504121720790863,0.0011536453384906054,0.5311397910118103,0.5450776219367981,-0.011247534304857254,0.5075272917747498,0.5340203046798706,0.004060380160808563,0.4969431161880493,0.5205492377281189,0.017654085531830788,0.48909538984298706,0.5103253722190857,0.0260388795286417,0.5305405259132385,0.5704517960548401,-0.006081875413656235,0.5173561573028564,0.5569750070571899,0.016504760831594467,0.5218789577484131,0.547076404094696,0.027319008484482765,0.5273048281669617,0.5422481894493103,0.028705304488539696,0.5322940349578857,0.5906214714050293,-0.0008786710677668452,0.5250371694564819,0.5720667243003845,0.019593093544244766,0.5295131206512451,0.5652239918708801,0.02895529754459858,0.5342100262641907,0.562623143196106,0.03204124793410301,0.5575092434883118,0.29475894570350647,-0.0020265865605324507,0.5740289092063904,0.25711992383003235,-6.799335096729919e-05,0.5835057497024536,0.2587102949619293,0.004717458039522171,0.5929384827613831,0.2604217529296875,0.0011595268733799458,0.5469982028007507,0.25286975502967834,0.004050983116030693,0.537818193435669,0.25134387612342834,-0.0003970881807617843,0.5288543701171875,0.24988728761672974,-0.0038593760691583157,0.6063212752342224,0.2796359360218048,-0.004258006811141968,0.5163223743438721,0.2646888792514801,-0.001988684292882681,0.5741732120513916,0.343223512172699,-0.0005368636921048164,0.5393744111061096,0.3375700116157532,-0.0020785857923328876,0.6645588874816895,0.4921635687351227,-0.05244799330830574,0.4549267888069153,0.5033034086227417,0.052569516003131866,0.7333451509475708,0.8169987201690674,-0.13230355083942413,0.40786510705947876,0.8288922309875488,0.17774684727191925,0.5903239250183105,0.5930150747299194,-0.3810997009277344,0.3586636185646057,0.8095958828926086,-0.1656682938337326,0.5455734729766846,0.5633071660995483,0.0014468143926933408,0.32611167430877686,0.8195319175720215,-0.0028988150879740715,0.5394743084907532,0.509939432144165,0.004017362836748362,0.3270578980445862,0.7888832092285156,0.0005673544364981353,0.5481366515159607,0.5308495759963989,-0.0018367369193583727,0.3462141752243042,0.7894606590270996,-0.0034250454045832157,0.6297179460525513,1.0240161418914795,-0.016985472291707993,0.47577765583992004,1.0247447490692139,0.044741932302713394
1001.0000000000001,0.30846020579338074,0.7619971036911011,-1.2428659829311073e-05,0.3173602819442749,0.777545690536499,-0.011066212318837643,0.32701990008354187,0.7932892441749573,-0.022220531478524208,0.3359557092189789,0.80271977186203,-0.030821003019809723,0.34241753816604614,0.8110108375549316,-0.040823545306921005,0.3327319622039795,0.7676726579666138,-0.033851347863674164,0.3394310176372528,0.779669463634491,-0.0458064042031765,0.3427928388118744,0.7909973859786987,-0.051387108862400055,0.3429637849330902,0.8016427755355835,-0.05388309061527252,0.33284348249435425,0.7558106780052185,-0.03220550715923309,0.33848872780799866,0.7744830846786499,-0.04463844746351242,0.3369581401348114,0.7852898240089417,-0.04472165182232857,0.33389440178871155,0.7919105887413025,-0.04423494264483452,0.3308596611022949,0.7472037076950073,-0.030531838536262512,0.3355429768562317,0.7699862718582153,-0.04019710421562195,0.3311205506324768,0.7781105041503906,-0.03737322613596916,0.3262910842895508,0.7799349427223206,-0.03406506031751633,0.3273909389972687,0.7407063245773315,-0.029388215392827988,0.33368223905563354,0.7616097331047058,-0.03415711224079132,0.33233699202537537,0.770323634147644,-0.031066520139575005,0.3289805054664612,0.7721136808395386,-0.028342457488179207,0.5849964022636414,0.5705404281616211,-1.8916132830781862e-05,0.5756960511207581,0.5278269052505493,0.006341420114040375,0.553530752658844,0.508184015750885,0.005600110162049532,0.5332055687904358,0.5110986232757568,0.005576718598604202,0.5218800902366638,0.5167588591575623,0.00290522794239223,0.5390162467956543,0.5183097720146179,-0.01796761527657509,0.5134462714195251,0.505125880241394,-0.015260840766131878,0.5002041459083557,0.49801892042160034,-0.013129123486578465,0.489044725894928,0.4926087260246277,-0.012545624747872353,0.5328495502471924,0.5448735356330872,-0.016029059886932373,0.5116268992424011,0.5281224846839905,-0.004230791237205267,0.49977004528045654,0.5129345059394836,0.005786909721791744,0.4918838143348694,0.5032753944396973,0.010032649151980877,0.5322996973991394,0.5702694654464722,-0.01095601450651884,0.523926317691803,0.5535922646522522,0.012696235440671444,0.5314827561378479,0.5482374429702759,0.020767059177160263,0.538261890411377,0.5486840605735779,0.018951743841171265,0.5343884825706482,0.5904337763786316,-0.0059064775705337524,0.5302129983901978,0.5719504952430725,0.013518650084733963,0.5375633835792542,0.5678368210792542,0.02014658972620964,0.5428706407546997,0.5699104070663452,0.019232463091611862,0.5576579570770264,0.29450368881225586,-0.0020710895769298077,0.5739737153053284,0.25693655014038086,-8.540081762475893e-05,0.5836398005485535,0.2580828070640564,0.004687937907874584,0.5932653546333313,0.2592545449733734,0.001174674485810101,0.5465534925460815,0.25250014662742615,0.003959702793508768,0.5371925830841064,0.2509317696094513,-0.00036525557516142726,0.5280460715293884,0.24947571754455566,-0.0038548260927200317,0.606933057308197,0.27739015221595764,-0.004280867520719767,0.515397846698761,0.26423269510269165,-0.002026826608926058,0.5750041007995605,0.34271371364593506,-0.0005350140854716301,0.539651095867157,0.3374408483505249,-0.0020647335331887007,0.6660043001174927,0.49174395203590393,-0.050947874784469604,0.45433416962623596,0.5028153657913208,0.05108731612563133,0.7310658693313599,0.8253573179244995,-0.13252463936805725,0.4088114798069,0.8288303017616272,0.1757393628358841,0.5878981351852417,0.596513032913208,-0.39508768916130066,0.36365973949432373,0.825502872467041,-0.17964446544647217,0.5428053140640259,0.563183605670929,0.0014079301618039608,0.32960644364356995,0.8394861221313477,-0.0029225239995867014,0.5394642353057861,0.5096225142478943,0.0039957803674042225,0.33211421966552734,0.8116940259933472,0.0005302891950123012,0.5476248264312744,0.5315604209899902,-0.0017361997161060572,0.35161131620407104,0.8106096386909485,-0.0033897762186825275,0.6290721297264099,1.0222450494766235,-0.030448520556092262,0.4751257598400116,1.0230506658554077,0.023326326161623
1042.7,0.3175532817840576,0.755682110786438,-1.5702225937275216e-05,0.32548031210899353,0.7721468806266785,-0.008554122410714626,0.33158639073371887,0.7891392111778259,-0.02266904152929783,0.3388793468475342,0.8023157119750977,-0.03448132053017616,0.3448564112186432,0.8147598505020142,-0.04584424942731857,0.32946592569351196,0.7633113861083984,-0.04298916459083557,0.3317912220954895,0.7832907438278198,-0.05904494598507881,0.3349420130252838,0.798389732837677,-0.06536068022251129,0.3358590006828308,0.8113667964935303,-0.06842325627803802,0.32856881618499756,0.7521412372589111,-0.04340406879782677,0.3293883502483368,0.7816028594970703,-0.05737701803445816,0.3269958794116974,0.7950718998908997,-0.054114095866680145,0.32397356629371643,0.8006803393363953,-0.05284865200519562,0.3264392018318176,0.7470417618751526,-0.04344022274017334,0.3274041414260864,0.7804320454597473,-0.05445339158177376,0.3250649571418762,0.7929949760437012,-0.04874684661626816,0.3225805163383484,0.7953906059265137,-0.04573063552379608,0.32341402769088745,0.7457074522972107,-0.043076857924461365,0.3265312910079956,0.7758347392082214,-0.0506553128361702,0.3267280161380768,0.788055956363678,-0.046933114528656006,0.3258187174797058,0.7907525897026062,-0.04448722302913666,0.5836102962493896,0.5681359171867371,-3.482537795207463e-05,0.5751612782478333,0.522179126739502,0.008155341260135174,0.5545825362205505,0.5012699365615845,0.012227178551256657,0.5345722436904907,0.4995284378528595,0.017901919782161713,0.5225744247436523,0.501258373260498,0.021794866770505905,0.5380282402038574,0.5146310329437256,-0.013733256608247757,0.5119167566299438,0.4985065758228302,-0.006621654611080885,0.4989391565322876,0.490776926279068,0.00021232475410215557,0.4895332455635071,0.48573100566864014,0.005125321447849274,0.5323957204818726,0.5414466857910156,-0.00992581807076931,0.515256404876709,0.5210955739021301,0.01156687829643488,0.5164822340011597,0.5091330409049988,0.027632268145680428,0.5201245546340942,0.5025733709335327,0.03531646728515625,0.5322535037994385,0.5635858774185181,-0.003409777069464326,0.5234763622283936,0.5422033667564392,0.022483838722109795,0.5296899080276489,0.5334446430206299,0.030832260847091675,0.5361387729644775,0.5319821834564209,0.030306993052363396,0.5345579981803894,0.5799960494041443,0.00343979150056839,0.5278922319412231,0.5595370531082153,0.02493482641875744,0.5334660410881042,0.5508950352668762,0.0322619304060936,0.5387927889823914,0.5494754314422607,0.03284977376461029,0.5575069785118103,0.294551819562912,-0.002099810168147087,0.5736877918243408,0.25640249252319336,-9.524448978481814e-05,0.5834080576896667,0.25707945227622986,0.00466212397441268,0.5930896401405334,0.25771966576576233,0.0011896765790879726,0.5460971593856812,0.25242653489112854,0.003924195189028978,0.5366973876953125,0.25088202953338623,-0.00033605642965994775,0.5275180339813232,0.249525249004364,-0.0038481031078845263,0.6070311665534973,0.274706095457077,-0.0042929393239319324,0.5149096846580505,0.2642658054828644,-0.002040136605501175,0.5751998424530029,0.3425188362598419,-0.0005344518576748669,0.5397290587425232,0.3379470109939575,-0.0020464358385652304,0.6671218872070312,0.49297770857810974,-0.048897016793489456,0.4538652300834656,0.5042799115180969,0.048998866230249405,0.731464684009552,0.8323461413383484,-0.14039289951324463,0.4006804823875427,0.8278622031211853,0.16313327848911285,0.5907383561134338,0.5923169851303101,-0.39955538511276245,0.3581547439098358,0.8227900266647339,-0.2013605386018753,0.5481374859809875,0.5543850660324097,0.0013619279488921165,0.32807832956314087,0.837822437286377,-0.0029513107147067785,0.546031653881073,0.5020536184310913,0.003979269415140152,0.3309013545513153,0.8070310950279236,0.0005210500094108284,0.5530729293823242,0.5254260301589966,-0.0016937832115218043,0.34967735409736633,0.8051964640617371,-0.0033819382078945637,0.6307715177536011,1.0214593410491943,-0.041330885142087936,0.47645384073257446,1.0220897197723389,0.006843260955065489
1084.4111111111113,0.314156711101532,0.7608513832092285,-3.2396248570876196e-05,0.32322150468826294,0.7766229510307312,-0.008921228349208832,0.33063560724258423,0.7917478084564209,-0.022141369059681892,0.3376132547855377,0.8012446761131287,-0.03373933956027031,0.34305673837661743,0.8104782700538635,-0.04641164094209671,0.3361177444458008,0.76555997133255,-0.03800193965435028,0.33898746967315674,0.784341037273407,-0.05446575582027435,0.33793336153030396,0.7978715300559998,-0.06280411034822464,0.3350496292114258,0.8082223534584045,-0.06689953058958054,0.3349181115627289,0.7544523477554321,-0.038807161152362823,0.3327403962612152,0.7823565602302551,-0.05339203402400017,0.3255704641342163,0.791774332523346,-0.05305672436952591,0.3192191421985626,0.7932205200195312,-0.052521977573633194,0.3306375741958618,0.7481935620307922,-0.039258379489183426,0.3289699852466583,0.7787035703659058,-0.051643360406160355,0.32284778356552124,0.7885938882827759,-0.049124643206596375,0.3175920248031616,0.789483368396759,-0.04686674848198891,0.3248702883720398,0.7454617619514465,-0.03998372331261635,0.3263455927371979,0.7734158635139465,-0.04805033653974533,0.3237142860889435,0.7845844626426697,-0.044736601412296295,0.32045844197273254,0.7871487736701965,-0.04211757704615593,0.5843284130096436,0.5659117102622986,-3.317654045531526e-05,0.5769380927085876,0.5203273296356201,0.007150806486606598,0.5550950765609741,0.4988395571708679,0.010621096938848495,0.5348045825958252,0.4968727231025696,0.016096830368041992,0.5221031904220581,0.49863484501838684,0.019510045647621155,0.5380207300186157,0.5130797028541565,-0.01599862053990364,0.5120463371276855,0.4952946603298187,-0.008609586395323277,0.49935197830200195,0.4882233142852783,-0.000706148857716471,0.490069717168808,0.48514026403427124,0.004951570648699999,0.5324215888977051,0.5406605005264282,-0.01195027306675911,0.514715313911438,0.5172461867332458,0.007874630391597748,0.5144947171211243,0.5034474730491638,0.025681190192699432,0.5171909928321838,0.49676164984703064,0.035340942442417145,0.5326288938522339,0.5635895133018494,-0.005131608806550503,0.5240139365196228,0.5383930206298828,0.019455183297395706,0.5298777222633362,0.5290080904960632,0.027674958109855652,0.5360692739486694,0.5280780792236328,0.02793632261455059,0.5351158380508423,0.5805947184562683,0.001965356059372425,0.529229462146759,0.5572400093078613,0.022082185372710228,0.5350148677825928,0.5492403507232666,0.02880343236029148,0.5400646924972534,0.5484954118728638,0.028911907225847244,0.5552981495857239,0.29396411776542664,-0.0021071070805191994,0.5721831917762756,0.2560412585735321,-9.992651757784188e-05,0.5818596482276917,0.2565613389015198,0.004649941343814135,0.5914967060089111,0.2570744752883911,0.0012026798212900758,0.5448892116546631,0.2523493468761444,0.00392073905095458,0.5356459617614746,0.25069424510002136,-0.0003314616915304214,0.526612401008606,0.24924033880233765,-0.003837356809526682,0.6058765649795532,0.2743513286113739,-0.004295027814805508,0.5148106813430786,0.2638533413410187,-0.002070402028039098,0.57295161485672,0.3417767286300659,-0.0005343868397176266,0.5378046035766602,0.33693403005599976,-0.0020400150679051876,0.6658950448036194,0.49227938055992126,-0.04887814819812775,0.4542884826660156,0.5042840838432312,0.04896644130349159,0.730107307434082,0.82708740234375,-0.137800931930542,0.41083693504333496,0.8271604776382446,0.17803728580474854,0.5908181667327881,0.5886335372924805,-0.400410920381546,0.36611390113830566,0.8251115083694458,-0.16612975299358368,0.5480710864067078,0.5533871054649353,0.0013304789317771792,0.333353728055954,0.8404497504234314,-0.002958369441330433,0.5462363958358765,0.500910222530365,0.003955984488129616,0.33510375022888184,0.8136029243469238,0.0004978268407285213,0.5534748435020447,0.5230038166046143,-0.0016742924926802516,0.35404273867607117,0.8116081357002258,-0.0033481160644441843,0.6324087381362915,1.0170179605484009,-0.047890231013298035,0.4781349003314972,1.0190074443817139,-0.0006693926989100873
1126.1222222222223,0.3133522570133209,0.7607226371765137,-2.921031045843847e-05,0.3206733465194702,0.7766404747962952,-0.007869635708630085,0.32791000604629517,0.7930042743682861,-0.019912773743271828,0.33574363589286804,0.8024958372116089,-0.030540194362401962,0.3420459032058716,0.8108104467391968,-0.04215432330965996,0.3326456546783447,0.767663836479187,-0.03608867898583412,0.3361986577510834,0.7847961783409119,-0.05088522657752037,0.337204247713089,0.7977743148803711,-0.05807441100478172,0.33652937412261963,0.8089843988418579,-0.06211438775062561,0.3339366018772125,0.7549005150794983,-0.03678210452198982,0.3328145444393158,0.7806011438369751,-0.049137696623802185,0.32664963603019714,0.7898613810539246,-0.04776940867304802,0.321042001247406,0.7924718856811523,-0.04678664728999138,0.33209851384162903,0.7469260692596436,-0.036927614361047745,0.3315444588661194,0.7760832905769348,-0.046933792531490326,0.3258206248283386,0.7856480479240417,-0.04347248002886772,0.32079288363456726,0.787703812122345,-0.04051126912236214,0.32850727438926697,0.7425959706306458,-0.03743104636669159,0.3313177525997162,0.7683512568473816,-0.04497244954109192,0.32934269309043884,0.7805252075195312,-0.04137544333934784,0.3262399137020111,0.7851709127426147,-0.038310457020998,0.5848199129104614,0.5675896406173706,-2.619195765873883e-05,0.577748715877533,0.5217005610466003,0.007222766522318125,0.5566043257713318,0.499132364988327,0.00979689508676529,0.5367188453674316,0.4952877461910248,0.014413419179618359,0.5241038203239441,0.49682188034057617,0.01739043928682804,0.5385144352912903,0.5128617286682129,-0.015078662894666195,0.5123329758644104,0.49528074264526367,-0.007796494290232658,0.4994606673717499,0.48880645632743835,-0.0009049560758285224,0.4895993769168854,0.4860919415950775,0.003953700419515371,0.5323290824890137,0.5405152440071106,-0.01109242346137762,0.5139742493629456,0.519417941570282,0.008795036934316158,0.5122420191764832,0.5062471628189087,0.027361398562788963,0.5133752226829529,0.49959227442741394,0.03774731606245041,0.5322408080101013,0.563982367515564,-0.004516522865742445,0.5236770510673523,0.5424585938453674,0.020529549568891525,0.5297249555587769,0.5344477891921997,0.029055509716272354,0.5359577536582947,0.5337705016136169,0.029225151985883713,0.534675657749176,0.5812531113624573,0.0024508030619472265,0.529231071472168,0.5609046220779419,0.02290426939725876,0.5355859994888306,0.5541672110557556,0.029932212084531784,0.541029691696167,0.5536980628967285,0.03009309247136116,0.5562250018119812,0.29316526651382446,-0.0021085834596306086,0.5731073021888733,0.2552137076854706,-0.00010189822933170944,0.5828057527542114,0.25586575269699097,0.0046418169513344765,0.5924602150917053,0.25652894377708435,0.0012219625059515238,0.5456826090812683,0.2514887750148773,0.003909005783498287,0.5363419055938721,0.2498592734336853,-0.00029438151977956295,0.527210533618927,0.24840302765369415,-0.003833876922726631,0.6060681939125061,0.27438780665397644,-0.004302021581679583,0.5146312713623047,0.26323628425598145,-0.002083253813907504,0.573400616645813,0.3409614861011505,-0.0005257346201688051,0.5379179120063782,0.33606207370758057,-0.0020387135446071625,0.6638129353523254,0.49413183331489563,-0.04692348837852478,0.45354172587394714,0.5046132802963257,0.04700801149010658,0.7305788397789001,0.8253784775733948,-0.13326580822467804,0.4127546548843384,0.8271647095680237,0.17798960208892822,0.5910406708717346,0.5888849496841431,-0.3997761905193329,0.367624431848526,0.8253450989723206,-0.16622838377952576,0.54829341173172,0.5540621280670166,0.0013223830610513687,0.3349963128566742,0.8396398425102234,-0.002960686106234789,0.545464277267456,0.5022075176239014,0.003940499387681484,0.3356921672821045,0.812842071056366,0.0004902022192254663,0.55287104845047,0.5243943333625793,-0.001641745213419199,0.35449525713920593,0.8118470311164856,-0.0033341997768729925,0.629893958568573,1.0135364532470703,-0.04616707190871239,0.4768389165401459,1.0156317949295044,-0.0015724567929282784
1167.8333333333333,0.3095894753932953,0.7599999308586121,-1.9272794816060923e-05,0.31715309619903564,0.7756816744804382,-0.005827799905091524,0.32593366503715515,0.7906566858291626,-0.015852967277169228,0.33555105328559875,0.8000487685203552,-0.024823511019349098,0.3428889811038971,0.8090474009513855,-0.034828443080186844,0.3288147747516632,0.7655264139175415,-0.029636772349476814,0.3342452645301819,0.7792098522186279,-0.04207930713891983,0.3372771739959717,0.7895012497901917,-0.047069668769836426,0.3380125164985657,0.7977854013442993,-0.0485810823738575,0.3302041292190552,0.7542032599449158,-0.03122900240123272,0.33454373478889465,0.7758946418762207,-0.043281570076942444,0.33225277066230774,0.7850263118743896,-0.04144689813256264,0.3291466534137726,0.7889174818992615,-0.0398879274725914,0.32972657680511475,0.7463977932929993,-0.03274693340063095,0.33387047052383423,0.771841824054718,-0.042769573628902435,0.3294675648212433,0.7802298069000244,-0.03923313319683075,0.3252550959587097,0.7815598845481873,-0.035511769354343414,0.32757773995399475,0.741188108921051,-0.034661341458559036,0.3335444927215576,0.7645790576934814,-0.04086102545261383,0.3328271806240082,0.7739427089691162,-0.037274301052093506,0.33044010400772095,0.7760295271873474,-0.03427930921316147,0.5836689472198486,0.5698233246803284,-2.1968106011627242e-05,0.5768290758132935,0.522990882396698,0.00827985629439354,0.5559470653533936,0.5006546378135681,0.010987820103764534,0.5362935066223145,0.496000200510025,0.015709659084677696,0.5241578221321106,0.49592161178588867,0.01857803389430046,0.5373858213424683,0.5128464698791504,-0.012911472469568253,0.5116413831710815,0.4966009259223938,-0.003974607679992914,0.49878060817718506,0.49108371138572693,0.0036003172863274813,0.48854970932006836,0.4886306822299957,0.00849318690598011,0.5309152603149414,0.5402811169624329,-0.009052872657775879,0.5103834271430969,0.5219983458518982,0.011010336689651012,0.50339674949646,0.5089983344078064,0.029915399849414825,0.5006729364395142,0.5018530488014221,0.04180670157074928,0.530769944190979,0.5648243427276611,-0.0027259287890046835,0.522874653339386,0.5454981923103333,0.02439167909324169,0.5301166772842407,0.5388787984848022,0.03295234963297844,0.5368823409080505,0.538881242275238,0.032494764775037766,0.5333020687103271,0.5832878947257996,0.003952287137508392,0.5293686389923096,0.5640525221824646,0.02624974027276039,0.5363929867744446,0.5587630867958069,0.033293675631284714,0.5418508052825928,0.5591660141944885,0.032944489270448685,0.5564542412757874,0.2928524613380432,-0.0021187288220971823,0.573212206363678,0.25496917963027954,-0.00010641389235388488,0.5828417539596558,0.25558027625083923,0.004632854368537664,0.5924264192581177,0.2562181353569031,0.0012444325257092714,0.5458390116691589,0.2513953745365143,0.0039042546413838863,0.5365319848060608,0.24965591728687286,-0.0002886963193304837,0.5274327993392944,0.24812017381191254,-0.003832489950582385,0.6059218645095825,0.27431339025497437,-0.00430263252928853,0.5147939324378967,0.2630300223827362,-0.0020869183354079723,0.5735612511634827,0.34087929129600525,-0.0005252866540104151,0.5381972193717957,0.3357146084308624,-0.0020347717218101025,0.6643851399421692,0.49545374512672424,-0.04743945971131325,0.4533946216106415,0.5057671666145325,0.04754284396767616,0.7325246334075928,0.8266462087631226,-0.13434645533561707,0.4102204442024231,0.8292846083641052,0.17700181901454926,0.5909295082092285,0.5899862051010132,-0.40704500675201416,0.364327073097229,0.8228181004524231,-0.18094474077224731,0.5480928421020508,0.5550280213356018,0.0013181196991354227,0.33209434151649475,0.8354827761650085,-0.002966894768178463,0.5445666909217834,0.5036035776138306,0.003939872607588768,0.33283179998397827,0.8068065643310547,0.0004899264313280582,0.5522951483726501,0.5257574915885925,-0.0016313580563291907,0.35137665271759033,0.8060035705566406,-0.003318468341603875,0.6306003928184509,1.0135152339935303,-0.048661813139915466,0.476913720369339,1.0156370401382446,-0.0011766913812607527
1209.5333333333333,,,,,,,,,,,,,,,,,,,,,,,,,,,,,,,,,,,,,,,,,,,,,,,,,,,,,,,,,,,,,,,,0.5826906561851501,0.5726545453071594,-1.8824057406163774e-05,0.5758057236671448,0.5261762738227844,0.008816460147500038,0.5542847514152527,0.5038756728172302,0.013106738217175007,0.5340133309364319,0.4998735785484314,0.019733427092432976,0.5215746164321899,0.499745637178421,0.024725019931793213,0.5359055399894714,0.5166518688201904,-0.013920886442065239,0.5098546147346497,0.501015305519104,-0.0041468385607004166,0.49700450897216797,0.49523186683654785,0.00419745035469532,0.4873022735118866,0.4925388991832733,0.009574148803949356,0.52949059009552,0.5440157651901245,-0.010521345771849155,0.5118361115455627,0.5252285599708557,0.012660974636673927,0.5118129253387451,0.5124050378799438,0.03179990127682686,0.5143610239028931,0.5068736672401428,0.04192909970879555,0.5295316576957703,0.5681791305541992,-0.004292406607419252,0.5212500095367432,0.5497690439224243,0.022090686485171318,0.5273851156234741,0.5428900122642517,0.03000503219664097,0.5337618589401245,0.5433034896850586,0.02907503955066204,0.5321953892707825,0.5870622992515564,0.0023897450882941484,0.5269532799720764,0.5688409805297852,0.023790039122104645,0.5333408713340759,0.5629280805587769,0.03095983900129795,0.5387994050979614,0.5634080767631531,0.03024863451719284,0.5557312965393066,0.2923075556755066,-0.0021456575486809015,0.5728577971458435,0.2539021372795105,-0.00010700181155698374,0.5825291872024536,0.25461891293525696,0.004627215210348368,0.5921573042869568,0.2553671896457672,0.0012786000734195113,0.5454403758049011,0.2504189908504486,0.003886756720021367,0.5361589789390564,0.24878069758415222,-0.00027497016708366573,0.5270880460739136,0.24731816351413727,-0.003822065657004714,0.6060864329338074,0.27359282970428467,-0.004302900284528732,0.5149136781692505,0.26221609115600586,-0.002090472262352705,0.573080837726593,0.3404332399368286,-0.0005237667355686426,0.5377618074417114,0.3353996276855469,-0.0020295989234000444,0.6650698184967041,0.4957928955554962,-0.04799287021160126,0.4527784585952759,0.505993127822876,0.04810299724340439,0.7330607175827026,0.8267725706100464,-0.14643512666225433,0.40622663497924805,0.8292062878608704,0.17545141279697418,0.5903805494308472,0.5909714698791504,-0.4135545790195465,0.36268290877342224,0.8231977224349976,-0.1926703006029129,0.5475358963012695,0.5563572645187378,0.001311779604293406,0.33087414503097534,0.8363445997238159,-0.002968656364828348,0.5443682074546814,0.5052477121353149,0.003935933578759432,0.3323025703430176,0.8075345158576965,0.0004902111832052469,0.5522351861000061,0.5272520184516907,-0.0016274300869554281,0.3507368862628937,0.806397557258606,-0.003316761925816536,0.630789577960968,1.013331413269043,-0.04113174229860306,0.4767221510410309,1.0156363248825073,0.00795614905655384
1251.2444444444445,0.35444149374961853,0.8182545304298401,-4.770790837937966e-05,0.34523656964302063,0.7700476050376892,-0.04417721927165985,0.33025825023651123,0.7436650395393372,-0.0738179162144661,0.32316768169403076,0.7595126628875732,-0.09614032506942749,0.32385167479515076,0.7930088639259338,-0.1160857155919075,0.2887476980686188,0.7879005074501038,-0.07541020959615707,0.3076181411743164,0.7876120209693909,-0.12078966945409775,0.3325766324996948,0.787324070930481,-0.1340150386095047,0.34526577591896057,0.7885620594024658,-0.13277409970760345,0.2879864275455475,0.8236573338508606,-0.06438183039426804,0.31605446338653564,0.8202024698257446,-0.10612814873456955,0.34326067566871643,0.8097261190414429,-0.10591216385364532,0.35727909207344055,0.8021352291107178,-0.09763336926698685,0.29666009545326233,0.8504582643508911,-0.0571867972612381,0.32498130202293396,0.8440408706665039,-0.09575348347425461,0.347792387008667,0.8246811628341675,-0.08855416625738144,0.3581177294254303,0.8123905062675476,-0.07792720943689346,0.30998218059539795,0.8674545884132385,-0.05290284752845764,0.3288680911064148,0.8609198331832886,-0.07219313830137253,0.3451012670993805,0.8432930111885071,-0.06817734986543655,0.3518325388431549,0.8314488530158997,-0.0621090866625309,0.5818253755569458,0.5773329734802246,-1.6583720935159363e-05,0.5750007033348083,0.5311819314956665,0.010076955892145634,0.5537333488464355,0.5094988942146301,0.015554133802652359,0.5347720980644226,0.5076063871383667,0.022970978170633316,0.5241645574569702,0.509884238243103,0.028550971299409866,0.5345000624656677,0.5208213925361633,-0.010869704186916351,0.5084648728370667,0.5052359104156494,-0.001563384779728949,0.49552595615386963,0.4988025724887848,0.005838931538164616,0.48562371730804443,0.4950301945209503,0.010636554099619389,0.5284039974212646,0.5486013293266296,-0.007375233341008425,0.509933352470398,0.5321936011314392,0.015800539404153824,0.5075303316116333,0.5189182758331299,0.03545602038502693,0.5088452696800232,0.5118871927261353,0.04665850102901459,0.5288345813751221,0.5737234354019165,-0.0011884479317814112,0.5217750668525696,0.5564652681350708,0.0258870217949152,0.5283365845680237,0.5495233535766602,0.033515654504299164,0.53507399559021,0.549160897731781,0.03227544203400612,0.5317057371139526,0.5933697819709778,0.0054323202930390835,0.5274041891098022,0.5766113996505737,0.027382811531424522,0.5339936017990112,0.5709310173988342,0.03437178581953049,0.5394563674926758,0.570891261100769,0.03358941152691841,0.555337131023407,0.29162317514419556,-0.0021461346186697483,0.5723443627357483,0.25293412804603577,-0.0001120658271247521,0.5820491313934326,0.2537423074245453,0.004622836597263813,0.5917151570320129,0.25458475947380066,0.0012915421975776553,0.5448470115661621,0.24959786236286163,0.003872375935316086,0.5355343222618103,0.2481062412261963,-0.00026666157646104693,0.5264352560043335,0.24676433205604553,-0.0038187438622117043,0.6058573126792908,0.27307483553886414,-0.004302540794014931,0.5142841339111328,0.26187774538993835,-0.0020927030127495527,0.5728132128715515,0.3397670388221741,-0.0005230691749602556,0.5374249815940857,0.33512192964553833,-0.002027231501415372,0.6656531691551208,0.49592429399490356,-0.04799792170524597,0.4517152011394501,0.5059993267059326,0.04811074584722519,0.7335700392723083,0.8267251253128052,-0.14646635949611664,0.4020654261112213,0.824773371219635,0.1742093563079834,0.5874806046485901,0.593082845211029,-0.41337427496910095,0.35858678817749023,0.8222644925117493,-0.19415321946144104,0.5438207387924194,0.5588580369949341,0.0013050107518211007,0.32694894075393677,0.8358266353607178,-0.002970694564282894,0.5396413207054138,0.5070217251777649,0.003904555691406131,0.32902637124061584,0.8069889545440674,0.0004901013453491032,0.5478417277336121,0.5291154384613037,-0.0016233152709901333,0.3474550247192383,0.8057706952095032,-0.0033117900602519512,0.6306889057159424,1.012629508972168,-0.04021751880645752,0.47627708315849304,1.0152316093444824,0.00869306642562151
1292.9555555555557,0.3486490249633789,0.8163924217224121,-8.107344910968095e-06,0.3464510142803192,0.7772490382194519,-0.03129258751869202,0.3378258943557739,0.7553656697273254,-0.054755982011556625,0.33454325795173645,0.7660303115844727,-0.07284150272607803,0.33654922246932983,0.7885327935218811,-0.08856027573347092,0.3037453889846802,0.7869130373001099,-0.07380625605583191,0.3140358030796051,0.7968707084655762,-0.10784287750720978,0.3361539840698242,0.8023132681846619,-0.11803086847066879,0.3505699932575226,0.8011634349822998,-0.11941008269786835,0.30468204617500305,0.8203753232955933,-0.06950969249010086,0.3269380033016205,0.8353925347328186,-0.11046243458986282,0.35483819246292114,0.8343691229820251,-0.12022332847118378,0.3711986839771271,0.8273523449897766,-0.12044967710971832,0.31258994340896606,0.8489804267883301,-0.06450652331113815,0.3376411199569702,0.8561921119689941,-0.09839791804552078,0.36219388246536255,0.8490246534347534,-0.1044614389538765,0.37564218044281006,0.8383665680885315,-0.10284276306629181,0.32302236557006836,0.8713500499725342,-0.06155239790678024,0.3415133059024811,0.873691737651825,-0.0829581692814827,0.3586767315864563,0.865534245967865,-0.08667270094156265,0.36755305528640747,0.8548662066459656,-0.08469516038894653,0.581781804561615,0.5884124040603638,-1.2950749805895612e-05,0.5733150839805603,0.5432533025741577,0.010856310836970806,0.5520824790000916,0.5207713842391968,0.0158989354968071,0.5324336290359497,0.5187773704528809,0.02203923836350441,0.5213696360588074,0.5225512981414795,0.026340395212173462,0.5346618890762329,0.537127673625946,-0.010471471585333347,0.5065194964408875,0.5222771763801575,-0.0022680198308080435,0.4939797818660736,0.5141650438308716,0.004817471373826265,0.48541146516799927,0.5081623196601868,0.009136575274169445,0.5283674001693726,0.564986526966095,-0.00820242054760456,0.5148606300354004,0.5481181740760803,0.014966567978262901,0.5208173990249634,0.5382059812545776,0.028828375041484833,0.5286176204681396,0.5357174873352051,0.03186075761914253,0.5284266471862793,0.5881800055503845,-0.0032091112807393074,0.5219849944114685,0.5683643817901611,0.022321142256259918,0.527722179889679,0.5608021020889282,0.02818766050040722,0.5353068709373474,0.5610695481300354,0.023965252563357353,0.5308873057365417,0.6070685982704163,0.002418254967778921,0.5241043567657471,0.5911346673965454,0.02283291332423687,0.5289065837860107,0.5846952199935913,0.02957385592162609,0.534752368927002,0.5852512717247009,0.028438633307814598,0.5550637245178223,0.2914116680622101,-0.002155169378966093,0.5719473958015442,0.25274232029914856,-0.00010509553976589814,0.5816452503204346,0.2536059617996216,0.004618568811565638,0.5913019180297852,0.25451746582984924,0.001307062921114266,0.5444771647453308,0.24946217238903046,0.0038663079030811787,0.5351784229278564,0.24801258742809296,-0.00026358579634688795,0.5260926485061646,0.24671179056167603,-0.003803406609222293,0.6058762073516846,0.27270281314849854,-0.004302880261093378,0.5142703652381897,0.2618523836135864,-0.002098145429044962,0.5727465748786926,0.33957087993621826,-0.0005229429225437343,0.5374965071678162,0.3350161910057068,-0.0020219231955707073,0.6672457456588745,0.49633023142814636,-0.04780133068561554,0.4518260359764099,0.5059589147567749,0.04795246571302414,0.7320540547370911,0.8292165398597717,-0.13481800258159637,0.39456990361213684,0.8137958645820618,0.16948434710502625,0.5887218713760376,0.6016692519187927,-0.43208104372024536,0.35818591713905334,0.8213765621185303,-0.2304956167936325,0.5441684722900391,0.5688772201538086,0.0013028696412220597,0.3285437524318695,0.8376384973526001,-0.002973342314362526,0.5409534573554993,0.514116644859314,0.00390419433824718,0.3327917158603668,0.806102454662323,0.0004877768224105239,0.5493051409721375,0.5355059504508972,-0.0016207026783376932,0.3493165075778961,0.8050397634506226,-0.00329894688911736,0.6309465765953064,1.0125640630722046,-0.027480829507112503,0.4768114387989044,1.014837622642517,0.023700837045907974
1334.6666666666667,0.349065899848938,0.8065455555915833,-1.4651182027591858e-05,0.3494137227535248,0.8347817063331604,-0.018991103395819664,0.3479475677013397,0.8578692674636841,-0.041969336569309235,0.3464316725730896,0.8732606172561646,-0.05877195671200752,0.3496525287628174,0.8857487440109253,-0.0750928595662117,0.32437950372695923,0.8461582064628601,-0.07444910705089569,0.3385235667228699,0.8675921559333801,-0.10222073644399643,0.3575848639011383,0.8762680292129517,-0.11447817087173462,0.3733649253845215,0.8834051489830017,-0.11902423948049545,0.32460251450538635,0.8170585036277771,-0.0719776451587677,0.33937162160873413,0.8391169905662537,-0.09406432509422302,0.36094847321510315,0.8511888980865479,-0.09793764352798462,0.37461191415786743,0.8606749176979065,-0.09945445507764816,0.3315223753452301,0.7923368215560913,-0.06628207117319107,0.34753772616386414,0.8076819181442261,-0.08529333025217056,0.36765265464782715,0.827185869216919,-0.09046102315187454,0.3782370984554291,0.8421780467033386,-0.09380121529102325,0.34116020798683167,0.7724374532699585,-0.061250947415828705,0.35764700174331665,0.7769463062286377,-0.07265254110097885,0.37108588218688965,0.7959429621696472,-0.07462998479604721,0.38008180260658264,0.8133119344711304,-0.07714639604091644,0.5780431032180786,0.6159120798110962,6.017075065756217e-06,0.5713261961936951,0.5686177611351013,0.012550702318549156,0.5515101552009583,0.5421687364578247,0.018422283232212067,0.5332786440849304,0.539008617401123,0.024583373218774796,0.5225631594657898,0.5442236661911011,0.029681431129574776,0.5305088758468628,0.5497607588768005,-0.006432556547224522,0.503594696521759,0.5381070971488953,0.0041331639513373375,0.48930567502975464,0.5319555997848511,0.01002494990825653,0.4780047535896301,0.5286995768547058,0.010458150878548622,0.5232279300689697,0.5779170989990234,-0.006576377432793379,0.506223201751709,0.5714555978775024,0.015454900451004505,0.5124692916870117,0.566687285900116,0.02585788071155548,0.5191494822502136,0.5654513835906982,0.026813756674528122,0.5218968391418457,0.6054999828338623,-0.004200023133307695,0.5124784708023071,0.5950117111206055,0.021035555750131607,0.5201548933982849,0.5924612879753113,0.025875482708215714,0.5280473232269287,0.5949100852012634,0.019568588584661484,0.5229080319404602,0.6296845078468323,-0.0015816629165783525,0.5168331265449524,0.6150604486465454,0.018628157675266266,0.5230768322944641,0.6115915775299072,0.025111842900514603,0.528921902179718,0.6140663027763367,0.023168440908193588,0.5550228953361511,0.2912679612636566,-0.0021182564087212086,0.5719336271286011,0.2518059015274048,-0.00010541318624746054,0.5816203951835632,0.25234895944595337,0.004552690777927637,0.5912602543830872,0.25293052196502686,0.0013416619040071964,0.5443926453590393,0.24935731291770935,0.003858455689623952,0.5350967049598694,0.24796126782894135,-0.00025623838882893324,0.5260144472122192,0.24665197730064392,-0.0037493726704269648,0.6059597730636597,0.26979342103004456,-0.0043067773804068565,0.5142684578895569,0.26182982325553894,-0.0021086526103317738,0.5727595090866089,0.33906951546669006,-0.0004989808076061308,0.5376143455505371,0.3349592089653015,-0.0020316883455961943,0.6700472831726074,0.4993249773979187,-0.04225173965096474,0.4504706561565399,0.5059062838554382,0.04241775721311569,0.7335182428359985,0.8424152135848999,-0.10481084138154984,0.36569586396217346,0.8141953945159912,0.12249483913183212,0.5892381072044373,0.6202371716499329,-0.43015313148498535,0.3541013300418854,0.8161319494247437,-0.32276004552841187,0.5442175269126892,0.5879391431808472,0.0012451665243133903,0.3369652032852173,0.8378620147705078,-0.0029735793359577656,0.5415440201759338,0.528940737247467,0.0038992054760456085,0.35034921765327454,0.7955582737922668,0.000486522912979126,0.5495502948760986,0.550805389881134,-0.001604739110916853,0.36013540625572205,0.7921310067176819,-0.003319536102935672,0.6316275000572205,1.0153417587280273,0.02335934154689312,0.47427576780319214,1.01475989818573,0.08783780038356781
1376.3666666666668,0.3709496259689331,0.8341989517211914,-7.959193681017496e-06,0.3650480806827545,0.8633458018302917,0.015578674152493477,0.35652658343315125,0.8730446100234985,0.02310320921242237,0.34931355714797974,0.8740836381912231,0.031200774013996124,0.34610727429389954,0.8739085793495178,0.03510965406894684,0.3345165252685547,0.8505813479423523,0.013523784466087818,0.3383628726005554,0.8469086289405823,0.03413859009742737,0.3466086983680725,0.8476871252059937,0.038704004138708115,0.3541000187397003,0.8501912355422974,0.035796333104372025,0.33415424823760986,0.8242397904396057,0.01283959299325943,0.33781325817108154,0.8208885192871094,0.03876395523548126,0.3463618755340576,0.8240509033203125,0.04105210304260254,0.35315191745758057,0.8263561725616455,0.03581120818853378,0.33853745460510254,0.8026833534240723,0.017497260123491287,0.3413996398448944,0.7994980812072754,0.04144448786973953,0.3497152328491211,0.8058024048805237,0.04219279810786247,0.3557364344596863,0.81060391664505,0.036817509680986404,0.3454640209674835,0.7853212952613831,0.022525545209646225,0.3465093672275543,0.7801855206489563,0.03711463510990143,0.35379207134246826,0.7874119877815247,0.04365955665707588,0.3602217137813568,0.7935229539871216,0.04618284851312637,0.5761622786521912,0.6406795978546143,1.1041324796678964e-05,0.5648733973503113,0.5982879996299744,0.009196765720844269,0.5454797744750977,0.575295090675354,0.013515366241335869,0.5295388102531433,0.572364091873169,0.018624059855937958,0.5176236629486084,0.5782933235168457,0.024206150323152542,0.5290945768356323,0.5710688829421997,-0.007277495693415403,0.5006929636001587,0.5718189477920532,-0.0053072040900588036,0.48324599862098694,0.5744753479957581,-0.00400357972830534,0.47149163484573364,0.5763073563575745,-0.004641412291675806,0.5261802077293396,0.5957558155059814,-0.00918666087090969,0.4981701076030731,0.5983150601387024,-0.0050432197749614716,0.4877666234970093,0.6031369566917419,-0.0009631342836655676,0.48311084508895874,0.6054192185401917,0.0005047774175181985,0.5262359380722046,0.6233551502227783,-0.00914827361702919,0.5046788454055786,0.6293705701828003,-0.003437876468524337,0.5022794604301453,0.6351427435874939,0.0010231583146378398,0.505843460559845,0.6382759213447571,0.0008390403818339109,0.5279661417007446,0.6503831744194031,-0.008255863562226295,0.5142183899879456,0.6550741195678711,-0.003448013449087739,0.5140261054039001,0.6582705974578857,0.0005508302710950375,0.5176419019699097,0.6583847999572754,0.002002853201702237,0.5548971891403198,0.285326212644577,-0.0020489708986133337,0.5718210935592651,0.24617445468902588,-9.064943878911436e-05,0.5815070867538452,0.24675606191158295,0.004548773635178804,0.5911374688148499,0.24743162095546722,0.001362313749268651,0.5441548228263855,0.2446703314781189,0.00400136411190033,0.5348575711250305,0.24405449628829956,-0.0003668581193778664,0.5257708430290222,0.2434491068124771,-0.003721861634403467,0.6061208248138428,0.2667294144630432,-0.004388770088553429,0.5142272710800171,0.26072895526885986,-0.0022237328812479973,0.5727694630622864,0.33511462807655334,-0.0004853727587033063,0.5376116633415222,0.3324100375175476,-0.0021962602622807026,0.6733521223068237,0.5101620554924011,-0.03868096321821213,0.44845739006996155,0.5081217288970947,0.03870886191725731,0.7354726791381836,0.8622528314590454,-0.08500770479440689,0.3598986268043518,0.8151514530181885,0.1089891791343689,0.5890675187110901,0.6582866311073303,-0.41952550411224365,0.3586132228374481,0.8166968822479248,-0.3256795108318329,0.540367066860199,0.6417651176452637,0.001090741716325283,0.36285725235939026,0.8700990676879883,-0.0029740098398178816,0.5373911261558533,0.5776604413986206,0.003975881729274988,0.3891148567199707,0.818932294845581,0.00046921116882003844,0.5476999282836914,0.5976256728172302,-0.001586825936101377,0.3956069052219391,0.8079202175140381,-0.0035385105293244123,0.6336758136749268,1.0272574424743652,0.04541165009140968,0.47037968039512634,1.0195684432983398,0.11724865436553955
1418.0777777777778,,,,,,,,,,,,,,,,,,,,,,,,,,,,,,,,,,,,,,,,,,,,,,,,,,,,,,,,,,,,,,,,0.37397274374961853,0.8681491613388062,-6.311776360234944e-06,0.37694042921066284,0.8240721225738525,0.026377052068710327,0.3693512976169586,0.8025999665260315,0.04513706639409065,0.3602248728275299,0.7972229719161987,0.061651561409235,0.35536718368530273,0.7991176843643188,0.07387156784534454,0.3425823152065277,0.7954161763191223,0.04298543930053711,0.3501339554786682,0.7909687161445618,0.07556906342506409,0.35755932331085205,0.7986666560173035,0.08386041969060898,0.3612961173057556,0.8050927519798279,0.08133187890052795,0.3351708948612213,0.8167631030082703,0.03826085105538368,0.34321680665016174,0.8101744651794434,0.07095231860876083,0.350296288728714,0.8162341117858887,0.07278244942426682,0.35610431432724,0.820607602596283,0.0678752139210701,0.33368968963623047,0.8392625451087952,0.03769821673631668,0.34106332063674927,0.8351547718048096,0.06745446473360062,0.3488844335079193,0.8402617573738098,0.06237509101629257,0.35483604669570923,0.8444967865943909,0.052181802690029144,0.33559492230415344,0.8615652918815613,0.038414593786001205,0.3408057689666748,0.8588734269142151,0.05853453278541565,0.34836840629577637,0.8610969185829163,0.060099631547927856,0.3535950183868408,0.8632431030273438,0.057256169617176056,0.5544871091842651,0.2788955867290497,-0.0020004252437502146,0.5717306137084961,0.24160364270210266,-1.8531931345933117e-05,0.5814124941825867,0.24253372848033905,0.004547870717942715,0.59101802110672,0.24357722699642181,0.0013761785812675953,0.5441133975982666,0.2396925687789917,0.004115542862564325,0.5348384380340576,0.23931901156902313,-0.0006049701478332281,0.5257108807563782,0.23894323408603668,-0.003707396797835827,0.605299711227417,0.26572179794311523,-0.004502773284912109,0.51385897397995,0.2589038908481598,-0.002584909088909626,0.5725576877593994,0.33075642585754395,-0.00040738715324550867,0.5374327301979065,0.3278675675392151,-0.0023691467940807343,0.6718826293945312,0.5149619579315186,-0.03114224597811699,0.44494545459747314,0.5096084475517273,0.031059980392456055,0.735642671585083,0.8693649768829346,-0.06969500333070755,0.3592834770679474,0.8191497921943665,0.08342154324054718,0.5799723267555237,0.7093997597694397,-0.36941733956336975,0.3944915235042572,0.864330530166626,-0.28825101256370544,0.5250036120414734,0.7083882093429565,0.0009563689818605781,0.40942856669425964,0.9404369592666626,-0.0029863782692700624,0.5204742550849915,0.6437962055206299,0.004076998680830002,0.4364055395126343,0.8849233388900757,0.0003450398216955364,0.534014880657196,0.6570964455604553,-0.0015844907611608505,0.4379059374332428,0.8665825128555298,-0.003983207046985626,0.6328264474868774,1.033707618713379,0.0754450261592865,0.464019775390625,1.0222902297973633,0.14398503303527832
1459.788888888889,0.516568124294281,0.8193345665931702,-7.150093006202951e-05,0.5067425966262817,0.7678456902503967,-0.015375837683677673,0.4887939393520355,0.7402535080909729,-0.03214072808623314,0.471897691488266,0.7383322715759277,-0.0432380735874176,0.46249693632125854,0.7378303408622742,-0.05484544858336449,0.45179319381713867,0.7703534960746765,-0.06030089780688286,0.47081589698791504,0.7545929551124573,-0.08128005266189575,0.4939965307712555,0.7572349309921265,-0.0806317925453186,0.5085456371307373,0.7647916674613953,-0.07665622979402542,0.45144879817962646,0.8043711185455322,-0.061651553958654404,0.4757789671421051,0.784785270690918,-0.08100591599941254,0.5006968379020691,0.7844365239143372,-0.07384392619132996,0.5146660804748535,0.7897673845291138,-0.0710088461637497,0.45851606130599976,0.8342177271842957,-0.06217709928750992,0.4783705174922943,0.8133878707885742,-0.08127357810735703,0.5016937851905823,0.8093584179878235,-0.07406601309776306,0.514439582824707,0.8116569519042969,-0.06835591793060303,0.4701547622680664,0.8604363203048706,-0.06319251656532288,0.4814542233943939,0.8461529016494751,-0.07243925333023071,0.5002963542938232,0.8377915620803833,-0.06604377925395966,0.5118091106414795,0.8381575345993042,-0.06282322108745575,0.3672640025615692,0.8725769519805908,-7.662451025680639e-06,0.357257217168808,0.8659065961837769,0.028003664687275887,0.35244858264923096,0.8532885909080505,0.052825767546892166,0.35430601239204407,0.8439134359359741,0.07247299700975418,0.35535430908203125,0.835818350315094,0.08776450902223587,0.34381791949272156,0.8205044269561768,0.06891518086194992,0.34668630361557007,0.8231821060180664,0.09706754237413406,0.351546049118042,0.8296501040458679,0.10714134573936462,0.35313495993614197,0.8339340686798096,0.11271218955516815,0.3500036597251892,0.8188645243644714,0.06585930287837982,0.3534179627895355,0.8196369409561157,0.09858205914497375,0.3572360575199127,0.8262090086936951,0.10514900833368301,0.35891664028167725,0.8299762010574341,0.1113021969795227,0.35797837376594543,0.8242830038070679,0.06458739191293716,0.361587256193161,0.8260807991027832,0.09366381913423538,0.3645850121974945,0.8356229066848755,0.08956066519021988,0.3647496998310089,0.8419390320777893,0.08584194630384445,0.36622944474220276,0.8325318694114685,0.06524231284856796,0.36936062574386597,0.8367851376533508,0.08660805225372314,0.37142810225486755,0.8452751040458679,0.08963518589735031,0.3720530569553375,0.8509248495101929,0.09301211684942245,0.5545379519462585,0.27895885705947876,-0.0019916268065571785,0.5713832378387451,0.24089567363262177,-1.8366767108091153e-05,0.5811535716056824,0.24179582297801971,0.0046108178794384,0.5908532738685608,0.24282127618789673,0.0013536770129576325,0.5437976121902466,0.23900967836380005,0.004255074076354504,0.5344348549842834,0.2387242317199707,-0.0011416325578466058,0.5252387523651123,0.23844431340694427,-0.0037022982724010944,0.6060435771942139,0.2657710611820221,-0.004610286094248295,0.5134469270706177,0.2590031325817108,-0.0030991281382739544,0.5731512904167175,0.33078768849372864,-0.00030097775743342936,0.537112832069397,0.32791274785995483,-0.0028584240935742855,0.6739617586135864,0.5157356262207031,-0.012754219584167004,0.4415656626224518,0.509943962097168,0.012609658762812614,0.7343413829803467,0.8716252446174622,-0.02365557663142681,0.3538022041320801,0.8246245384216309,0.029726846143603325,0.568928062915802,0.7918350100517273,-0.22592800855636597,0.44021400809288025,0.9344143271446228,-0.2381940484046936,0.5157573223114014,0.8186745047569275,0.0008288819226436317,0.4603724479675293,1.0306987762451172,-0.0029821305070072412,0.5070024132728577,0.7513353228569031,0.00443723751232028,0.4954288899898529,0.9785146117210388,0.00027381512336432934,0.5223175883293152,0.7527016997337341,-0.0015651863068342209,0.4929575026035309,0.9518560171127319,-0.004322818014770746,0.6344346404075623,1.031004786491394,0.16879382729530334,0.4646407663822174,1.0250147581100464,0.20911996066570282
1501.5,0.35742440819740295,0.8772332072257996,-1.081779282685602e-05,0.367682546377182,0.8621681928634644,0.018695486709475517,0.3708679676055908,0.8470942974090576,0.03129938244819641,0.37091925740242004,0.8352811932563782,0.042313192039728165,0.36954379081726074,0.8293007612228394,0.05122296139597893,0.36367690563201904,0.8164874315261841,0.02974514290690422,0.36665377020835876,0.8172928094863892,0.05095147714018822,0.3671465218067169,0.8259751796722412,0.0593116469681263,0.36696162819862366,0.8315800428390503,0.06171755492687225,0.3563079535961151,0.8174575567245483,0.02677079662680626,0.3605819642543793,0.8204042315483093,0.04894739389419556,0.3617744445800781,0.8295164108276367,0.05180986598134041,0.3631516695022583,0.8357582688331604,0.04996370151638985,0.3508830666542053,0.8248935341835022,0.026492036879062653,0.35459715127944946,0.8267848491668701,0.046599991619586945,0.35622772574424744,0.8350985050201416,0.04503529518842697,0.3569623529911041,0.8417607545852661,0.04063836857676506,0.34664544463157654,0.8354775309562683,0.026817217469215393,0.3493710160255432,0.8353102803230286,0.041153136640787125,0.35163918137550354,0.8423646092414856,0.043665964156389236,0.3530929684638977,0.8486331105232239,0.0438089594244957,,,,,,,,,,,,,,,,,,,,,,,,,,,,,,,,,,,,,,,,,,,,,,,,,,,,,,,,,,,,,,,,0.5536028146743774,0.2784571945667267,-0.0019993360619992018,0.5701873898506165,0.2403961420059204,-1.878089642559644e-05,0.5799196362495422,0.24134187400341034,0.004762877710163593,0.5895730257034302,0.2424158900976181,0.001336921937763691,0.5429747104644775,0.23834329843521118,0.00440659886226058,0.5336704850196838,0.23805251717567444,-0.0015583300264552236,0.524535596370697,0.23777659237384796,-0.003700518049299717,0.6053932309150696,0.265733927488327,-0.00466878479346633,0.5131849646568298,0.2587198317050934,-0.0035950832534581423,0.5723910927772522,0.3304326832294464,-0.00021280141663737595,0.5361946225166321,0.32758158445358276,-0.0034724727738648653,0.6744871735572815,0.5152539610862732,-0.017979146912693977,0.4413001239299774,0.5110138654708862,0.017868556082248688,0.729397177696228,0.874294638633728,-0.012064509093761444,0.3604721426963806,0.8415117263793945,0.028747806325554848,0.5603259801864624,0.8713041543960571,-0.22738856077194214,0.4520421326160431,0.9638333916664124,-0.23542869091033936,0.5108219385147095,0.9245266318321228,0.0007189790485426784,0.4673849046230316,1.0518420934677124,-0.0029713953845202923,0.49389728903770447,0.858701229095459,0.004717324860394001,0.5008336305618286,1.00717031955719,0.00020635232795029879,0.5102571249008179,0.8490327596664429,-0.001571565866470337,0.5002011060714722,0.9813381433486938,-0.0043963054195046425,0.6329104900360107,1.0304538011550903,0.13503746688365936,0.46702420711517334,1.0269535779953003,0.1769861876964569
1543.2,,,,,,,,,,,,,,,,,,,,,,,,,,,,,,,,,,,,,,,,,,,,,,,,,,,,,,,,,,,,,,,,,,,,,,,,,,,,,,,,,,,,,,,,,,,,,,,,,,,,,,,,,,,,,,,,,,,,,,,,,,,,,,,0.5527470707893372,0.27572131156921387,-0.002000521868467331,0.5693085193634033,0.2379540354013443,-6.086282155592926e-05,0.5791162252426147,0.23893806338310242,0.005163536407053471,0.5888595581054688,0.2400638610124588,0.0011176025727763772,0.5422742962837219,0.23582054674625397,0.00441357959061861,0.5329105854034424,0.2354596108198166,-0.0017795080784708261,0.5237290859222412,0.23511788249015808,-0.0036755185574293137,0.6048893332481384,0.2656324803829193,-0.004683983977884054,0.5126925706863403,0.2585645616054535,-0.004012917168438435,0.5719264149665833,0.328158974647522,-9.141775080934167e-05,0.5353318452835083,0.3250831663608551,-0.004278179723769426,0.6745210886001587,0.5173236727714539,-0.01964517869055271,0.4409727156162262,0.5110456347465515,0.019698821008205414,0.7258276343345642,0.871246337890625,-0.00413097906857729,0.36562618613243103,0.8367907404899597,0.026559436693787575,0.5433683395385742,0.9428485035896301,-0.15596871078014374,0.4727307856082916,0.9922048449516296,-0.17031057178974152,0.49758464097976685,1.000289797782898,0.0006575363804586232,0.4884028434753418,1.0726722478866577,-0.0028197690844535828,0.4804297983646393,0.9432112574577332,0.004867950454354286,0.5184504389762878,1.0347312688827515,0.00018067602650262415,0.4957330822944641,0.9279149174690247,-0.0016053167637437582,0.5171308517456055,1.0086030960083008,-0.004369931761175394,0.631287157535553,1.033130407333374,0.2136976718902588,0.46752139925956726,1.0260494947433472,0.24504926800727844
1584.9111111111113,,,,,,,,,,,,,,,,,,,,,,,,,,,,,,,,,,,,,,,,,,,,,,,,,,,,,,,,,,,,,,,,,,,,,,,,,,,,,,,,,,,,,,,,,,,,,,,,,,,,,,,,,,,,,,,,,,,,,,,,,,,,,,,0.5506285429000854,0.27531588077545166,-0.0020000368822366,0.5677205324172974,0.23734663426876068,-0.00014479014498647302,0.5779109001159668,0.23844577372074127,0.0059593054465949535,0.588009238243103,0.23966334760189056,0.0008027279400266707,0.5409248471260071,0.23485274612903595,0.004410164896398783,0.5312992334365845,0.23417970538139343,-0.0017765727825462818,0.5218445062637329,0.2335359901189804,-0.003590822219848633,0.6042291522026062,0.2666160464286804,-0.004703158978372812,0.5113003253936768,0.2587336003780365,-0.004435896873474121,0.5706559419631958,0.3280569016933441,8.98251892067492e-05,0.5320141315460205,0.32425233721733093,-0.005295999813824892,0.6749939918518066,0.5220291018486023,-0.024183733388781548,0.4377513527870178,0.5117511749267578,0.02423657290637493,0.7117988467216492,0.8867849707603455,-0.025044813752174377,0.37327197194099426,0.8408005237579346,0.026838617399334908,0.5233233571052551,1.0217947959899902,-0.1255137175321579,0.47904953360557556,1.0410614013671875,-0.1311139613389969,0.480609655380249,1.0936833620071411,0.0005804865504615009,0.49154770374298096,1.124749779701233,-0.002294540638104081,0.45801612734794617,1.0471211671829224,0.005063829943537712,0.5224524736404419,1.099437952041626,0.00017765010125003755,0.47243061661720276,1.0291023254394531,-0.0017388061387464404,0.5215423703193665,1.074072241783142,-0.004311716184020042,0.6161828637123108,1.0349206924438477,0.3103465735912323,0.4663737118244171,1.0259804725646973,0.33443278074264526
1626.6222222222223,,,,,,,,,,,,,,,,,,,,,,,,,,,,,,,,,,,,,,,,,,,,,,,,,,,,,,,,,,,,,,,,,,,,,,,,,,,,,,,,,,,,,,,,,,,,,,,,,,,,,,,,,,,,,,,,,,,,,,,,,,,,,,,0.5501335859298706,0.27480754256248474,-0.001965537667274475,0.5671846270561218,0.23647205531597137,-0.00033821709803305566,0.577562153339386,0.23754572868347168,0.00661581102758646,0.5878138542175293,0.2387314736843109,0.0006048623472452164,0.5401440262794495,0.23399849236011505,0.0044129169546067715,0.5302631258964539,0.2332562655210495,-0.001759556238539517,0.5205389261245728,0.23256021738052368,-0.003587620332837105,0.6038298010826111,0.26649993658065796,-0.004704855382442474,0.5097734928131104,0.25869086384773254,-0.004679860547184944,0.5704670548439026,0.3278326988220215,0.00028398531139828265,0.5310160517692566,0.3239988684654236,-0.005805427208542824,0.6749922633171082,0.5258642435073853,-0.021896114572882652,0.436370849609375,0.5147679448127747,0.021982328966259956,0.708310067653656,0.8827622532844543,0.006901332642883062,0.38587117195129395,0.8417084813117981,0.04655592888593674,0.5527461171150208,1.0424163341522217,-0.12056243419647217,0.4649165868759155,1.0461459159851074,-0.12215110659599304,0.48964399099349976,1.121353268623352,0.0005697844899259508,0.4696997106075287,1.1321784257888794,-0.0017757604364305735,0.49529579281806946,1.0850180387496948,0.005236287601292133,0.5015386343002319,1.1128205060958862,0.00016446149675175548,0.5054554343223572,1.0619750022888184,-0.0019697099924087524,0.5043277740478516,1.0850403308868408,-0.0040065208449959755,0.6183980107307434,1.0370615720748901,0.26279962062835693,0.4690317213535309,1.0285841226577759,0.27896612882614136
1668.3333333333335,,,,,,,,,,,,,,,,,,,,,,,,,,,,,,,,,,,,,,,,,,,,,,,,,,,,,,,,,,,,,,,,,,,,,,,,,,,,,,,,,,,,,,,,,,,,,,,,,,,,,,,,,,,,,,,,,,,,,,,,,,,,,,,0.5483207106590271,0.27442359924316406,-0.0018426384776830673,0.5656450986862183,0.23596377670764923,-0.0004495489993132651,0.5762895941734314,0.23701083660125732,0.006986782420426607,0.586848258972168,0.2381676584482193,0.0005798533093184233,0.5385563969612122,0.2335992306470871,0.004423866514116526,0.528598964214325,0.2328423112630844,-0.0017240429297089577,0.5188367366790771,0.23214130103588104,-0.003584866411983967,0.6032027006149292,0.26648712158203125,-0.004716412164270878,0.5091530680656433,0.2584052085876465,-0.004813350271433592,0.5697028636932373,0.32778653502464294,0.0004344461194705218,0.5294550061225891,0.3239690661430359,-0.006127232685685158,0.6744284629821777,0.5293188691139221,-0.020637664943933487,0.43563559651374817,0.5186135172843933,0.02071191743016243,0.7125906348228455,0.8762338161468506,0.01534679438918829,0.3893749415874481,0.8424776792526245,0.05365289747714996,0.5888680815696716,1.0462987422943115,-0.1418495774269104,0.4647628962993622,1.041703701019287,-0.13508252799510956,0.5673962235450745,1.1244666576385498,0.0005825103144161403,0.4718016982078552,1.12336266040802,-0.0014357424806803465,0.5428617000579834,1.0925695896148682,0.005375846289098263,0.5004246234893799,1.1007972955703735,0.00014954456128180027,0.5447157621383667,1.066734790802002,-0.002097236691042781,0.5028888583183289,1.074113130569458,-0.003822627943009138,0.6167511343955994,1.041640043258667,0.2542957067489624,0.4700601100921631,1.034496545791626,0.27250540256500244
1710.0333333333335,,,,,,,,,,,,,,,,,,,,,,,,,,,,,,,,,,,,,,,,,,,,,,,,,,,,,,,,,,,,,,,,,,,,,,,,,,,,,,,,,,,,,,,,,,,,,,,,,,,,,,,,,,,,,,,,,,,,,,,,,,,,,,,0.5490042567253113,0.2732734978199005,-0.0016619861125946045,0.566072404384613,0.23480336368083954,-0.0005109354387968779,0.5765914916992188,0.23590190708637238,0.007354589644819498,0.5870253443717957,0.23710840940475464,0.0005333536537364125,0.538862407207489,0.2323143482208252,0.0044372971169650555,0.528951108455658,0.23149828612804413,-0.001577744260430336,0.5192298889160156,0.23073536157608032,-0.003570298897102475,0.6028975248336792,0.2662698030471802,-0.004725866485387087,0.5090646743774414,0.2576466202735901,-0.004882119130343199,0.5697801113128662,0.3266540765762329,0.0005708049284294248,0.5300433039665222,0.3228449523448944,-0.006282090209424496,0.6735512018203735,0.5295861959457397,-0.02039249986410141,0.43456873297691345,0.5213092565536499,0.02068598009645939,0.7116092443466187,0.8695178031921387,0.04141576960682869,0.3934919238090515,0.851910412311554,0.04577822983264923,0.610723614692688,1.0621010065078735,-0.12172546982765198,0.4705393612384796,1.060275673866272,-0.12767869234085083,0.5959609150886536,1.1441339254379272,0.0005917886737734079,0.4765439033508301,1.14309823513031,-0.0011155217653140426,0.5693008899688721,1.1154606342315674,0.005385960917919874,0.5040422081947327,1.1232020854949951,0.0001448746770620346,0.5691478252410889,1.0865271091461182,-0.002258606720715761,0.5073097944259644,1.094079852104187,-0.0036195211578160524,0.6177462935447693,1.043203353881836,0.267574667930603,0.47022196650505066,1.0380972623825073,0.27222955226898193
1751.7444444444445,0.4359339773654938,0.9816786050796509,-2.0390842109918594e-05,0.416421502828598,0.9434095621109009,0.026737429201602936,0.40047726035118103,0.9173371195793152,0.0488245002925396,0.39429351687431335,0.9019387364387512,0.06661796569824219,0.39145252108573914,0.8947811722755432,0.08238280564546585,0.3786378502845764,0.8948051333427429,0.05731029808521271,0.3823084533214569,0.8813128471374512,0.08573166280984879,0.3893803656101227,0.881797730922699,0.09237758070230484,0.3948327600955963,0.8870975375175476,0.09301169961690903,0.38717374205589294,0.8979322910308838,0.05400063097476959,0.3896618187427521,0.8801337480545044,0.08970768749713898,0.39622795581817627,0.8822231292724609,0.09651444852352142,0.40206801891326904,0.8880681395530701,0.0972505435347557,0.39832350611686707,0.9040308594703674,0.053423453122377396,0.4036998152732849,0.8916877508163452,0.08452820777893066,0.41029277443885803,0.8992671966552734,0.08184508979320526,0.4144386351108551,0.9090128540992737,0.07602393627166748,0.4099631607532501,0.9102903604507446,0.054306600242853165,0.4140807092189789,0.9037871360778809,0.07704008370637894,0.4191877245903015,0.9109764695167542,0.08025550842285156,0.42314308881759644,0.9197653532028198,0.07960142940282822,,,,,,,,,,,,,,,,,,,,,,,,,,,,,,,,,,,,,,,,,,,,,,,,,,,,,,,,,,,,,,,,0.5495702624320984,0.27183932065963745,-0.0014430215815082192,0.5664643049240112,0.23366835713386536,-0.0005487303133122623,0.5768418312072754,0.23483747243881226,0.007649973966181278,0.5871289968490601,0.23611241579055786,0.000508051598444581,0.5392576456069946,0.23104144632816315,0.004437772091478109,0.529425859451294,0.23018118739128113,-0.0014066379517316818,0.5197864174842834,0.22937420010566711,-0.003540373407304287,0.6022745370864868,0.2658470571041107,-0.004731915891170502,0.5092016458511353,0.25670352578163147,-0.0049752844497561455,0.5697426795959473,0.3251788914203644,0.000710635504219681,0.5304495692253113,0.3213271200656891,-0.0063464101403951645,0.6725628972053528,0.5305936932563782,-0.011350417509675026,0.43342018127441406,0.5239591002464294,0.011534108780324459,0.7096474170684814,0.865864098072052,0.051830489188432693,0.3973483443260193,0.8538643717765808,0.04266487434506416,0.6202118396759033,1.0662580728530884,-0.1272573620080948,0.4706895053386688,1.0669246912002563,-0.13848745822906494,0.60749351978302,1.1481282711029053,0.0006334518548101187,0.4764454662799835,1.1498960256576538,-0.0008771466091275215,0.5818785429000854,1.1227798461914062,0.0053924513049423695,0.5040697455406189,1.1325509548187256,0.0001438820327166468,0.5809277892112732,1.0935370922088623,-0.002357219811528921,0.5072816014289856,1.10303795337677,-0.003452805569395423,0.6199331283569336,1.0448856353759766,0.25616776943206787,0.470672607421875,1.0427788496017456,0.2564738988876343
1793.4555555555555,0.43062689900398254,0.9862788915634155,-2.5085317247430794e-05,0.40520620346069336,0.9608013033866882,0.025925451889634132,0.39339858293533325,0.9316399097442627,0.04710669070482254,0.39390140771865845,0.9123439192771912,0.06606347858905792,0.3980240225791931,0.9053829908370972,0.08153093606233597,0.38115426898002625,0.8884418606758118,0.03554464504122734,0.3849624991416931,0.8872770667076111,0.0696249008178711,0.3907831907272339,0.8973104357719421,0.08183366805315018,0.39423951506614685,0.9069966673851013,0.08309972286224365,0.3939780592918396,0.884122371673584,0.03436098247766495,0.3953622877597809,0.8830748796463013,0.07488983124494553,0.3985871374607086,0.8933747410774231,0.08501797169446945,0.40235960483551025,0.9049308896064758,0.08466136455535889,0.4081405997276306,0.8874926567077637,0.03722747415304184,0.40947243571281433,0.8906593322753906,0.07268873602151871,0.4106244742870331,0.9026923775672913,0.07032176107168198,0.4125155806541443,0.9137115478515625,0.06117294356226921,0.4217543303966522,0.8945556879043579,0.04204470291733742,0.4185461401939392,0.8988915085792542,0.06536110490560532,0.41911038756370544,0.9115865230560303,0.06658679991960526,0.4211737811565399,0.9218369722366333,0.06301025301218033,,,,,,,,,,,,,,,,,,,,,,,,,,,,,,,,,,,,,,,,,,,,,,,,,,,,,,,,,,,,,,,,0.5493563413619995,0.2712518274784088,-0.0012756988871842623,0.5662122368812561,0.23340344429016113,-0.0005542968865483999,0.5764129757881165,0.23460544645786285,0.007802991662174463,0.586510419845581,0.23590898513793945,0.0005065221339464188,0.5391161441802979,0.2307209074497223,0.0044948142021894455,0.5294315218925476,0.22985486686229706,-0.0012592085404321551,0.5199418067932129,0.22904306650161743,-0.003539036028087139,0.6012076735496521,0.26560601592063904,-0.0047477674670517445,0.5092455744743347,0.25597769021987915,-0.0050519173964858055,0.5689657926559448,0.32456761598587036,0.0008398185600526631,0.5303367376327515,0.32067763805389404,-0.0063775633461773396,0.6724019646644592,0.5321112871170044,-0.012296464294195175,0.4324410557746887,0.5245272517204285,0.012409785762429237,0.7086814641952515,0.8679123520851135,0.04676367715001106,0.39589542150497437,0.8533569574356079,0.04849692061543465,0.6158961057662964,1.065351963043213,-0.13060887157917023,0.4635610282421112,1.0576235055923462,-0.13739676773548126,0.6014730930328369,1.146668553352356,0.0006607996765524149,0.46533504128456116,1.141576886177063,-0.0008109451155178249,0.5755678415298462,1.1192032098770142,0.005393760744482279,0.4946264922618866,1.1260972023010254,0.00011161346628796309,0.5759560465812683,1.090591549873352,-0.002384711056947708,0.4990833103656769,1.096306562423706,-0.0033894507214426994,0.6182914972305298,1.0480926036834717,0.23691044747829437,0.4675883650779724,1.0453509092330933,0.23744092881679535
1835.1666666666667,0.42948049306869507,0.9796593189239502,-1.3058685908617917e-05,0.4031926393508911,0.9597331285476685,0.030637726187705994,0.39207544922828674,0.9330148696899414,0.04804251715540886,0.39145636558532715,0.9118989109992981,0.06125009432435036,0.3951086401939392,0.9017981290817261,0.07192321866750717,0.3801192343235016,0.899056077003479,0.03122754581272602,0.38468536734580994,0.8795149326324463,0.0598222091794014,0.39060142636299133,0.8858345150947571,0.07439969480037689,0.393397718667984,0.8969328999519348,0.0796058401465416,0.39177873730659485,0.8883309364318848,0.024636797606945038,0.3964691460132599,0.8739954829216003,0.05832315981388092,0.4016109108924866,0.8830971717834473,0.07052408158779144,0.403482586145401,0.8966683745384216,0.0715738832950592,0.40586820244789124,0.8863517642021179,0.022084055468440056,0.40983498096466064,0.8786188364028931,0.051770031452178955,0.4132857918739319,0.8904481530189514,0.05674976110458374,0.41469988226890564,0.9025712609291077,0.05306548997759819,0.4192085862159729,0.8881430625915527,0.021725786849856377,0.4194827973842621,0.8837001323699951,0.0431290827691555,0.4206405580043793,0.8958927392959595,0.047862473875284195,0.4213949143886566,0.9065408706665039,0.04713868722319603,,,,,,,,,,,,,,,,,,,,,,,,,,,,,,,,,,,,,,,,,,,,,,,,,,,,,,,,,,,,,,,,0.5493842363357544,0.2708777189254761,-0.0011331394780427217,0.5663200616836548,0.23315086960792542,-0.0005585185717791319,0.5764575600624084,0.23436886072158813,0.007887160405516624,0.586499810218811,0.23568713665008545,0.0004903709050267935,0.5392696261405945,0.23041406273841858,0.004580245353281498,0.5296507477760315,0.2295246571302414,-0.0011156793916597962,0.5202344059944153,0.22868862748146057,-0.003505710046738386,0.6011838912963867,0.26482969522476196,-0.004754361696541309,0.5095509886741638,0.25481322407722473,-0.005119225010275841,0.5688583254814148,0.323902428150177,0.0009370337356813252,0.5304566025733948,0.32002779841423035,-0.006366094574332237,0.6723673939704895,0.5309779047966003,-0.013005855493247509,0.4324458837509155,0.5240068435668945,0.013067700900137424,0.7086806893348694,0.864474892616272,0.048709578812122345,0.39875438809394836,0.8562483787536621,0.04716776683926582,0.6243095993995667,1.0718518495559692,-0.12372846156358719,0.45579248666763306,1.0716710090637207,-0.12643380463123322,0.6150144934654236,1.1540520191192627,0.0007446989766322076,0.45395761728286743,1.1546891927719116,-0.0008012688485905528,0.5881676077842712,1.1319369077682495,0.005399404093623161,0.48165708780288696,1.1447163820266724,3.7580284697469324e-05,0.5863240957260132,1.1020015478134155,-0.00239745806902647,0.4878511130809784,1.1137853860855103,-0.0033418238162994385,0.6200219988822937,1.0474835634231567,0.21567223966121674,0.46900010108947754,1.0460141897201538,0.22688402235507965
1876.8666666666668,0.426067978143692,0.9775580167770386,-7.74277032178361e-06,0.399983674287796,0.9578496217727661,0.029821762815117836,0.3892405033111572,0.9300179481506348,0.04773487150669098,0.39002856612205505,0.9079143404960632,0.06223871558904648,0.3946310877799988,0.898741602897644,0.07298130542039871,0.3794427514076233,0.891070544719696,0.029887229204177856,0.3847454786300659,0.8791803121566772,0.060068003833293915,0.3895373046398163,0.8888695240020752,0.07284057885408401,0.39156708121299744,0.9013246297836304,0.07647112011909485,0.39164817333221436,0.881379246711731,0.02445855736732483,0.39618945121765137,0.8767670392990112,0.060814861208200455,0.3999371826648712,0.887648344039917,0.0711747407913208,0.40168219804763794,0.9014335870742798,0.07019785046577454,0.4057953357696533,0.8817436099052429,0.023924652487039566,0.40924346446990967,0.8821826577186584,0.056465212255716324,0.41131341457366943,0.8942888379096985,0.059105776250362396,0.41260266304016113,0.9062155485153198,0.05272156372666359,0.4190255105495453,0.8867418169975281,0.025174524635076523,0.4182283878326416,0.8872459530830383,0.047967880964279175,0.4187154173851013,0.8995715379714966,0.05213126540184021,0.4198133051395416,0.9102385640144348,0.050509825348854065,,,,,,,,,,,,,,,,,,,,,,,,,,,,,,,,,,,,,,,,,,,,,,,,,,,,,,,,,,,,,,,,0.5491149425506592,0.26962557435035706,-0.0010481964563950896,0.5661487579345703,0.2324022650718689,-0.0005774127785116434,0.5762508511543274,0.23365482687950134,0.007942519150674343,0.5862535834312439,0.23500727117061615,0.00047961046220734715,0.5391244292259216,0.22965583205223083,0.004602784290909767,0.5295434594154358,0.22877594828605652,-0.0010085750836879015,0.5201613903045654,0.22795088589191437,-0.00350312702357769,0.6009908318519592,0.26415228843688965,-0.004755991976708174,0.5095548033714294,0.2538667917251587,-0.005193760618567467,0.568537175655365,0.3224615454673767,0.0010170845780521631,0.5302984118461609,0.31860488653182983,-0.006375633180141449,0.671992301940918,0.5310511589050293,-0.013985887169837952,0.4326065480709076,0.5242107510566711,0.014042740687727928,0.7040541172027588,0.8668884038925171,0.046353522688150406,0.40005236864089966,0.8568240404129028,0.049507495015859604,0.6208656430244446,1.0822374820709229,-0.12327653914690018,0.4545208215713501,1.074267029762268,-0.12613674998283386,0.6109063029289246,1.1657946109771729,0.0007814481505192816,0.45298445224761963,1.156625747680664,-0.0007947160047478974,0.5840585231781006,1.1448731422424316,0.005415823310613632,0.47983303666114807,1.1467176675796509,-1.1539224942680448e-05,0.582512378692627,1.113813877105713,-0.002406519604846835,0.48588472604751587,1.1162323951721191,-0.0033368351869285107,0.6189433336257935,1.0501917600631714,0.2095813751220703,0.4684523046016693,1.049163818359375,0.22312317788600922
