timestamps,lefthand_0_x,lefthand_0_y,lefthand_0_z,lefthand_1_x,lefthand_1_y,lefthand_1_z,lefthand_2_x,lefthand_2_y,lefthand_2_z,lefthand_3_x,lefthand_3_y,lefthand_3_z,lefthand_4_x,lefthand_4_y,lefthand_4_z,lefthand_5_x,lefthand_5_y,lefthand_5_z,lefthand_6_x,lefthand_6_y,lefthand_6_z,lefthand_7_x,lefthand_7_y,lefthand_7_z,lefthand_8_x,lefthand_8_y,lefthand_8_z,lefthand_9_x,lefthand_9_y,lefthand_9_z,lefthand_10_x,lefthand_10_y,lefthand_10_z,lefthand_11_x,lefthand_11_y,lefthand_11_z,lefthand_12_x,lefthand_12_y,lefthand_12_z,lefthand_13_x,lefthand_13_y,lefthand_13_z,lefthand_14_x,lefthand_14_y,lefthand_14_z,lefthand_15_x,lefthand_15_y,lefthand_15_z,lefthand_16_x,lefthand_16_y,lefthand_16_z,lefthand_17_x,lefthand_17_y,lefthand_17_z,lefthand_18_x,lefthand_18_y,lefthand_18_z,lefthand_19_x,lefthand_19_y,lefthand_19_z,lefthand_20_x,lefthand_20_y,lefthand_20_z,righthand_0_x,righthand_0_y,righthand_0_z,righthand_1_x,righthand_1_y,righthand_1_z,righthand_2_x,righthand_2_y,righthand_2_z,righthand_3_x,righthand_3_y,righthand_3_z,righthand_4_x,righthand_4_y,righthand_4_z,righthand_5_x,righthand_5_y,righthand_5_z,righthand_6_x,righthand_6_y,righthand_6_z,righthand_7_x,righthand_7_y,righthand_7_z,righthand_8_x,righthand_8_y,righthand_8_z,righthand_9_x,righthand_9_y,righthand_9_z,righthand_10_x,righthand_10_y,righthand_10_z,righthand_11_x,righthand_11_y,righthand_11_z,righthand_12_x,righthand_12_y,righthand_12_z,righthand_13_x,righthand_13_y,righthand_13_z,righthand_14_x,righthand_14_y,righthand_14_z,righthand_15_x,righthand_15_y,righthand_15_z,righthand_16_x,righthand_16_y,righthand_16_z,righthand_17_x,righthand_17_y,righthand_17_z,righthand_18_x,righthand_18_y,righthand_18_z,righthand_19_x,righthand_19_y,righthand_19_z,righthand_20_x,righthand_20_y,righthand_20_z,pose_0_x,pose_0_y,pose_0_z,pose_1_x,pose_1_y,pose_1_z,pose_2_x,pose_2_y,pose_2_z,pose_3_x,pose_3_y,pose_3_z,pose_4_x,pose_4_y,pose_4_z,pose_5_x,pose_5_y,pose_5_z,pose_6_x,pose_6_y,pose_6_z,pose_7_x,pose_7_y,pose_7_z,pose_8_x,pose_8_y,pose_8_z,pose_9_x,pose_9_y,pose_9_z,pose_10_x,pose_10_y,pose_10_z,pose_11_x,pose_11_y,pose_11_z,pose_12_x,pose_12_y,pose_12_z,pose_13_x,pose_13_y,pose_13_z,pose_14_x,pose_14_y,pose_14_z,pose_15_x,pose_15_y,pose_15_z,pose_16_x,pose_16_y,pose_16_z,pose_17_x,pose_17_y,pose_17_z,pose_18_x,pose_18_y,pose_18_z,pose_19_x,pose_19_y,pose_19_z,pose_20_x,pose_20_y,pose_20_z,pose_21_x,pose_21_y,pose_21_z,pose_22_x,pose_22_y,pose_22_z,pose_23_x,pose_23_y,pose_23_z,pose_24_x,pose_24_y,pose_24_z
0.0,,,,,,,,,,,,,,,,,,,,,,,,,,,,,,,,,,,,,,,,,,,,,,,,,,,,,,,,,,,,,,,,,,,,,,,,,,,,,,,,,,,,,,,,,,,,,,,,,,,,,,,,,,,,,,,,,,,,,,,,,,,,,,,0.5167059898376465,0.29076632857322693,-0.0009623211808502674,0.5341441631317139,0.2502851188182831,-0.0010732605587691069,0.5452736020088196,0.2518003284931183,0.008021313697099686,0.556327760219574,0.2534206211566925,0.0005171080701984465,0.5027912259101868,0.24671004712581635,0.004712048452347517,0.49150949716567993,0.24561478197574615,-0.000215886568184942,0.48040249943733215,0.24459688365459442,-0.0033461854327470064,0.5691163539886475,0.2825574576854706,-0.005708896089345217,0.46352618932724,0.2703416049480438,-0.005760268773883581,0.536299467086792,0.3461652100086212,0.002939920872449875,0.4931645393371582,0.34130099415779114,-0.006045253947377205,0.6330655217170715,0.5458038449287415,-0.010689841583371162,0.3813534379005432,0.5341637134552002,0.010802814736962318,0.6618103981018066,0.8717790842056274,0.0751132071018219,0.326997846364975,0.879012405872345,0.0794152319431305,0.6092106103897095,1.117538332939148,-0.13456246256828308,0.3428860604763031,1.094325065612793,-0.10605061799287796,0.6507928967475891,1.2000433206558228,0.0006275655468925834,0.32519015669822693,1.1775667667388916,-0.0008122316794469953,0.6306372880935669,1.2040590047836304,0.005254225339740515,0.3540878891944885,1.1481821537017822,-0.001008602324873209,0.6149458289146423,1.1741677522659302,-0.002165471902117133,0.3680143356323242,1.1178405284881592,-0.0033848292659968138,0.5713351964950562,1.0987553596496582,0.25435155630111694,0.40730732679367065,1.0893745422363281,0.28036102652549744
16.666666666666668,,,,,,,,,,,,,,,,,,,,,,,,,,,,,,,,,,,,,,,,,,,,,,,,,,,,,,,,,,,,,,,,,,,,,,,,,,,,,,,,,,,,,,,,,,,,,,,,,,,,,,,,,,,,,,,,,,,,,,,,,,,,,,,0.5183135271072388,0.2975301444530487,-0.0007992215105332434,0.5360124111175537,0.2552611827850342,-0.0013717666734009981,0.5472970008850098,0.25688132643699646,0.008073854260146618,0.5584815144538879,0.25860705971717834,0.00047119008377194405,0.5038056969642639,0.2510947287082672,0.004647752735763788,0.49221062660217285,0.24972285330295563,-6.364587898133323e-05,0.48079216480255127,0.24845069646835327,-0.003290189430117607,0.5711095929145813,0.286190003156662,-0.005724562797695398,0.46276140213012695,0.2727333605289459,-0.005783595144748688,0.537643313407898,0.3531114459037781,0.003683208953589201,0.4939776659011841,0.3473009765148163,-0.006076047196984291,0.6325777769088745,0.5549209117889404,-0.0058859181590378284,0.37700381875038147,0.5418294072151184,0.006049307528883219,0.6623899340629578,0.9101184010505676,0.08288655430078506,0.3154414892196655,0.8799524903297424,0.076523557305336,0.6295651793479919,1.1254907846450806,-0.1044970452785492,0.33129778504371643,1.1192245483398438,-0.08723277598619461,0.6712744235992432,1.2098602056503296,0.0007287061889655888,0.3145158886909485,1.2046196460723877,-0.00020650957594625652,0.651329755783081,1.2440719604492188,0.005265622865408659,0.3446548581123352,1.196338415145874,-0.001099857036024332,0.6331728100776672,1.2158492803573608,-0.0022685762960463762,0.3580559194087982,1.1646935939788818,-0.0033847319427877665,0.5655268430709839,1.1117464303970337,0.2424902319908142,0.40024498105049133,1.0936286449432373,0.27159959077835083
33.333333333333336,,,,,,,,,,,,,,,,,,,,,,,,,,,,,,,,,,,,,,,,,,,,,,,,,,,,,,,,,,,,,,,,,,,,,,,,,,,,,,,,,,,,,,,,,,,,,,,,,,,,,,,,,,,,,,,,,,,,,,,,,,,,,,,0.5184532403945923,0.3066948652267456,-0.0006109332898631692,0.5368733406066895,0.26092469692230225,-0.001585924532264471,0.5484443306922913,0.2626975178718567,0.008078398182988167,0.5599228739738464,0.2645787298679352,0.0004623229324351996,0.5040265917778015,0.2559136748313904,0.004620764870196581,0.49208998680114746,0.25407132506370544,6.696156196994707e-05,0.48033449053764343,0.25235551595687866,-0.0032302362378686666,0.5724274516105652,0.2904192805290222,-0.005737807601690292,0.46122926473617554,0.2744852900505066,-0.005795324221253395,0.5373483896255493,0.3629782497882843,0.0040658307261765,0.49281129240989685,0.35593485832214355,-0.006112478207796812,0.6342635750770569,0.5656776428222656,-0.005040778312832117,0.37314027547836304,0.5468623638153076,0.005195572040975094,0.6659324169158936,0.9210289120674133,0.09299617260694504,0.3078150749206543,0.8863881826400757,0.07814532518386841,0.6422600150108337,1.1373248100280762,-0.1135997548699379,0.3302353620529175,1.1238365173339844,-0.09968876093626022,0.6729229092597961,1.2282054424285889,0.0008901709225028753,0.3151577413082123,1.2111228704452515,0.00029911252204328775,0.6515915393829346,1.250449538230896,0.005297298077493906,0.3459969758987427,1.2112451791763306,-0.0011346172541379929,0.6356183886528015,1.2217458486557007,-0.0024198817554861307,0.3593079149723053,1.1796361207962036,-0.0033518937416374683,0.5667227506637573,1.117799162864685,0.2839166224002838,0.40000009536743164,1.0970326662063599,0.313069224357605
50.0,,,,,,,,,,,,,,,,,,,,,,,,,,,,,,,,,,,,,,,,,,,,,,,,,,,,,,,,,,,,,,,,,,,,,,,,,,,,,,,,,,,,,,,,,,,,,,,,,,,,,,,,,,,,,,,,,,,,,,,,,,,,,,,0.5174680352210999,0.310395210981369,-0.00043930471292696893,0.5353471040725708,0.2646435499191284,-0.001732141012325883,0.5466496348381042,0.266345351934433,0.008105486631393433,0.5578640699386597,0.26815393567085266,0.0004438534379005432,0.5029728412628174,0.25984320044517517,0.004595355596393347,0.4913111925125122,0.25808417797088623,0.00023712193069513887,0.47983044385910034,0.25642964243888855,-0.0031585886608809233,0.570356547832489,0.2936576306819916,-0.0057462300173938274,0.46137744188308716,0.27782151103019714,-0.005808079149574041,0.5363695621490479,0.3664616644382477,0.004333064891397953,0.49262934923171997,0.35992786288261414,-0.006134477443993092,0.6345378160476685,0.5664620399475098,-0.004261168651282787,0.3724953532218933,0.5494619607925415,0.004417384043335915,0.66754549741745,0.927849292755127,0.09098469465970993,0.30435630679130554,0.889427661895752,0.07168814539909363,0.6518197655677795,1.1442718505859375,-0.1098528802394867,0.3279446065425873,1.1289784908294678,-0.11009780317544937,0.6735618710517883,1.2387783527374268,0.0010575809283182025,0.3135748505592346,1.2161473035812378,0.0006994373979978263,0.6509283185005188,1.2569348812103271,0.005327518098056316,0.34530895948410034,1.2184231281280518,-0.001157483784481883,0.6359199285507202,1.22783362865448,-0.002528970129787922,0.35768410563468933,1.1871120929718018,-0.003327656537294388,0.5693277716636658,1.1204053163528442,0.2916199862957001,0.40164709091186523,1.1017194986343384,0.32193538546562195
66.66666666666667,,,,,,,,,,,,,,,,,,,,,,,,,,,,,,,,,,,,,,,,,,,,,,,,,,,,,,,,,,,,,,,,,,,,,,,,,,,,,,,,,,,,,,,,,,,,,,,,,,,,,,,,,,,,,,,,,,,,,,,,,,,,,,,0.5196874141693115,0.3133300542831421,-0.0002925027802120894,0.5366629362106323,0.26595544815063477,-0.0018462458392605186,0.5479550957679749,0.26741695404052734,0.008139535784721375,0.5591582655906677,0.2689891755580902,0.0004231301136314869,0.5041568875312805,0.26162463426589966,0.0046020811423659325,0.4923064410686493,0.2599804103374481,0.0003420879947952926,0.48064547777175903,0.2584255635738373,-0.003083634190261364,0.5702608823776245,0.29319193959236145,-0.0057602874003350735,0.4605602025985718,0.27892249822616577,-0.005812602583318949,0.5379972457885742,0.3685498535633087,0.004537952598184347,0.49405282735824585,0.36276835203170776,-0.006165031343698502,0.6349274516105652,0.5678849816322327,-0.0031937004532665014,0.3708084225654602,0.5485297441482544,0.0033690016716718674,0.6676663756370544,0.9317041635513306,0.0921599417924881,0.30173835158348083,0.8915038108825684,0.06957393139600754,0.6528799533843994,1.1525871753692627,-0.11251049488782883,0.329766184091568,1.1320865154266357,-0.10749200731515884,0.6699655652046204,1.2466918230056763,0.001187106128782034,0.315748929977417,1.2220726013183594,0.0010149824665859342,0.6457937955856323,1.2572689056396484,0.005352850537747145,0.34977927803993225,1.2247601747512817,-0.001184663618914783,0.6337116956710815,1.22761070728302,-0.0026482134126126766,0.36216244101524353,1.1931772232055664,-0.0033159430604428053,0.5696482062339783,1.124634861946106,0.3021929860115051,0.4001923203468323,1.1046470403671265,0.33544251322746277
83.33333333333334,,,,,,,,,,,,,,,,,,,,,,,,,,,,,,,,,,,,,,,,,,,,,,,,,,,,,,,,,,,,,,,,,,,,,,,,,,,,,,,,,,,,,,,,,,,,,,,,,,,,,,,,,,,,,,,,,,,,,,,,,,,,,,,0.5205146074295044,0.3133355975151062,-0.00017611509247217327,0.5374483466148376,0.2658049762248993,-0.0018881155410781503,0.5487371683120728,0.26724082231521606,0.008192057721316814,0.559930682182312,0.2687928378582001,0.00041243014857172966,0.5049221515655518,0.26143261790275574,0.004625791683793068,0.49309247732162476,0.25976431369781494,0.00040723782149143517,0.4814630448818207,0.258191853761673,-0.0030114089604467154,0.5709478855133057,0.29251399636268616,-0.005760733503848314,0.4610910713672638,0.2787817716598511,-0.005820929072797298,0.5386883616447449,0.3685702383518219,0.004643822088837624,0.4947768449783325,0.36281391978263855,-0.006176782306283712,0.6344982981681824,0.5728265047073364,-0.002416040748357773,0.37088191509246826,0.5480963587760925,0.002606854308396578,0.6699753999710083,0.9354742765426636,0.08924970030784607,0.30016130208969116,0.8980680704116821,0.06639861315488815,0.6584546566009521,1.1681424379348755,-0.12250292301177979,0.3305511176586151,1.134261965751648,-0.1197209358215332,0.6751633286476135,1.258225679397583,0.001298336312174797,0.3167296051979065,1.2235331535339355,0.0012216115137562156,0.6513392925262451,1.2589178085327148,0.005381396971642971,0.35113680362701416,1.2248587608337402,-0.0012254934990778565,0.636005163192749,1.2299885749816895,-0.002766912803053856,0.3631679117679596,1.1940284967422485,-0.003306230064481497,0.5706396102905273,1.1300077438354492,0.2618294060230255,0.39926978945732117,1.109754204750061,0.2931515574455261
100.0,,,,,,,,,,,,,,,,,,,,,,,,,,,,,,,,,,,,,,,,,,,,,,,,,,,,,,,,,,,,,,,,,,,,,,,,,,,,,,,,,,,,,,,,,,,,,,,,,,,,,,,,,,,,,,,,,,,,,,,,,,,,,,,0.5197852253913879,0.31168410181999207,-0.00017278239829465747,0.5371502637863159,0.26447275280952454,-0.0018995298305526376,0.5484748482704163,0.2660181224346161,0.008303206413984299,0.5597054362297058,0.2676820158958435,0.00040393718518316746,0.5045753121376038,0.2597605586051941,0.004635740537196398,0.4927838146686554,0.25792986154556274,0.000485499418573454,0.4811980426311493,0.2561957538127899,-0.0029818702023476362,0.5710717439651489,0.291124552488327,-0.005771913565695286,0.46117427945137024,0.2763339579105377,-0.005829944740980864,0.5380734205245972,0.36723142862319946,0.004707602318376303,0.49411267042160034,0.36100926995277405,-0.006179040297865868,0.6347413659095764,0.5790730714797974,-0.003444639267399907,0.37130439281463623,0.5478420853614807,0.0036425446160137653,0.6713145971298218,0.9419879913330078,0.0842297375202179,0.303316593170166,0.9042081236839294,0.06444144994020462,0.6646838188171387,1.1867247819900513,-0.12370382994413376,0.32654115557670593,1.1445128917694092,-0.11830675601959229,0.6824579238891602,1.275650143623352,0.0013441249029710889,0.3097516894340515,1.2333950996398926,0.0012529606465250254,0.6584731340408325,1.273840308189392,0.005382650997489691,0.34320393204689026,1.236067771911621,-0.0013074582675471902,0.6436451077461243,1.2441787719726562,-0.002788924379274249,0.3562929928302765,1.2057374715805054,-0.003291814122349024,0.5719874501228333,1.1347932815551758,0.23026587069034576,0.3990023136138916,1.1138982772827148,0.2695067226886749
116.66666666666667,,,,,,,,,,,,,,,,,,,,,,,,,,,,,,,,,,,,,,,,,,,,,,,,,,,,,,,,,,,,,,,,,,,,,,,,,,,,,,,,,,,,,,,,,,,,,,,,,,,,,,,,,,,,,,,,,,,,,,,,,,,,,,,0.5184431672096252,0.3101586699485779,-0.000163775694090873,0.5367302298545837,0.26373863220214844,-0.0019133357563987374,0.5480377674102783,0.2654520571231842,0.008320744149386883,0.5592514872550964,0.2672727704048157,0.00039151159580796957,0.5043010115623474,0.2586211860179901,0.004638634622097015,0.492666095495224,0.2566535770893097,0.0004967590211890638,0.4812297821044922,0.2547759711742401,-0.002961054677143693,0.5714972019195557,0.29135873913764954,-0.00577760161831975,0.46219757199287415,0.27500075101852417,-0.005830614361912012,0.5368460416793823,0.36622363328933716,0.004734503570944071,0.4931887984275818,0.35936471819877625,-0.00618436373770237,0.6352475881576538,0.581811785697937,-0.0046740430407226086,0.37158501148223877,0.5480824112892151,0.0048853256739676,0.6710256934165955,0.944832444190979,0.08331361413002014,0.3034355938434601,0.9042229652404785,0.06582774221897125,0.6657255291938782,1.1931169033050537,-0.13262833654880524,0.32571661472320557,1.146791934967041,-0.1134464219212532,0.6838406920433044,1.2805696725845337,0.0013624208513647318,0.30877116322517395,1.2355881929397583,0.0012580014299601316,0.6603512763977051,1.2794549465179443,0.005400983151048422,0.34174394607543945,1.2391846179962158,-0.001321066403761506,0.6455358266830444,1.2500537633895874,-0.002808323595672846,0.35512658953666687,1.2086597681045532,-0.003274895716458559,0.5723328590393066,1.1365333795547485,0.2283477485179901,0.3989088833332062,1.1157217025756836,0.26616373658180237
133.33333333333334,,,,,,,,,,,,,,,,,,,,,,,,,,,,,,,,,,,,,,,,,,,,,,,,,,,,,,,,,,,,,,,,,,,,,,,,,,,,,,,,,,,,,,,,,,,,,,,,,,,,,,,,,,,,,,,,,,,,,,,,,,,,,,,0.5178326368331909,0.3095259368419647,-0.0001561576355015859,0.5365457534790039,0.2636113464832306,-0.0019100719364359975,0.5479353070259094,0.26538562774658203,0.008352741599082947,0.5592291355133057,0.2672719657421112,0.0003873386012855917,0.5040162205696106,0.25836119055747986,0.004649472422897816,0.492410808801651,0.25635892152786255,0.0004982397076673806,0.4810076355934143,0.2544470429420471,-0.002957153134047985,0.5721626877784729,0.2918149530887604,-0.005782718770205975,0.46245235204696655,0.274798184633255,-0.005832058843225241,0.5365532636642456,0.36628660559654236,0.0047443401999771595,0.4928981363773346,0.3592417538166046,-0.006186010781675577,0.6356839537620544,0.5827105045318604,-0.005274778697639704,0.3725031316280365,0.5485168099403381,0.005482488311827183,0.6712338328361511,0.9456747770309448,0.08287443220615387,0.3027786910533905,0.9051806330680847,0.06588383764028549,0.6645399332046509,1.1950057744979858,-0.13058696687221527,0.32622769474983215,1.146984577178955,-0.11159229278564453,0.6816437840461731,1.282312035560608,0.0013771653175354004,0.3098982572555542,1.2363238334655762,0.0012714277254417539,0.6579601168632507,1.2809736728668213,0.005408169236034155,0.3429209589958191,1.2396894693374634,-0.0013372664107009768,0.6435916423797607,1.2514615058898926,-0.002827027114108205,0.35625264048576355,1.208827257156372,-0.0032717720605432987,0.5724046230316162,1.139417052268982,0.20526441931724548,0.39814409613609314,1.118341326713562,0.23913371562957764
150.0,,,,,,,,,,,,,,,,,,,,,,,,,,,,,,,,,,,,,,,,,,,,,,,,,,,,,,,,,,,,,,,,,,,,,,,,,,,,,,,,,,,,,,,,,,,,,,,,,,,,,,,,,,,,,,,,,,,,,,,,,,,,,,,0.5172504782676697,0.30795183777809143,-0.0001379601308144629,0.5362169742584229,0.2629583775997162,-0.0018893975066021085,0.5475812554359436,0.26491281390190125,0.008375858888030052,0.5588418841362,0.2669724225997925,0.0003815166128333658,0.5037328600883484,0.2571544051170349,0.0046514528803527355,0.4922160506248474,0.25496214628219604,0.0005073577631264925,0.4809044599533081,0.25286605954170227,-0.002954761264845729,0.5718844532966614,0.2915508449077606,-0.005787297151982784,0.4627031981945038,0.2729543149471283,-0.005832098890095949,0.535880446434021,0.36548560857772827,0.004755391739308834,0.492426335811615,0.35768717527389526,-0.006176456343382597,0.6347167491912842,0.5854469537734985,-0.005290673580020666,0.3717539310455322,0.5504206418991089,0.0055093178525567055,0.6758608818054199,0.9491679668426514,0.08099039644002914,0.30060622096061707,0.9095465540885925,0.06059469282627106,0.6721414923667908,1.1981408596038818,-0.1416180282831192,0.32129186391830444,1.1554515361785889,-0.1121143028140068,0.6891981363296509,1.2851502895355225,0.0013969533611088991,0.3044016659259796,1.2449349164962769,0.0012742558028548956,0.6653549671173096,1.2815556526184082,0.0054161460138857365,0.3367455303668976,1.2482274770736694,-0.0013963247183710337,0.6507529616355896,1.2526689767837524,-0.0028331216890364885,0.35034799575805664,1.216968297958374,-0.003272450529038906,0.5720332264900208,1.1465562582015991,0.163129061460495,0.3963416516780853,1.1260002851486206,0.19315801560878754
166.66666666666669,,,,,,,,,,,,,,,,,,,,,,,,,,,,,,,,,,,,,,,,,,,,,,,,,,,,,,,,,,,,,,,,,,,,,,,,,,,,,,,,,,,,,,,,,,,,,,,,,,,,,,,,,,,,,,,,,,,,,,,,,,,,,,,0.5176244378089905,0.3095993995666504,-0.00012613183935172856,0.5365579724311829,0.26349255442619324,-0.0018753717886283994,0.5480759739875793,0.2654315233230591,0.008388199843466282,0.5594874024391174,0.267478346824646,0.000374911556718871,0.5037779211997986,0.2575497329235077,0.004652007482945919,0.49206021428108215,0.25523024797439575,0.0005085979355499148,0.4805580675601959,0.2530018985271454,-0.002950906055048108,0.5721637606620789,0.2915443480014801,-0.005798097234219313,0.46180692315101624,0.27246972918510437,-0.005833324510604143,0.5362961292266846,0.3670688569545746,0.004766702651977539,0.4922233819961548,0.35914039611816406,-0.0061739771626889706,0.6350084543228149,0.584247350692749,-0.0055418009869754314,0.3710910379886627,0.5473693013191223,0.005772718694061041,0.6756071448326111,0.9490419030189514,0.08031269162893295,0.30073943734169006,0.9050450325012207,0.06269893050193787,0.6718283295631409,1.197727918624878,-0.14487196505069733,0.3172644078731537,1.1543017625808716,-0.10472479462623596,0.6889829039573669,1.2857539653778076,0.0014100867556408048,0.2983263432979584,1.246216058731079,0.0012832011561840773,0.6651636362075806,1.2807281017303467,0.005422357935458422,0.33125102519989014,1.2508524656295776,-0.0014539386611431837,0.650825560092926,1.2512221336364746,-0.002847139723598957,0.345754474401474,1.2189961671829224,-0.0032715038396418095,0.5720681548118591,1.1488542556762695,0.1841089427471161,0.396464079618454,1.12788724899292,0.21560291945934296
183.33333333333334,,,,,,,,,,,,,,,,,,,,,,,,,,,,,,,,,,,,,,,,,,,,,,,,,,,,,,,,,,,,,,,,,,,,,,,,,,,,,,,,,,,,,,,,,,,,,,,,,,,,,,,,,,,,,,,,,,,,,,,,,,,,,,,0.5146958231925964,0.3113683760166168,-0.00011240627645747736,0.5346896052360535,0.26488327980041504,-0.001869206433184445,0.546319842338562,0.26672691106796265,0.008414377458393574,0.5578471422195435,0.26867952942848206,0.0003715140337590128,0.5019933581352234,0.25921666622161865,0.004654626362025738,0.49041083455085754,0.25700902938842773,0.0005234280251897871,0.47903522849082947,0.2548947036266327,-0.0029477125499397516,0.5725382566452026,0.29233217239379883,-0.005800580605864525,0.4620198905467987,0.27473464608192444,-0.005834874697029591,0.5344709157943726,0.36890777945518494,0.004780126735568047,0.49051937460899353,0.3613140285015106,-0.006174884736537933,0.635656476020813,0.5851999521255493,-0.007330841384828091,0.37280547618865967,0.546140193939209,0.007547450717538595,0.6766663789749146,0.9492824077606201,0.07919339090585709,0.30116987228393555,0.8982455730438232,0.07176221907138824,0.6735795736312866,1.2001979351043701,-0.13945312798023224,0.3141910135746002,1.15095853805542,-0.09062998741865158,0.6904909014701843,1.2875713109970093,0.0014268497470766306,0.2948532700538635,1.2441045045852661,0.0012765529099851847,0.6669291853904724,1.28315269947052,0.005426352843642235,0.3279554545879364,1.2494066953659058,-0.0014877461362630129,0.6525633931159973,1.2539666891098022,-0.0028653570916503668,0.34301283955574036,1.2173101902008057,-0.0032797888852655888,0.567011833190918,1.1511014699935913,0.20268066227436066,0.39326128363609314,1.1289499998092651,0.2317570298910141
200.0,,,,,,,,,,,,,,,,,,,,,,,,,,,,,,,,,,,,,,,,,,,,,,,,,,,,,,,,,,,,,,,,,,,,,,,,,,,,,,,,,,,,,,,,,,,,,,,,,,,,,,,,,,,,,,,,,,,,,,,,,,,,,,,0.5154469013214111,0.3113577663898468,-8.296434680232778e-05,0.5349037051200867,0.2646864950656891,-0.0018648249097168446,0.5465664863586426,0.2665041983127594,0.00844754371792078,0.5581228733062744,0.2684328854084015,0.0003693105827551335,0.5020105242729187,0.2590346038341522,0.004666695836931467,0.4902544319629669,0.25680896639823914,0.0005291576962918043,0.47870129346847534,0.2546817362308502,-0.0029453521128743887,0.5723028182983398,0.29215964674949646,-0.005800684913992882,0.46091145277023315,0.27445852756500244,-0.005835781805217266,0.5349528789520264,0.36889755725860596,0.0047864788211882114,0.49063706398010254,0.3613112270832062,-0.0061750710010528564,0.6353622674942017,0.5838845372200012,-0.0072015561163425446,0.37183380126953125,0.5452641248703003,0.007411506958305836,0.6766608357429504,0.947243869304657,0.08058801293373108,0.30085089802742004,0.8989879488945007,0.07137195020914078,0.6732715964317322,1.1991040706634521,-0.13736844062805176,0.31668221950531006,1.150833010673523,-0.09917586296796799,0.6895694732666016,1.2865029573440552,0.0014324912335723639,0.29798296093940735,1.2439333200454712,0.0012630654964596033,0.6660059690475464,1.281451940536499,0.005436999257653952,0.33120718598365784,1.249165415763855,-0.0015094972914084792,0.6519148349761963,1.2521605491638184,-0.0028696986846625805,0.34573936462402344,1.2170071601867676,-0.0032791560515761375,0.5665572285652161,1.1517390012741089,0.20918519794940948,0.3931034505367279,1.1292484998703003,0.23961228132247925
216.66666666666669,,,,,,,,,,,,,,,,,,,,,,,,,,,,,,,,,,,,,,,,,,,,,,,,,,,,,,,,,,,,,,,,,,,,,,,,,,,,,,,,,,,,,,,,,,,,,,,,,,,,,,,,,,,,,,,,,,,,,,,,,,,,,,,0.5159059166908264,0.3114444315433502,-6.494454282801598e-05,0.5354579091072083,0.26474037766456604,-0.0018514719558879733,0.5471524596214294,0.26659905910491943,0.008469491265714169,0.558735191822052,0.268580824136734,0.00036773315514437854,0.502487301826477,0.2590242028236389,0.004676432814449072,0.4906703233718872,0.2567346394062042,0.0005320027121342719,0.4790600538253784,0.25449585914611816,-0.0029431385919451714,0.5725873112678528,0.29218438267707825,-0.0058030495420098305,0.4607859253883362,0.27397847175598145,-0.0058395774103701115,0.5351555347442627,0.36906713247299194,0.004792040679603815,0.4906052350997925,0.36130988597869873,-0.006175086833536625,0.634521484375,0.5822265148162842,-0.007202116306871176,0.3716951608657837,0.5436880588531494,0.007412181235849857,0.6772146224975586,0.9462751150131226,0.081049844622612,0.30059126019477844,0.9012870788574219,0.06887350976467133,0.6741359233856201,1.196991205215454,-0.14817465841770172,0.3190150856971741,1.147788166999817,-0.11073260009288788,0.690178632736206,1.285062551498413,0.0014374747406691313,0.30078449845314026,1.2396557331085205,0.0012428307672962546,0.6663486957550049,1.277804970741272,0.005444501992315054,0.3338661193847656,1.243036150932312,-0.0015486038755625486,0.6526185870170593,1.2480895519256592,-0.002887293929234147,0.34811440110206604,1.2114546298980713,-0.0032776445150375366,0.5665665864944458,1.1518003940582275,0.1895531564950943,0.39321407675743103,1.1293522119522095,0.21989385783672333
233.33333333333334,,,,,,,,,,,,,,,,,,,,,,,,,,,,,,,,,,,,,,,,,,,,,,,,,,,,,,,,,,,,,,,,,,,,,,,,,,,,,,,,,,,,,,,,,,,,,,,,,,,,,,,,,,,,,,,,,,,,,,,,,,,,,,,0.5151989459991455,0.31113800406455994,-2.718656469369307e-05,0.5349175333976746,0.26482680439949036,-0.0018475421238690615,0.5465330481529236,0.2667740285396576,0.008489640429615974,0.5580344796180725,0.2688724398612976,0.0003668732533697039,0.5021923780441284,0.25902602076530457,0.0047001647762954235,0.49048855900764465,0.25673460960388184,0.0005329203559085727,0.47898581624031067,0.2544928193092346,-0.0029410184361040592,0.5719711780548096,0.29391181468963623,-0.005803906824439764,0.460909366607666,0.27407485246658325,-0.005840233061462641,0.5342886447906494,0.3690337836742401,0.00479050911962986,0.49007871747016907,0.3609935939311981,-0.0061794728972017765,0.6345965266227722,0.580802321434021,-0.007806919049471617,0.37177014350891113,0.5433371663093567,0.007997577078640461,0.6776390075683594,0.945517361164093,0.07935831695795059,0.3009614944458008,0.9013175964355469,0.06672195345163345,0.6730123162269592,1.1969224214553833,-0.1456640362739563,0.3264974355697632,1.1479073762893677,-0.10905715078115463,0.6898367404937744,1.2852463722229004,0.0014408219140022993,0.3103575110435486,1.2407968044281006,0.0012236186303198338,0.6636872291564941,1.278793215751648,0.005488293711096048,0.3455994725227356,1.244122862815857,-0.0015527738723903894,0.6507104635238647,1.248583436012268,-0.0029094787314534187,0.3586816191673279,1.211836338043213,-0.0032767581287771463,0.5676900744438171,1.1516542434692383,0.20227576792240143,0.3938448429107666,1.1295794248580933,0.22910469770431519
250.0,,,,,,,,,,,,,,,,,,,,,,,,,,,,,,,,,,,,,,,,,,,,,,,,,,,,,,,,,,,,,,,,,,,,,,,,,,,,,,,,,,,,,,,,,,,,,,,,,,,,,,,,,,,,,,,,,,,,,,,,,,,,,,,0.5131459832191467,0.31033140420913696,1.391398018313339e-05,0.5325667262077332,0.26488396525382996,-0.0018462629523128271,0.544034481048584,0.26682278513908386,0.008499479852616787,0.5553900003433228,0.26890963315963745,0.0003672843740787357,0.5001562833786011,0.2592076361179352,0.00471225380897522,0.4886227250099182,0.2570255398750305,0.0005451005417853594,0.4772924482822418,0.25491395592689514,-0.002941045444458723,0.5691943764686584,0.2945268750190735,-0.0058160023763775826,0.45967423915863037,0.275142639875412,-0.005851880647242069,0.5321636199951172,0.368010938167572,0.0047879815101623535,0.4884594678878784,0.36028343439102173,-0.006182159762829542,0.6346442699432373,0.5793270468711853,-0.007986131124198437,0.37046509981155396,0.5439693927764893,0.008154641836881638,0.6774716377258301,0.9420125484466553,0.07980328053236008,0.30199211835861206,0.905510663986206,0.06625330448150635,0.6729351282119751,1.1897295713424683,-0.1392764002084732,0.33076009154319763,1.1525886058807373,-0.10906430333852768,0.6832176446914673,1.2788630723953247,0.0014431577874347568,0.3150399923324585,1.2456176280975342,0.001180784311145544,0.651430606842041,1.27073073387146,0.005506829358637333,0.3498484790325165,1.2493438720703125,-0.0015630848938599229,0.6401721239089966,1.240059733390808,-0.0029427504632622004,0.3626486361026764,1.2162522077560425,-0.003266720799729228,0.570531964302063,1.1501017808914185,0.22403854131698608,0.39501217007637024,1.1320176124572754,0.25090137124061584
266.6666666666667,,,,,,,,,,,,,,,,,,,,,,,,,,,,,,,,,,,,,,,,,,,,,,,,,,,,,,,,,,,,,,,,,,,,,,,,,,,,,,,,,,,,,,,,,,,,,,,,,,,,,,,,,,,,,,,,,,,,,,,,,,,,,,,0.5137288570404053,0.3120903968811035,-8.792962034931406e-05,0.5325499176979065,0.266872763633728,-0.0017775411251932383,0.5438548922538757,0.2691524922847748,0.008421494625508785,0.5550300478935242,0.27158260345458984,0.0004359715385362506,0.5005576610565186,0.2602936923503876,0.004791922867298126,0.4890655279159546,0.25784116983413696,0.00044650962809100747,0.4777678847312927,0.25543761253356934,-0.0029420466162264347,0.5674284100532532,0.2970929443836212,-0.005821152124553919,0.45896801352500916,0.2756723463535309,-0.005822855047881603,0.5316677093505859,0.37032145261764526,0.004219716414809227,0.48830896615982056,0.36128225922584534,-0.006129713263362646,0.6327255964279175,0.5740036964416504,-0.015844780951738358,0.37082135677337646,0.5501928925514221,0.015992388129234314,0.6937980055809021,0.9516521692276001,0.03859620541334152,0.29857978224754333,0.9216458797454834,0.0629618763923645,0.590682327747345,1.0194019079208374,-0.26277217268943787,0.3424128592014313,1.1309726238250732,-0.17407041788101196,0.5563058257102966,1.0710283517837524,0.001393423299305141,0.3344404697418213,1.2424592971801758,0.0003592252032831311,0.5373350977897644,1.0031687021255493,0.005488167982548475,0.36348146200180054,1.1987191438674927,-0.0015039164572954178,0.5446001887321472,0.9914551377296448,-0.0028292813804000616,0.373041570186615,1.1727254390716553,-0.003293038113042712,0.579389214515686,1.1539075374603271,0.20377947390079498,0.40094292163848877,1.1397995948791504,0.24680984020233154
283.3333333333333,,,,,,,,,,,,,,,,,,,,,,,,,,,,,,,,,,,,,,,,,,,,,,,,,,,,,,,,,,,,,,,,,,,,,,,,,,,,,,,,,,,,,,,,,,,,,,,,,,,,,,,,,,,,,,,,,,,,,,,,,,,,,,,0.5166734457015991,0.3099428415298462,-0.0002099423873005435,0.5337944030761719,0.26491421461105347,-0.0016649527242407203,0.5450913310050964,0.2670459747314453,0.008396653458476067,0.5562461018562317,0.26932036876678467,0.0004890984855592251,0.5017402172088623,0.2587433159351349,0.004949518013745546,0.49007806181907654,0.25645342469215393,0.0002841743116732687,0.4786108136177063,0.2542175352573395,-0.0029382361099123955,0.5673513412475586,0.2946206331253052,-0.00583074614405632,0.45869678258895874,0.27520322799682617,-0.005816104356199503,0.5347417593002319,0.36754199862480164,0.0038795017171651125,0.4910008907318115,0.359478235244751,-0.00608011893928051,0.6338982582092285,0.5708078742027283,-0.01521727629005909,0.37213486433029175,0.5501707792282104,0.015438719652593136,0.6938271522521973,0.9559198617935181,0.04503147676587105,0.3004366159439087,0.9210024476051331,0.05026044324040413,0.5868887305259705,1.0181260108947754,-0.2343832105398178,0.3553105890750885,1.1157375574111938,-0.1700313687324524,0.5570369362831116,1.0737950801849365,0.0013216305524110794,0.34948062896728516,1.2128773927688599,-0.00017830375873018056,0.5383809208869934,1.0097614526748657,0.00546312378719449,0.3819367587566376,1.1930134296417236,-0.001469082199037075,0.5434094667434692,0.9957883358001709,-0.002734145615249872,0.3900235891342163,1.1691700220108032,-0.0033363972324877977,0.5837622284889221,1.1513946056365967,0.20138731598854065,0.4059576094150543,1.140956163406372,0.23827913403511047
300.0,,,,,,,,,,,,,,,,,,,,,,,,,,,,,,,,,,,,,,,,,,,,,,,,,,,,,,,,,,,,,,,,,,,,,,,,,,,,,,,,,,,,,,,,,,,,,,,,,,,,,,,,,,,,,,,,,,,,,,,,,,,,,,,0.5142836570739746,0.3089708387851715,-0.0002399599616182968,0.5315662622451782,0.26369214057922363,-0.0015783571870997548,0.5429190993309021,0.2656329274177551,0.008372989483177662,0.5541317462921143,0.26771795749664307,0.0005352747393772006,0.4994669258594513,0.2581592798233032,0.005044780671596527,0.4878004193305969,0.25616881251335144,0.00023665519256610423,0.47632482647895813,0.2542227506637573,-0.002932247705757618,0.5658814907073975,0.29352766275405884,-0.005840307101607323,0.45702487230300903,0.2768097221851349,-0.00581032270565629,0.5329819917678833,0.3665779232978821,0.0037233270704746246,0.4891507625579834,0.3593709468841553,-0.006067118141800165,0.6344133019447327,0.5688015818595886,-0.014283398166298866,0.37188565731048584,0.5513018369674683,0.014425407163798809,0.6921036243438721,0.9537557363510132,0.04823024570941925,0.302105188369751,0.9190248250961304,0.04986746236681938,0.5917725563049316,1.0279804468154907,-0.22968660295009613,0.34907862544059753,1.1156103610992432,-0.16076737642288208,0.5674470067024231,1.0876027345657349,0.0012454175157472491,0.33971917629241943,1.207448959350586,-0.000566254137083888,0.5468560457229614,1.0270724296569824,0.005420008208602667,0.3725127875804901,1.1924452781677246,-0.001447490300051868,0.549927294254303,1.011141300201416,-0.002647560788318515,0.38225463032722473,1.1682182550430298,-0.003381310496479273,0.5855468511581421,1.1494051218032837,0.201586052775383,0.4077519178390503,1.1417906284332275,0.24337273836135864
316.6666666666667,,,,,,,,,,,,,,,,,,,,,,,,,,,,,,,,,,,,,,,,,,,,,,,,,,,,,,,,,,,,,,,,0.5279103517532349,0.9375462532043457,-1.607524427527096e-05,0.5061016082763672,0.9354099035263062,-0.01914394274353981,0.48946282267570496,0.9457588195800781,-0.0344209223985672,0.4788285195827484,0.9600040316581726,-0.042384326457977295,0.47518426179885864,0.9674196839332581,-0.04750102013349533,0.49987557530403137,0.9869517683982849,-0.06431789696216583,0.4864938259124756,0.9931367635726929,-0.07104340940713882,0.48597368597984314,0.9779651761054993,-0.06566637754440308,0.48852455615997314,0.9691898822784424,-0.06450103968381882,0.5118070840835571,1.0018645524978638,-0.058677081018686295,0.4956115484237671,1.0037845373153687,-0.06944863498210907,0.49519291520118713,0.989445149898529,-0.06417950987815857,0.49776023626327515,0.9792395830154419,-0.06507442891597748,0.5215566158294678,1.00950026512146,-0.0511351116001606,0.5065448880195618,1.012442708015442,-0.05517341196537018,0.505245566368103,0.9973463416099548,-0.05140741169452667,0.5073271989822388,0.9865849018096924,-0.053465668112039566,0.5298591256141663,1.011768102645874,-0.04511886090040207,0.5197291374206543,1.0174765586853027,-0.04707970470190048,0.5172481536865234,1.0053139925003052,-0.04632638022303581,0.5183412432670593,0.996441662311554,-0.049234114587306976,0.5131701827049255,0.31078046560287476,-0.0004069807764608413,0.5303172469139099,0.2644995152950287,-0.0015153901185840368,0.541574239730835,0.26620057225227356,0.008176738396286964,0.5527164936065674,0.2680596113204956,0.0006353609496727586,0.4986787736415863,0.25950533151626587,0.005095848813652992,0.48721393942832947,0.25777438282966614,0.00019416601571720093,0.4759216904640198,0.2560678720474243,-0.0029311489779502153,0.565163791179657,0.2936561703681946,-0.005878759082406759,0.4571479260921478,0.2789723575115204,-0.005789614282548428,0.531875729560852,0.3678598403930664,0.0033998365979641676,0.4887719452381134,0.36148715019226074,-0.005972133483737707,0.6341701745986938,0.5667386651039124,-0.01718243584036827,0.37360551953315735,0.5545156002044678,0.017258450388908386,0.6990091800689697,0.9639296531677246,0.03053494170308113,0.3074757754802704,0.9303062558174133,0.06295286864042282,0.578956127166748,0.9598145484924316,-0.2708613872528076,0.35648131370544434,1.1113568544387817,-0.15036237239837646,0.535134494304657,1.0089002847671509,0.0011185042094439268,0.3483479917049408,1.1966125965118408,-0.0012218591291457415,0.5227990746498108,0.9219748973846436,0.0054205795750021935,0.37547242641448975,1.185495376586914,-0.0013776931446045637,0.5322858095169067,0.9139722585678101,-0.0022711402270942926,0.38532754778862,1.1591198444366455,-0.003548308741301298,0.5848944783210754,1.1506447792053223,0.21672186255455017,0.40783560276031494,1.1444261074066162,0.26707348227500916
333.33333333333337,,,,,,,,,,,,,,,,,,,,,,,,,,,,,,,,,,,,,,,,,,,,,,,,,,,,,,,,,,,,,,,,,,,,,,,,,,,,,,,,,,,,,,,,,,,,,,,,,,,,,,,,,,,,,,,,,,,,,,,,,,,,,,,0.5134827494621277,0.30997756123542786,-0.0005396949709393084,0.5306711196899414,0.2635633945465088,-0.0014491328038275242,0.5420371890068054,0.2653234004974365,0.008020825684070587,0.553298830986023,0.26724758744239807,0.0007423417409881949,0.4987659454345703,0.25841113924980164,0.005122963804751635,0.4871697723865509,0.25660455226898193,0.00017290898540522903,0.4757472276687622,0.2548258304595947,-0.0029302556067705154,0.565571129322052,0.29308152198791504,-0.005922467447817326,0.4565049707889557,0.27754634618759155,-0.005769988521933556,0.5321486592292786,0.36719053983688354,0.003139455569908023,0.48861074447631836,0.3606942594051361,-0.0058559635654091835,0.634352445602417,0.5666229128837585,-0.018375081941485405,0.37304890155792236,0.55637127161026,0.01845550909638405,0.7020858526229858,0.965583086013794,0.027815600857138634,0.309509813785553,0.9337256550788879,0.07370392233133316,0.5791951417922974,0.954852819442749,-0.2859957814216614,0.35824570059776306,1.1117442846298218,-0.15029188990592957,0.5341718792915344,1.0058270692825317,0.0010308052878826857,0.35037872195243835,1.1965696811676025,-0.001640523667447269,0.5221588611602783,0.9180499315261841,0.005423905327916145,0.3760656416416168,1.1806703805923462,-0.0013401670148596168,0.5318388938903809,0.9095821976661682,-0.0019815736450254917,0.38599836826324463,1.1542803049087524,-0.0036750969011336565,0.584843635559082,1.152785301208496,0.22125431895256042,0.4077073633670807,1.1470108032226562,0.27391517162323
350.00000000000006,,,,,,,,,,,,,,,,,,,,,,,,,,,,,,,,,,,,,,,,,,,,,,,,,,,,,,,,,,,,,,,,0.5731714367866516,0.8966398239135742,-1.878509283415042e-05,0.5503236651420593,0.8569077253341675,0.005981461610645056,0.5219187140464783,0.8339165449142456,-0.0038517022039741278,0.5004242062568665,0.8167321085929871,-0.012505589053034782,0.48802050948143005,0.7899132966995239,-0.02056216076016426,0.5166757106781006,0.8758184909820557,-0.04965987429022789,0.4813476502895355,0.900790274143219,-0.03672819584608078,0.4919534921646118,0.8912355899810791,-0.009145619347691536,0.5049389600753784,0.8805420398712158,0.00842565018683672,0.5221190452575684,0.9111170172691345,-0.05355042591691017,0.4859963059425354,0.932354748249054,-0.04224315658211708,0.4974076449871063,0.9224545955657959,-0.01482666376978159,0.5102396011352539,0.9162171483039856,-0.0016818271251395345,0.530153751373291,0.9417555332183838,-0.05305071547627449,0.49503183364868164,0.9559218883514404,-0.03633367642760277,0.5058934092521667,0.9462255835533142,-0.012397253885865211,0.5173278450965881,0.9422863125801086,-0.0051545086316764355,0.5388777852058411,0.967509388923645,-0.051055654883384705,0.5089882612228394,0.9773407578468323,-0.03874073550105095,0.5166437029838562,0.9685142636299133,-0.024981459602713585,0.5258821249008179,0.9648883938789368,-0.01889798976480961,0.5156145691871643,0.31087857484817505,-0.000660237274132669,0.5316201448440552,0.26332852244377136,-0.0012995247961953282,0.5428197979927063,0.26503831148147583,0.0076839211396873,0.5539364814758301,0.2669089138507843,0.0008099526166915894,0.5000219941139221,0.2581627070903778,0.005143782123923302,0.48843929171562195,0.25631049275398254,0.00019160278316121548,0.47702375054359436,0.25449416041374207,-0.0029226515907794237,0.5649474859237671,0.292407751083374,-0.005996313411742449,0.4565404951572418,0.27664467692375183,-0.00575308408588171,0.5331757068634033,0.3671824336051941,0.0030169403180480003,0.49039241671562195,0.3606911301612854,-0.005533680785447359,0.6320838332176208,0.5650209188461304,-0.016847487539052963,0.37315860390663147,0.5518798232078552,0.01695125736296177,0.7005800604820251,0.9535930156707764,0.04960060864686966,0.3124330937862396,0.9296251535415649,0.07926683127880096,0.5849142670631409,0.9035826921463013,-0.23193642497062683,0.3503207266330719,1.112513542175293,-0.13247844576835632,0.5360498428344727,0.9465537667274475,0.0010020050685852766,0.3398907482624054,1.1970082521438599,-0.0021072737872600555,0.5298734903335571,0.8498051166534424,0.005393756087869406,0.3635578751564026,1.1833113431930542,-0.0012867958284914494,0.5386366248130798,0.8462862372398376,-0.001612417632713914,0.3749590516090393,1.1564240455627441,-0.003884006291627884,0.5815271735191345,1.146682620048523,0.22829976677894592,0.40698057413101196,1.1411817073822021,0.2747730016708374
366.6666666666667,,,,,,,,,,,,,,,,,,,,,,,,,,,,,,,,,,,,,,,,,,,,,,,,,,,,,,,,,,,,,,,,0.5758992433547974,0.9060012698173523,-1.47349746839609e-05,0.5518300533294678,0.8600860238075256,0.008258615620434284,0.5243211388587952,0.835568368434906,-0.002052104566246271,0.5025764107704163,0.8173131942749023,-0.010923870839178562,0.4883561134338379,0.7963297963142395,-0.020106066018342972,0.5205281376838684,0.8727017045021057,-0.05028146877884865,0.48398512601852417,0.8955062627792358,-0.03608684241771698,0.49259936809539795,0.8885777592658997,-0.009896283969283104,0.505139172077179,0.8812623023986816,0.006168276537209749,0.5251455903053284,0.9096760153770447,-0.05398060008883476,0.48689767718315125,0.9281274080276489,-0.043076228350400925,0.4967617392539978,0.9187646508216858,-0.01933039166033268,0.510027289390564,0.9131113886833191,-0.0066031343303620815,0.5315727591514587,0.9433993697166443,-0.05178932100534439,0.49536383152008057,0.9527111053466797,-0.03397083282470703,0.5046149492263794,0.9426133632659912,-0.010355898179113865,0.5161481499671936,0.9401822686195374,0.00030256278114393353,0.5385621786117554,0.9720292687416077,-0.04844817891716957,0.5076154470443726,0.9755146503448486,-0.03488655760884285,0.5140588879585266,0.9651429653167725,-0.017908941954374313,0.5244289040565491,0.9627203345298767,-0.007918612100183964,0.5147385001182556,0.31056204438209534,-0.0006873531965538859,0.5306055545806885,0.2632441222667694,-0.0012684505200013518,0.5416542887687683,0.26499855518341064,0.007585218641906977,0.5526249408721924,0.26690995693206787,0.0008303834474645555,0.49937063455581665,0.2579560875892639,0.005148972850292921,0.48793843388557434,0.25608283281326294,0.0002360683720326051,0.47666120529174805,0.25425776839256287,-0.002922193845734,0.563701331615448,0.2920031249523163,-0.006038697902113199,0.45654138922691345,0.27638909220695496,-0.005747504997998476,0.5321666598320007,0.3666764199733734,0.0030013099312782288,0.48997777700424194,0.3600757122039795,-0.005373271647840738,0.6314516067504883,0.5629737377166748,-0.016284840181469917,0.37294286489486694,0.5511413812637329,0.01637474074959755,0.7003523707389832,0.9540225267410278,0.0460745170712471,0.3121814727783203,0.9296610951423645,0.08306258916854858,0.5849993228912354,0.903385579586029,-0.24819888174533844,0.3467319905757904,1.1227974891662598,-0.11830161511898041,0.535592257976532,0.9426153898239136,0.000985843362286687,0.3339720368385315,1.2046440839767456,-0.002283691428601742,0.5301118493080139,0.8461278676986694,0.005390868987888098,0.35388103127479553,1.1924540996551514,-0.0012848025653511286,0.539030134677887,0.8435796499252319,-0.0014352595899254084,0.36685338616371155,1.1653695106506348,-0.004017517901957035,0.5810316801071167,1.145634651184082,0.2285500466823578,0.40695491433143616,1.140721082687378,0.2749860882759094
383.33333333333337,,,,,,,,,,,,,,,,,,,,,,,,,,,,,,,,,,,,,,,,,,,,,,,,,,,,,,,,,,,,,,,,0.5755472183227539,0.9054176211357117,-2.007131843129173e-05,0.5511532425880432,0.8607084155082703,0.010323375463485718,0.5242128968238831,0.8358542323112488,0.0010960156796500087,0.502941370010376,0.8169487714767456,-0.007804076187312603,0.48883190751075745,0.7940645217895508,-0.018317095935344696,0.5184842348098755,0.8749706745147705,-0.04505662992596626,0.484531968832016,0.8971781134605408,-0.03242659941315651,0.49189844727516174,0.8899362683296204,-0.010143041610717773,0.5039333701133728,0.8812766671180725,0.004039745312184095,0.5232239961624146,0.9116595387458801,-0.04933544248342514,0.4864634871482849,0.9283456206321716,-0.03671012073755264,0.49585771560668945,0.917529284954071,-0.012687106616795063,0.5089672803878784,0.9110717177391052,3.5662815207615495e-05,0.5300813913345337,0.9443209171295166,-0.04788518324494362,0.4947856664657593,0.9527762532234192,-0.03022640570998192,0.5032321810722351,0.9413726329803467,-0.006871195510029793,0.5141808390617371,0.9376447796821594,0.003771336516365409,0.5380113124847412,0.9718924164772034,-0.045032963156700134,0.507756233215332,0.9757944345474243,-0.03151319921016693,0.5132279992103577,0.9646994471549988,-0.013955757021903992,0.5228258371353149,0.9610604643821716,-0.002663449849933386,0.5143416523933411,0.3103722333908081,-0.0007102434756234288,0.530407726764679,0.2631402611732483,-0.0012567214434966445,0.5413735508918762,0.26491764187812805,0.007483655586838722,0.5522565841674805,0.26685771346092224,0.0008751118439249694,0.49933499097824097,0.25785139203071594,0.005156778264790773,0.48796653747558594,0.2559974193572998,0.0002922865387517959,0.47673049569129944,0.2541968822479248,-0.002923093270510435,0.5633934140205383,0.29194530844688416,-0.006066684145480394,0.4566311240196228,0.27629515528678894,-0.005744929891079664,0.5315725803375244,0.3666601777076721,0.00299494038335979,0.48978927731513977,0.3598710298538208,-0.0052023520693182945,0.6309475302696228,0.561671257019043,-0.016554350033402443,0.37291187047958374,0.550787091255188,0.016635313630104065,0.6999963521957397,0.953869104385376,0.040920011699199677,0.31224381923675537,0.9289240837097168,0.08706450462341309,0.5850183367729187,0.903516948223114,-0.2836008667945862,0.3438057005405426,1.1220053434371948,-0.11966592818498611,0.5364923477172852,0.9436779022216797,0.0009765205322764814,0.33159732818603516,1.2021570205688477,-0.002423392841592431,0.5307191014289856,0.8491732478141785,0.005388191901147366,0.3509275019168854,1.188707709312439,-0.0012847153702750802,0.5393002033233643,0.8460476994514465,-0.001295089372433722,0.36353230476379395,1.1618021726608276,-0.004099466372281313,0.5804916024208069,1.144845962524414,0.21927712857723236,0.40645211935043335,1.140340805053711,0.2670208811759949
400.0,0.5799077153205872,0.8660837411880493,-6.545124779222533e-05,0.5575904250144958,0.8218620419502258,0.00901271216571331,0.5325782895088196,0.805679440498352,0.0022984978277236223,0.5079976916313171,0.8085538744926453,-0.0038232775405049324,0.4927173852920532,0.8101656436920166,-0.010137406177818775,0.5216167569160461,0.8218735456466675,-0.04192352294921875,0.4856813848018646,0.8366761803627014,-0.034323133528232574,0.4931682348251343,0.8359276652336121,-0.01272610668092966,0.5026184320449829,0.8327305912971497,0.0017979824915528297,0.5242956280708313,0.8545562624931335,-0.04721849039196968,0.4900224804878235,0.8687646985054016,-0.03923778608441353,0.49933379888534546,0.8648574352264404,-0.02008933573961258,0.5097984075546265,0.8621430993080139,-0.010501318611204624,0.5299633145332336,0.8857355713844299,-0.04844116047024727,0.4979062080383301,0.8943148851394653,-0.03531899303197861,0.5075061917304993,0.8861899375915527,-0.017234906554222107,0.5185261368751526,0.8838943243026733,-0.011348809115588665,0.5359518527984619,0.912479817867279,-0.04927526414394379,0.508745014667511,0.9208431839942932,-0.0376807302236557,0.5147722959518433,0.9120809435844421,-0.027196461334824562,0.5248675346374512,0.9069390892982483,-0.024890217930078506,,,,,,,,,,,,,,,,,,,,,,,,,,,,,,,,,,,,,,,,,,,,,,,,,,,,,,,,,,,,,,,,0.5144450068473816,0.31026333570480347,-0.0007524663815274835,0.5304506421089172,0.2631155550479889,-0.0012516354909166694,0.5413751602172852,0.26489362120628357,0.007357652764767408,0.5522748231887817,0.26683691143989563,0.0009028906933963299,0.49946513772010803,0.25780248641967773,0.005149454809725285,0.48815909028053284,0.25588464736938477,0.00035775479045696557,0.4770086705684662,0.2540076673030853,-0.002921098144724965,0.5633442401885986,0.29147931933403015,-0.006079030688852072,0.45672789216041565,0.27486932277679443,-0.005700201727449894,0.531533420085907,0.36644473671913147,0.0029664968606084585,0.4898632764816284,0.35932472348213196,-0.0049760849215090275,0.6296426653862,0.5552954077720642,-0.015051554888486862,0.37290075421333313,0.5460851192474365,0.015181963331997395,0.6994086503982544,0.945923924446106,0.04106883704662323,0.310661256313324,0.9283687472343445,0.07827331125736237,0.5838632583618164,0.8587530255317688,-0.2770962715148926,0.340516597032547,1.1214460134506226,-0.10888556391000748,0.5359863042831421,0.8870819807052612,0.000961069657932967,0.3266496956348419,1.1999123096466064,-0.002611958421766758,0.530440092086792,0.7963659167289734,0.005384732503443956,0.3480798900127411,1.1884185075759888,-0.0012810067273676395,0.5385229587554932,0.7989710569381714,-0.001209014793857932,0.36059826612472534,1.1617363691329956,-0.004138270393013954,0.5788190960884094,1.139260172843933,0.2189311683177948,0.4025810956954956,1.13338041305542,0.26309826970100403
416.6666666666667,,,,,,,,,,,,,,,,,,,,,,,,,,,,,,,,,,,,,,,,,,,,,,,,,,,,,,,,,,,,,,,,0.5811536312103271,0.8545998930931091,-4.280824214220047e-05,0.5595372915267944,0.8079791069030762,0.01823887601494789,0.5338404774665833,0.7812297940254211,0.013385049067437649,0.5126835107803345,0.7622064352035522,0.007176103536039591,0.5006130337715149,0.7374231815338135,0.0014814443420618773,0.5212321877479553,0.8080379962921143,-0.029031982645392418,0.485444039106369,0.829451322555542,-0.012375246733427048,0.4955761432647705,0.8310636878013611,0.012700081802904606,0.5081772804260254,0.8258719444274902,0.02894226647913456,0.5228058099746704,0.8441087603569031,-0.037036456167697906,0.49008312821388245,0.8619135022163391,-0.020450465381145477,0.5014962553977966,0.8598029017448425,0.003279907163232565,0.5123366117477417,0.8555858731269836,0.014568381011486053,0.5281699895858765,0.8774411082267761,-0.039584629237651825,0.49751970171928406,0.8900719881057739,-0.017655866220593452,0.507297933101654,0.8864622116088867,0.005730581935495138,0.5176202058792114,0.883838951587677,0.01455638650804758,0.5357720255851746,0.9078702330589294,-0.04070158302783966,0.5083584785461426,0.9155378341674805,-0.022752460092306137,0.514878511428833,0.910110592842102,-0.005904072429984808,0.5244011282920837,0.9069148302078247,0.003148386487737298,0.5127164721488953,0.30442264676094055,-0.0007580264937132597,0.5296230316162109,0.2590932548046112,-0.00125106330960989,0.5406700372695923,0.26125165820121765,0.007325141690671444,0.5516673922538757,0.26354092359542847,0.0009080870077013969,0.49830907583236694,0.2528282105922699,0.005151638761162758,0.48689496517181396,0.2505379617214203,0.0004347969952505082,0.47565707564353943,0.24829277396202087,-0.00289174634963274,0.5629307627677917,0.28931725025177,-0.006106902379542589,0.4555194079875946,0.26974302530288696,-0.005672657862305641,0.5296377539634705,0.3619557023048401,0.0029599082190543413,0.48762232065200806,0.353491872549057,-0.004950948059558868,0.6271042823791504,0.5554589629173279,-0.014812689274549484,0.37063249945640564,0.5421991348266602,0.014977943152189255,0.696823000907898,0.9401734471321106,0.041561707854270935,0.30947810411453247,0.9193201661109924,0.08782128989696503,0.5814135670661926,0.8539565801620483,-0.252978652715683,0.33088693022727966,1.1222901344299316,-0.08999656140804291,0.5337923169136047,0.8811187744140625,0.0009547316585667431,0.3142573833465576,1.201094627380371,-0.002667214721441269,0.5290496945381165,0.7912861704826355,0.00536880549043417,0.33746013045310974,1.2018111944198608,-0.0012809826293960214,0.5365194082260132,0.7945414781570435,-0.0011365629034116864,0.3519280254840851,1.1747256517410278,-0.004200741648674011,0.567939043045044,1.1384986639022827,0.22322313487529755,0.39368587732315063,1.125778317451477,0.268401563167572
433.33333333333337,,,,,,,,,,,,,,,,,,,,,,,,,,,,,,,,,,,,,,,,,,,,,,,,,,,,,,,,,,,,,,,,0.5827364325523376,0.8159993290901184,-6.010091237840243e-05,0.5620142221450806,0.7724904417991638,0.014342707581818104,0.536743700504303,0.7515577673912048,0.010355095379054546,0.5127180814743042,0.7424074411392212,0.004753460641950369,0.5011324286460876,0.7289943099021912,-0.002347033703699708,0.5204434990882874,0.7599565386772156,-0.028943175449967384,0.48514577746391296,0.7711858749389648,-0.023091210052371025,0.4964739680290222,0.7790505290031433,-0.00587400933727622,0.5077880024909973,0.7806745767593384,0.005833142902702093,0.5222341418266296,0.7914611101150513,-0.03765031322836876,0.49031302332878113,0.8054891228675842,-0.033325713127851486,0.5025835633277893,0.8100974559783936,-0.018668629229068756,0.5134176015853882,0.8100100755691528,-0.011138921603560448,0.5280106663703918,0.8223739862442017,-0.04270363226532936,0.49847084283828735,0.8329700827598572,-0.033738330006599426,0.5105977654457092,0.8317483067512512,-0.021615415811538696,0.521802544593811,0.8295754194259644,-0.018561063334345818,0.534722626209259,0.849727213382721,-0.0471474789083004,0.5093185305595398,0.8590395450592041,-0.03633637726306915,0.5179015398025513,0.8554356694221497,-0.027808014303445816,0.528366208076477,0.8505093455314636,-0.026937538757920265,0.5115463733673096,0.3031682074069977,-0.0008000319940038025,0.5289438366889954,0.2581872344017029,-0.0012459722347557545,0.5399972796440125,0.26024946570396423,0.007323757279664278,0.550974428653717,0.26244112849235535,0.0009087469661608338,0.49756357073783875,0.2522567808628082,0.005130975507199764,0.4861392378807068,0.25009414553642273,0.00043498925515450537,0.47490060329437256,0.24798531830310822,-0.002888372400775552,0.5625649690628052,0.28762179613113403,-0.006110482849180698,0.45590102672576904,0.26920121908187866,-0.00564596289768815,0.5288095474243164,0.3607243597507477,0.0029623268637806177,0.48714739084243774,0.3527478277683258,-0.004936793819069862,0.6277831196784973,0.5568476319313049,-0.01457140501588583,0.3711954355239868,0.5461757183074951,0.014767039567232132,0.704955518245697,0.9481847286224365,0.0043049403466284275,0.30654603242874146,0.9223678708076477,0.08837056159973145,0.5853056311607361,0.8236088752746582,-0.343849241733551,0.32342278957366943,1.1273317337036133,-0.09030457586050034,0.5361021161079407,0.8321296572685242,0.000926534237805754,0.30701714754104614,1.2076612710952759,-0.0027645083609968424,0.5318554043769836,0.7447847127914429,0.005358317866921425,0.3297852575778961,1.2234991788864136,-0.0012809350155293941,0.539387047290802,0.7585452795028687,-0.0010777387069538236,0.3437855541706085,1.1968032121658325,-0.004270531237125397,0.5682967305183411,1.143078088760376,0.16946899890899658,0.39684486389160156,1.1306630373001099,0.22247904539108276
450.0,,,,,,,,,,,,,,,,,,,,,,,,,,,,,,,,,,,,,,,,,,,,,,,,,,,,,,,,,,,,,,,,0.5842673778533936,0.8067968487739563,-4.2539002606645226e-05,0.5637983679771423,0.7574372887611389,0.02211615815758705,0.5380599498748779,0.7253076434135437,0.018960531800985336,0.518207848072052,0.7009091377258301,0.014442967250943184,0.5085808038711548,0.6748526692390442,0.010525117628276348,0.524575412273407,0.7444416284561157,-0.027806010097265244,0.48673129081726074,0.7647737860679626,-0.011021721176803112,0.49867093563079834,0.7731888890266418,0.013491645455360413,0.5117726922035217,0.7698142528533936,0.028699759393930435,0.5253307819366455,0.7799582481384277,-0.038145095109939575,0.49114978313446045,0.799780547618866,-0.019432703033089638,0.5030438303947449,0.8045068383216858,0.0029714792035520077,0.5142449736595154,0.8007698655128479,0.011463390663266182,0.5299765467643738,0.8144212365150452,-0.042665138840675354,0.49840056896209717,0.8299644589424133,-0.02015688642859459,0.5088194608688354,0.8303871154785156,-0.00044713803799822927,0.5195725560188293,0.8272426724433899,0.003601599019020796,0.5367628335952759,0.8472073674201965,-0.04520807042717934,0.5096455812454224,0.8543050289154053,-0.02664414420723915,0.5180478096008301,0.8515779376029968,-0.012483106926083565,0.528175413608551,0.8486140370368958,-0.007778385654091835,0.5137302875518799,0.30018290877342224,-0.0008495833608321846,0.5291401147842407,0.25365182757377625,-0.001238128636032343,0.5401802062988281,0.2547954022884369,0.007323752157390118,0.5511369109153748,0.25604602694511414,0.000905431981664151,0.4972101151943207,0.2500157058238983,0.0051085432060062885,0.4855037331581116,0.24865904450416565,0.00043795371311716735,0.47399047017097473,0.24733632802963257,-0.0028878338634967804,0.5617125630378723,0.27919894456863403,-0.006134175695478916,0.45343276858329773,0.2688773572444916,-0.005627170205116272,0.5313296318054199,0.35644274950027466,0.0029688426293432713,0.4892858564853668,0.3517967760562897,-0.0049294414930045605,0.6304969787597656,0.5546954870223999,-0.012498227879405022,0.3705567419528961,0.5518642663955688,0.012774216011166573,0.7085950970649719,0.9517108798027039,0.007429109886288643,0.30471333861351013,0.9345496892929077,0.08581554889678955,0.5866659283638,0.8231220245361328,-0.34534478187561035,0.3216930627822876,1.151326060295105,-0.09099224209785461,0.5355883240699768,0.8319545984268188,0.0008341952343471348,0.3047816753387451,1.2308531999588013,-0.002803209936246276,0.5325979590415955,0.7421015501022339,0.005358149763196707,0.32798781991004944,1.2260141372680664,-0.0012772688642144203,0.5403056740760803,0.7555939555168152,-0.0010775389382615685,0.3423333466053009,1.1988264322280884,-0.00427603954449296,0.5717337131500244,1.146280288696289,0.17855440080165863,0.3981130123138428,1.1362450122833252,0.22983911633491516
466.6666666666667,,,,,,,,,,,,,,,,,,,,,,,,,,,,,,,,,,,,,,,,,,,,,,,,,,,,,,,,,,,,,,,,0.5852141380310059,0.8045218586921692,-1.926224103954155e-05,0.5655002593994141,0.7551922798156738,0.022672761231660843,0.5378508567810059,0.7214906215667725,0.019903121516108513,0.5163845419883728,0.6933615803718567,0.015235642902553082,0.5075489282608032,0.6625864505767822,0.01045302115380764,0.5210829377174377,0.7424076199531555,-0.024761129170656204,0.4861604869365692,0.7657358050346375,-0.005740782245993614,0.4978691637516022,0.7728680372238159,0.01756996661424637,0.5104301571846008,0.7674242258071899,0.030053824186325073,0.5229718685150146,0.7785100936889648,-0.03559132292866707,0.4909425973892212,0.7991918325424194,-0.014119940809905529,0.502511739730835,0.8024742603302002,0.008011742495000362,0.5134639739990234,0.7973438501358032,0.015552280470728874,0.5287809371948242,0.8132893443107605,-0.04083098843693733,0.4987880289554596,0.8271256685256958,-0.015662195160984993,0.5102860927581787,0.8275207281112671,0.0037871873937547207,0.5204234719276428,0.8230790495872498,0.006524921860545874,0.5360493063926697,0.8457903861999512,-0.0443023219704628,0.5089422464370728,0.8516693115234375,-0.02522239089012146,0.5182585716247559,0.8481965065002441,-0.010343310423195362,0.5280532240867615,0.8444430828094482,-0.004891100339591503,0.5137160420417786,0.30069470405578613,-0.0009064084733836353,0.5284198522567749,0.25373369455337524,-0.0012304078554734588,0.5393707752227783,0.2544512450695038,0.007323081139475107,0.5502381324768066,0.25526162981987,0.0008909672033041716,0.49669986963272095,0.251163125038147,0.005102433264255524,0.48511338233947754,0.25015243887901306,0.0004391757829580456,0.4737246036529541,0.24914589524269104,-0.0028823483735322952,0.5612332224845886,0.277536004781723,-0.00614911550655961,0.45348241925239563,0.2707969546318054,-0.00560715002939105,0.5316835641860962,0.35601869225502014,0.002969135995954275,0.4900849461555481,0.35294145345687866,-0.004925382789224386,0.6315895915031433,0.5528228878974915,-0.008598541840910912,0.3720131516456604,0.5527333617210388,0.008839622139930725,0.706281840801239,0.951119601726532,0.017693718895316124,0.3023892045021057,0.9358077049255371,0.08008456230163574,0.586360514163971,0.8234914541244507,-0.3279690742492676,0.3261214792728424,1.1608563661575317,-0.09508351981639862,0.5352903604507446,0.8318055272102356,0.0007627168670296669,0.31106996536254883,1.2417060136795044,-0.0028437399305403233,0.533470869064331,0.742333173751831,0.005358831491321325,0.33584415912628174,1.2278079986572266,-0.0012711193412542343,0.5411432981491089,0.7550104260444641,-0.0010728305205702782,0.3491631746292114,1.2002806663513184,-0.004276973661035299,0.5740973949432373,1.1456114053726196,0.1589382141828537,0.39895305037498474,1.1368534564971924,0.20983444154262543
483.3333333333333,,,,,,,,,,,,,,,,,,,,,,,,,,,,,,,,,,,,,,,,,,,,,,,,,,,,,,,,,,,,,,,,0.5863975286483765,0.769514262676239,-6.741163088008761e-05,0.5663173794746399,0.7206357717514038,0.0212103184312582,0.5425718426704407,0.6893967986106873,0.018941223621368408,0.5230634212493896,0.6632806062698364,0.01296271476894617,0.5160879492759705,0.6339709162712097,0.004733026493340731,0.5247478485107422,0.6944486498832703,-0.012794628739356995,0.48996949195861816,0.7089519500732422,-0.0028151555452495813,0.4985327124595642,0.7206530570983887,0.01476373989135027,0.5095880031585693,0.7222382426261902,0.027337992563843727,0.5240117907524109,0.7278587818145752,-0.023564718663692474,0.4924546778202057,0.7434823513031006,-0.012458568438887596,0.5029003620147705,0.7520599365234375,0.003652567509561777,0.5137797594070435,0.7509245872497559,0.011751679703593254,0.5274447798728943,0.7607972621917725,-0.030577518045902252,0.49889814853668213,0.7717398405075073,-0.01686202920973301,0.5100885033607483,0.7756252884864807,-0.0019814767874777317,0.521831214427948,0.7733923196792603,0.002746233018115163,0.5328608751296997,0.7909834384918213,-0.03657782822847366,0.5080292224884033,0.7981195449829102,-0.02180333063006401,0.5160468220710754,0.7990412712097168,-0.010099148377776146,0.5270538330078125,0.797187864780426,-0.006814116146415472,0.5120390057563782,0.30364009737968445,-0.0010177692165598273,0.528676450252533,0.25675252079963684,-0.0012480041477829218,0.5400034189224243,0.25780797004699707,0.007325081620365381,0.5512374043464661,0.2589757740497589,0.0008925108704715967,0.4964187443256378,0.2535228729248047,0.005108972545713186,0.48484885692596436,0.2523873448371887,0.00036011723568663,0.4734903573989868,0.25128746032714844,-0.002884303918108344,0.5643251538276672,0.28255707025527954,-0.006168195512145758,0.4549265503883362,0.27340540289878845,-0.0055571142584085464,0.5309317111968994,0.36097031831741333,0.002968773478642106,0.4889237582683563,0.35675179958343506,-0.004919730592519045,0.6334363222122192,0.5549576282501221,-0.006284965202212334,0.37116533517837524,0.5577929615974426,0.0064055658876895905,0.7152848243713379,0.9459552764892578,-0.00793891679495573,0.3003145456314087,0.9416652321815491,0.07501879334449768,0.5903753638267517,0.7763906717300415,-0.3674893081188202,0.32943177223205566,1.165573000907898,-0.10065855830907822,0.540261447429657,0.7792498469352722,0.0006657101330347359,0.31424471735954285,1.251082181930542,-0.0028935035225003958,0.5341894626617432,0.6941762566566467,0.005360607523471117,0.343346506357193,1.2388219833374023,-0.001233610208146274,0.5416139364242554,0.7143070697784424,-0.0010658594546839595,0.3555483818054199,1.210984230041504,-0.00428794464096427,0.5800106525421143,1.148669719696045,0.11360044032335281,0.3997722864151001,1.1457993984222412,0.1612040102481842
500.0,,,,,,,,,,,,,,,,,,,,,,,,,,,,,,,,,,,,,,,,,,,,,,,,,,,,,,,,,,,,,,,,0.5873345136642456,0.7600460052490234,-2.7434802177594975e-05,0.5667468309402466,0.7081646919250488,0.026922550052404404,0.5420244336128235,0.6714566349983215,0.023666834458708763,0.5234324336051941,0.6389529705047607,0.01844874396920204,0.5160173177719116,0.609393835067749,0.01300818007439375,0.5285584330558777,0.6825039982795715,-0.023049375042319298,0.49040061235427856,0.7036231756210327,-0.005076413508504629,0.49949225783348083,0.714319109916687,0.0201287679374218,0.5123651623725891,0.7125977277755737,0.03660960495471954,0.5277639031410217,0.7170148491859436,-0.03513477370142937,0.4929523766040802,0.7401662468910217,-0.011605488136410713,0.503375768661499,0.74794602394104,0.01513271126896143,0.5147823095321655,0.7440891265869141,0.025838112458586693,0.5305745005607605,0.7531321048736572,-0.041339464485645294,0.4989624619483948,0.7677927613258362,-0.013958565890789032,0.5097583532333374,0.7723942995071411,0.009670480154454708,0.5208368897438049,0.7691949605941772,0.015111016109585762,0.5349293947219849,0.7881158590316772,-0.04542720690369606,0.5071617364883423,0.7937679290771484,-0.023923378437757492,0.5158655047416687,0.7938827276229858,-0.006217930465936661,0.5260705947875977,0.7907345294952393,0.0011595874093472958,0.5129724144935608,0.3050515651702881,-0.0011081121629104018,0.5298075079917908,0.2586608827114105,-0.0012546083889901638,0.5410550236701965,0.25996217131614685,0.007329453248530626,0.5522090196609497,0.2613818049430847,0.0008943204302340746,0.4977623224258423,0.2548740804195404,0.005109231453388929,0.4862869083881378,0.25359606742858887,0.0002893821510951966,0.47502484917640686,0.25237515568733215,-0.00288514350540936,0.5649245381355286,0.285160630941391,-0.0061798663809895515,0.4563632011413574,0.2743341326713562,-0.005538295954465866,0.5313383936882019,0.36298587918281555,0.0029678908176720142,0.4896509051322937,0.35799428820610046,-0.004907861817628145,0.6328384876251221,0.5554255247116089,-0.005841310601681471,0.37117284536361694,0.5586892366409302,0.0059332046657800674,0.7166936993598938,0.9432973265647888,-0.010705042630434036,0.3010958135128021,0.940976619720459,0.07544317841529846,0.5918813943862915,0.7730228900909424,-0.3749604821205139,0.33005332946777344,1.16465425491333,-0.10069193691015244,0.5420494675636292,0.7762138843536377,0.0006046676426194608,0.3151039779186249,1.2513729333877563,-0.002904584165662527,0.5353456735610962,0.6910060048103333,0.00536092184484005,0.34439006447792053,1.2422441244125366,-0.0012083944166079164,0.5426336526870728,0.7110692262649536,-0.0010632808553054929,0.35620540380477905,1.2148990631103516,-0.004299556836485863,0.5812270641326904,1.148910403251648,0.11292795091867447,0.4006160497665405,1.1468538045883179,0.1611609011888504
516.6666666666667,,,,,,,,,,,,,,,,,,,,,,,,,,,,,,,,,,,,,,,,,,,,,,,,,,,,,,,,,,,,,,,,0.5875074863433838,0.7270863652229309,-5.036385846324265e-05,0.568300724029541,0.6757501363754272,0.02537631429731846,0.5456305742263794,0.6406881213188171,0.021461740136146545,0.5285112261772156,0.6080463528633118,0.013727343641221523,0.5236411690711975,0.5749291181564331,0.0033892684150487185,0.529083251953125,0.636070966720581,-0.011277765035629272,0.49309390783309937,0.654006838798523,0.0004319779109209776,0.4999707341194153,0.6666496992111206,0.021223073825240135,0.5106885433197021,0.6690561771392822,0.03713354095816612,0.527316153049469,0.6679359674453735,-0.024249615147709846,0.49461254477500916,0.6888056397438049,-0.008316977880895138,0.5046305656433105,0.6989009380340576,0.01162970531731844,0.5153883695602417,0.6959213018417358,0.019729021936655045,0.5291048884391785,0.7015964984893799,-0.033908601850271225,0.5001056790351868,0.7177770733833313,-0.017170775681734085,0.5115002393722534,0.7236222624778748,-0.0013749102363362908,0.523133397102356,0.720299482345581,0.002203180454671383,0.532377302646637,0.7335236668586731,-0.042401984333992004,0.5078932642936707,0.7436719536781311,-0.0228782519698143,0.516451358795166,0.7469581365585327,-0.009664332494139671,0.5274883508682251,0.7447019815444946,-0.0071427952498197556,0.513752281665802,0.30505281686782837,-0.0012355440994724631,0.5305238366127014,0.2586890757083893,-0.0012737411307170987,0.5416252613067627,0.2601515054702759,0.007354368455708027,0.5526183247566223,0.26174208521842957,0.0008651945972815156,0.4988664388656616,0.25526511669158936,0.00513349287211895,0.48751482367515564,0.25414425134658813,0.00017368848784826696,0.4763685166835785,0.25307735800743103,-0.0028894846327602863,0.5649516582489014,0.2861672341823578,-0.006185867357999086,0.45760610699653625,0.2750062346458435,-0.005505373701453209,0.5316157937049866,0.36303654313087463,0.0029526595026254654,0.49037396907806396,0.35798880457878113,-0.004906036891043186,0.6310454607009888,0.5520009994506836,-0.004713237751275301,0.3717438876628876,0.5582937002182007,0.004727720748633146,0.7139770984649658,0.9357455968856812,-0.021366259083151817,0.3031974136829376,0.929162859916687,0.08064982295036316,0.5893028974533081,0.7316938042640686,-0.3626413941383362,0.33104977011680603,1.1581902503967285,-0.099271260201931,0.5403587818145752,0.7199566960334778,0.0004969495930708945,0.31565237045288086,1.2494663000106812,-0.002968510380014777,0.5352226495742798,0.6383724808692932,0.005360579118132591,0.3469342887401581,1.2427446842193604,-0.0011590069625526667,0.5421140789985657,0.6637779474258423,-0.001077264896593988,0.357401579618454,1.2152446508407593,-0.004325534217059612,0.5814412236213684,1.1434038877487183,0.09095481038093567,0.40090692043304443,1.1446934938430786,0.1349944770336151
533.3333333333334,,,,,,,,,,,,,,,,,,,,,,,,,,,,,,,,,,,,,,,,,,,,,,,,,,,,,,,,,,,,,,,,0.5884945392608643,0.7188071608543396,-3.184449451509863e-05,0.5686522722244263,0.6645263433456421,0.028865545988082886,0.5464815497398376,0.6241686940193176,0.02751263603568077,0.5304287075996399,0.5886799097061157,0.024032218381762505,0.5259559750556946,0.5599284172058105,0.019291959702968597,0.5325087308883667,0.630387008190155,-0.018738143146038055,0.49490800499916077,0.6465315818786621,-8.88975991983898e-05,0.49982473254203796,0.6618311405181885,0.025110775604844093,0.512112021446228,0.6646355390548706,0.041463710367679596,0.5302708148956299,0.6633182168006897,-0.03164377808570862,0.4955673813819885,0.6830704808235168,-0.0068039000034332275,0.5037558674812317,0.6945457458496094,0.018971560522913933,0.5154674649238586,0.692879319190979,0.02836635895073414,0.531201958656311,0.6987876296043396,-0.03824669122695923,0.5004136562347412,0.7118203639984131,-0.010767764411866665,0.5097017884254456,0.7198382616043091,0.011767292395234108,0.5213921070098877,0.7176797389984131,0.016393283382058144,0.5338037610054016,0.7329914569854736,-0.04288000985980034,0.5078659057617188,0.7377371191978455,-0.021307986229658127,0.5156210660934448,0.7401778101921082,-0.005101993214339018,0.5259137749671936,0.7380988001823425,0.0005788043490611017,0.5131537914276123,0.3029186427593231,-0.0012948132352903485,0.5294349789619446,0.2566479742527008,-0.0012951507233083248,0.5406670570373535,0.25752490758895874,0.007361812517046928,0.551780104637146,0.2584894895553589,0.0008423603721894324,0.4973454475402832,0.25463753938674927,0.005163108929991722,0.48584869503974915,0.25398319959640503,0.00013388623483479023,0.47456666827201843,0.2528955042362213,-0.0028892371337860823,0.5646162033081055,0.2830890119075775,-0.006193464156240225,0.4560154378414154,0.27487418055534363,-0.005487967748194933,0.5315627455711365,0.360797643661499,0.0029520296957343817,0.49019160866737366,0.3578447103500366,-0.004904989618808031,0.6314631104469299,0.5494883060455322,-0.004061650950461626,0.37181296944618225,0.5576574206352234,0.004047070164233446,0.7134493589401245,0.9358658790588379,-0.020448876544833183,0.30342966318130493,0.9270429611206055,0.08208288252353668,0.588434636592865,0.7299848198890686,-0.3622366189956665,0.33033424615859985,1.1576019525527954,-0.09769763052463531,0.5399810075759888,0.7165443897247314,0.00042391373426653445,0.3145001530647278,1.2497252225875854,-0.003014237154275179,0.535281240940094,0.6336100101470947,0.005360158160328865,0.34522783756256104,1.2429760694503784,-0.0011069682659581304,0.5421239137649536,0.6591188907623291,-0.0010790439555421472,0.35682833194732666,1.2159820795059204,-0.004349170718342066,0.5820963978767395,1.1422971487045288,0.09477105736732483,0.40109193325042725,1.1441320180892944,0.14144423604011536
550.0,,,,,,,,,,,,,,,,,,,,,,,,,,,,,,,,,,,,,,,,,,,,,,,,,,,,,,,,,,,,,,,,0.5873860716819763,0.7180920839309692,-1.2089466508768965e-05,0.5687800645828247,0.6639912724494934,0.028850091621279716,0.5463635921478271,0.6223715543746948,0.02947123348712921,0.529670238494873,0.5868815779685974,0.02702021412551403,0.5245497822761536,0.5582355260848999,0.022266115993261337,0.5299063324928284,0.6297898888587952,-0.014888248406350613,0.49471360445022583,0.6473261713981628,0.004501013085246086,0.49876171350479126,0.6619245409965515,0.028863517567515373,0.5103517770767212,0.6641560792922974,0.04351424798369408,0.5281529426574707,0.6630268692970276,-0.027307696640491486,0.4957369565963745,0.6830053925514221,-0.0014199056895449758,0.5043580532073975,0.6936793923377991,0.02196519263088703,0.5155218243598938,0.6907755732536316,0.028790730983018875,0.5300752520561218,0.6982847452163696,-0.03358643874526024,0.5016743540763855,0.7113721370697021,-0.005629718769341707,0.511523425579071,0.7188127636909485,0.014818916097283363,0.5219142436981201,0.715216338634491,0.018519528210163116,0.5336213707923889,0.7320187091827393,-0.03787079080939293,0.5084732174873352,0.7371991872787476,-0.01712513156235218,0.517400324344635,0.7401541471481323,-0.0017936448566615582,0.5278070569038391,0.7377721667289734,0.0038839734625071287,0.5129792094230652,0.302470862865448,-0.0013379484880715609,0.5295822620391846,0.25658926367759705,-0.001307000988163054,0.5408532023429871,0.25762784481048584,0.007370115257799625,0.5520144701004028,0.2587801218032837,0.000835718004964292,0.4975304901599884,0.25413548946380615,0.005185210611671209,0.4860498905181885,0.25336953997612,9.456110274186358e-05,0.4747874438762665,0.25232768058776855,-0.0028908904641866684,0.5649970173835754,0.2837750017642975,-0.006201980169862509,0.45654910802841187,0.2745843231678009,-0.005463465116918087,0.5314224362373352,0.36052122712135315,0.0029469451401382685,0.4899386763572693,0.35703688859939575,-0.004902041517198086,0.6318916082382202,0.5496383905410767,-0.004171750973910093,0.3721816837787628,0.5568163394927979,0.004222475923597813,0.7135726809501648,0.9360269904136658,-0.02698957361280918,0.305570125579834,0.9258721470832825,0.0878775343298912,0.588935136795044,0.7325078845024109,-0.36962005496025085,0.32859644293785095,1.1561989784240723,-0.09348365664482117,0.5399318337440491,0.7215978503227234,0.00039825274143368006,0.31190887093544006,1.2493221759796143,-0.0030512043740600348,0.5358332395553589,0.6375313997268677,0.005360016133636236,0.3414285182952881,1.2432488203048706,-0.0010729444911703467,0.5425446629524231,0.662604570388794,-0.0010772834066301584,0.3539227843284607,1.2161012887954712,-0.004360347520560026,0.581602156162262,1.1431703567504883,0.10488586872816086,0.4013332724571228,1.1439486742019653,0.15289312601089478
566.6666666666666,,,,,,,,,,,,,,,,,,,,,,,,,,,,,,,,,,,,,,,,,,,,,,,,,,,,,,,,,,,,,,,,0.5879718065261841,0.6862330436706543,-3.757050944841467e-05,0.5717917680740356,0.63132244348526,0.02996153011918068,0.551540732383728,0.5909479856491089,0.028198208659887314,0.5357403755187988,0.5554009675979614,0.02105468511581421,0.5302714109420776,0.5211700201034546,0.012291214428842068,0.5337544679641724,0.5834612846374512,-0.0004787233774550259,0.49967238306999207,0.6009528636932373,0.012185067869722843,0.502187967300415,0.6145927906036377,0.03027322329580784,0.5111792683601379,0.6194740533828735,0.04368706792593002,0.5294642448425293,0.6132717728614807,-0.014948722906410694,0.49832943081855774,0.6364507079124451,0.005619054660201073,0.5071190595626831,0.647542417049408,0.024116983637213707,0.5176490545272827,0.6440749168395996,0.029827961698174477,0.5288453102111816,0.6469218730926514,-0.025791341438889503,0.5029345750808716,0.6662067174911499,-0.005445951130241156,0.5137109756469727,0.6737690567970276,0.010438907891511917,0.5247666239738464,0.6710277199745178,0.01322049368172884,0.5300821661949158,0.6811102032661438,-0.03524952754378319,0.5083933472633362,0.6929817199707031,-0.013910964131355286,0.517058253288269,0.6984657049179077,-0.0005922019481658936,0.5276115536689758,0.6972265243530273,0.0030375823844224215,0.5130323171615601,0.30227917432785034,-0.001355591812171042,0.5297077298164368,0.2568496763706207,-0.0013360512675717473,0.5409725904464722,0.25817015767097473,0.007397125940769911,0.552124559879303,0.25967642664909363,0.0008223596378229558,0.49772992730140686,0.2541077136993408,0.0052257319912314415,0.48631811141967773,0.2533550262451172,6.990903057157993e-05,0.47513723373413086,0.25224509835243225,-0.0028901647310703993,0.5650750398635864,0.28578194975852966,-0.006198902148753405,0.45716768503189087,0.2746219336986542,-0.005416647531092167,0.5314218401908875,0.3604291081428528,0.0029416538309305906,0.48995766043663025,0.3569530248641968,-0.004910101182758808,0.6316158771514893,0.5497747659683228,-0.0028549886774271727,0.37179604172706604,0.5563287138938904,0.0028207830619066954,0.7148776650428772,0.9330790638923645,-0.03980268910527229,0.3053050637245178,0.9246509671211243,0.08341104537248611,0.5916739106178284,0.7033901810646057,-0.3800984025001526,0.32866328954696655,1.1547152996063232,-0.10563353449106216,0.5448227524757385,0.6823655962944031,0.00037061329931020737,0.31210553646087646,1.2479702234268188,-0.003059467999264598,0.5397077202796936,0.6025306582450867,0.005352337844669819,0.34354865550994873,1.2433761358261108,-0.0010144474217668176,0.5452722907066345,0.6319872736930847,-0.0011163221206516027,0.35529375076293945,1.2163070440292358,-0.004378279205411673,0.5821737051010132,1.1428194046020508,0.11596687883138657,0.401412695646286,1.1437596082687378,0.15359888970851898
583.3333333333334,,,,,,,,,,,,,,,,,,,,,,,,,,,,,,,,,,,,,,,,,,,,,,,,,,,,,,,,,,,,,,,,0.5872267484664917,0.6798617839813232,-1.8231914509669878e-05,0.5718171000480652,0.6237358450889587,0.030019588768482208,0.5522053837776184,0.5801947116851807,0.03116864711046219,0.5371780395507812,0.5434741973876953,0.028624622151255608,0.5315096974372864,0.5166237950325012,0.024700084701180458,0.5343481302261353,0.5834866166114807,-0.0038953255861997604,0.5008112192153931,0.596282958984375,0.01300761103630066,0.5018436908721924,0.6110593676567078,0.033146850764751434,0.5114656686782837,0.616951048374176,0.04573708772659302,0.5302026271820068,0.6132552623748779,-0.017580246552824974,0.4984816610813141,0.631712794303894,0.006819798611104488,0.5050526261329651,0.644120991230011,0.02820725180208683,0.5152283906936646,0.6437781453132629,0.035512249916791916,0.5298691987991333,0.647322952747345,-0.025822581723332405,0.5027293562889099,0.6608660817146301,0.0006315084174275398,0.5116426348686218,0.6704753637313843,0.020392196252942085,0.5221424698829651,0.6691737174987793,0.025440827012062073,0.532019853591919,0.6809748411178589,-0.032179128378629684,0.5085701942443848,0.6875179409980774,-0.011741376481950283,0.5167721509933472,0.6918958425521851,0.0035717657301574945,0.5271995663642883,0.6906909346580505,0.01028478890657425,0.5123538970947266,0.29769954085350037,-0.0013631348265334964,0.5291029810905457,0.25446513295173645,-0.0013442417839542031,0.5403695702552795,0.2558480501174927,0.007428125012665987,0.5515269637107849,0.2574002742767334,0.0008074882789514959,0.4971559941768646,0.2516762316226959,0.005279184319078922,0.4857725203037262,0.2510574758052826,6.118513556430116e-05,0.47461849451065063,0.2501993775367737,-0.0028887924272567034,0.5647711157798767,0.28482407331466675,-0.006197552662342787,0.45694708824157715,0.27414602041244507,-0.0054007540456950665,0.5310012102127075,0.3570338785648346,0.0029402561485767365,0.489486426115036,0.35354042053222656,-0.0049178763292729855,0.6319150924682617,0.5494231581687927,-0.0025707329623401165,0.37192651629447937,0.5542587637901306,0.0025131478905677795,0.7154877185821533,0.9324988126754761,-0.041650522500276566,0.30499696731567383,0.919189453125,0.08148987591266632,0.593461275100708,0.6995585560798645,-0.37838876247406006,0.3299792408943176,1.1518313884735107,-0.10563056170940399,0.5466734170913696,0.6778960227966309,0.0003464384062681347,0.31402409076690674,1.2474005222320557,-0.0030913101509213448,0.5427223443984985,0.5976303219795227,0.005348998587578535,0.3473595976829529,1.2431904077529907,-0.0009761339169926941,0.5481694936752319,0.627056896686554,-0.00113611517008394,0.3586944043636322,1.2159672975540161,-0.004378393292427063,0.5829432606697083,1.1425591707229614,0.11263193935155869,0.4019007384777069,1.1431130170822144,0.14562232792377472
600.0,,,,,,,,,,,,,,,,,,,,,,,,,,,,,,,,,,,,,,,,,,,,,,,,,,,,,,,,,,,,,,,,0.5885711312294006,0.6476671695709229,-3.5373705031815916e-05,0.576316773891449,0.5930506587028503,0.03149385005235672,0.5561264157295227,0.55362468957901,0.031977880746126175,0.5410864353179932,0.5195265412330627,0.026728276163339615,0.536366879940033,0.4904409945011139,0.02203652635216713,0.5368818044662476,0.5410735607147217,-0.007975490763783455,0.5011385083198547,0.558562159538269,0.003527310211211443,0.5106446146965027,0.5729071497917175,0.022959798574447632,0.5221574306488037,0.5758532881736755,0.03707701340317726,0.5337612628936768,0.5685553550720215,-0.02365420013666153,0.5023450255393982,0.5940183401107788,-0.004156607203185558,0.5132874250411987,0.6050738096237183,0.014776457101106644,0.5230355858802795,0.6009542942047119,0.021577896550297737,0.5322582721710205,0.6017181873321533,-0.03507808595895767,0.5053072571754456,0.62388014793396,-0.016443228349089622,0.5159457921981812,0.6315425038337708,-0.002493815729394555,0.5259514451026917,0.6286414265632629,-0.0002933469950221479,0.5316184163093567,0.6361403465270996,-0.04460996016860008,0.5082871913909912,0.649201512336731,-0.025350701063871384,0.5171480178833008,0.6549187302589417,-0.013491453602910042,0.5267311930656433,0.6537646651268005,-0.010010434314608574,0.5121651291847229,0.2952045202255249,-0.0013732858933508396,0.5288572907447815,0.2534066140651703,-0.0013658796669915318,0.540134847164154,0.2551438510417938,0.007472331169992685,0.5513144135475159,0.25698909163475037,0.0007916381000541151,0.4969225227832794,0.24947893619537354,0.005319652613252401,0.48555102944374084,0.24849984049797058,4.8467998567502946e-05,0.47440966963768005,0.24738048017024994,-0.002889474621042609,0.5652504563331604,0.28482478857040405,-0.006181946024298668,0.4572000205516815,0.27247005701065063,-0.005377768538892269,0.5307652354240417,0.35614457726478577,0.002900991588830948,0.489438533782959,0.3511921763420105,-0.004917046055197716,0.6314972639083862,0.5494630932807922,-0.0018038710113614798,0.3716072142124176,0.5530871152877808,0.0016920766793191433,0.7156333327293396,0.9325429797172546,-0.0661144107580185,0.30451756715774536,0.9149571657180786,0.07627195119857788,0.5932509303092957,0.671088457107544,-0.3828515112400055,0.3298521637916565,1.139647126197815,-0.1099717766046524,0.5462095737457275,0.6325727105140686,0.0003462872700765729,0.3142453730106354,1.2364479303359985,-0.00311577832326293,0.5410103797912598,0.5618551969528198,0.005338361486792564,0.34770122170448303,1.2306697368621826,-0.0008825569530017674,0.5465056896209717,0.5971060395240784,-0.0011750714620575309,0.35858583450317383,1.2041263580322266,-0.004385469015687704,0.5835370421409607,1.1424245834350586,0.08948028832674026,0.40166977047920227,1.1432558298110962,0.11583220958709717
616.6666666666667,,,,,,,,,,,,,,,,,,,,,,,,,,,,,,,,,,,,,,,,,,,,,,,,,,,,,,,,,,,,,,,,0.5872873067855835,0.6445452570915222,-6.836889497208176e-06,0.5732002854347229,0.5900459289550781,0.03284960985183716,0.5544486045837402,0.545474112033844,0.03519568592309952,0.542054295539856,0.5074415802955627,0.03396530821919441,0.5385025143623352,0.47975680232048035,0.032630644738674164,0.5348197221755981,0.5410374999046326,-0.00956419575959444,0.5003854036331177,0.5585823059082031,0.006729898042976856,0.5073369145393372,0.5727313756942749,0.025823155418038368,0.5188528895378113,0.5736767649650574,0.035104215145111084,0.5318925976753235,0.5694573521614075,-0.025070711970329285,0.5010079741477966,0.5945287942886353,-0.0003142381610814482,0.5114645957946777,0.6049605011940002,0.019211415201425552,0.5221849679946899,0.6001318693161011,0.023035146296024323,0.531438946723938,0.6024040579795837,-0.034767620265483856,0.5055557489395142,0.6209015846252441,-0.008442716673016548,0.516111433506012,0.6298019886016846,0.00937715731561184,0.5263558626174927,0.6261624693870544,0.010548150166869164,0.5321961045265198,0.6353728175163269,-0.04233076423406601,0.5093313455581665,0.6449369788169861,-0.0216198917478323,0.5194927453994751,0.6492574214935303,-0.008515848778188229,0.5300697088241577,0.6469864249229431,-0.00494316266849637,0.5085851550102234,0.2902434170246124,-0.0013747032498940825,0.5270914435386658,0.24991381168365479,-0.0013878562022000551,0.5384374856948853,0.2519453465938568,0.007486298214644194,0.5496795177459717,0.2540775239467621,0.0007912793080322444,0.4952179491519928,0.24538861215114594,0.005323830060660839,0.4840501844882965,0.24430333077907562,4.0036451537162066e-05,0.47309908270835876,0.24318639934062958,-0.0028886671643704176,0.5648990273475647,0.2835116386413574,-0.006173509638756514,0.4573941230773926,0.26944732666015625,-0.005368860904127359,0.5280501842498779,0.35246527194976807,0.002889870898798108,0.48652565479278564,0.3466742932796478,-0.004917255137115717,0.6314541101455688,0.5494937300682068,-0.0029286036733537912,0.3708540201187134,0.5516002178192139,0.0027688490226864815,0.7158582210540771,0.9328963160514832,-0.07923614233732224,0.30172300338745117,0.911799430847168,0.07680065184831619,0.5917441844940186,0.6670098304748535,-0.385416716337204,0.32649147510528564,1.1363564729690552,-0.11118783056735992,0.5462594032287598,0.627134382724762,0.00034571404103189707,0.311851441860199,1.2323492765426636,-0.00312395254150033,0.5409759283065796,0.5568712949752808,0.0053337509743869305,0.3454326391220093,1.227765679359436,-0.0008040341199375689,0.5460999011993408,0.5926621556282043,-0.0011828645365312696,0.35625410079956055,1.2011187076568604,-0.004386833868920803,0.5839406847953796,1.1417094469070435,0.0954168364405632,0.40172526240348816,1.143141269683838,0.1271965652704239
633.3333333333334,,,,,,,,,,,,,,,,,,,,,,,,,,,,,,,,,,,,,,,,,,,,,,,,,,,,,,,,,,,,,,,,0.5864295959472656,0.6440671682357788,1.1648720828816295e-05,0.5721441507339478,0.5913277864456177,0.030601976439356804,0.5538614988327026,0.5462021231651306,0.03260064497590065,0.5412831902503967,0.5097029209136963,0.031226549297571182,0.5366882085800171,0.4844214916229248,0.029585806652903557,0.5357489585876465,0.5413125157356262,-0.014645284041762352,0.5005778670310974,0.5589473247528076,0.0016869171522557735,0.5080456733703613,0.5721314549446106,0.022136205807328224,0.5195336937904358,0.5709567070007324,0.032582614570856094,0.5334399342536926,0.5698873400688171,-0.029299955815076828,0.5018272995948792,0.594078004360199,-0.006266886368393898,0.5119445323944092,0.6041269898414612,0.013560514897108078,0.5227250456809998,0.5992497205734253,0.01796533539891243,0.5330606698989868,0.6030243635177612,-0.03871486335992813,0.5063281059265137,0.6197289228439331,-0.014285694807767868,0.5163558125495911,0.6282990574836731,0.0020995510276407003,0.5262418389320374,0.6247082352638245,0.0027548540383577347,0.5333828926086426,0.6367148756980896,-0.04556618258357048,0.5096668004989624,0.6441103219985962,-0.02751300111413002,0.5196530818939209,0.6484842300415039,-0.016248350962996483,0.5302239656448364,0.6470856666564941,-0.013159452006220818,0.507921040058136,0.2897150218486786,-0.0013750279322266579,0.5269344449043274,0.24957174062728882,-0.0014058625092729926,0.5382837057113647,0.25171172618865967,0.00750834820792079,0.5495288372039795,0.2539844810962677,0.0007908889674581587,0.4951598346233368,0.24488680064678192,0.0053403303027153015,0.484026700258255,0.2437722533941269,3.728979208972305e-05,0.4730134904384613,0.24266363680362701,-0.002888660877943039,0.5648255944252014,0.28314292430877686,-0.006165564060211182,0.4574677050113678,0.268990159034729,-0.00535357603803277,0.5275397300720215,0.35205262899398804,0.00287127448245883,0.48607417941093445,0.3460681438446045,-0.004917551297694445,0.6314391493797302,0.5494698882102966,-0.003896120935678482,0.3708775043487549,0.5513650178909302,0.0037074938882142305,0.7155416011810303,0.932867169380188,-0.07794814556837082,0.3017478287220001,0.9109965562820435,0.07843151688575745,0.5912087559700012,0.6671202182769775,-0.3862554728984833,0.32643628120422363,1.1359423398971558,-0.10745961219072342,0.5471817851066589,0.6272029280662537,0.00033444087603129447,0.31185227632522583,1.231520652770996,-0.003124447539448738,0.5414295196533203,0.5567576289176941,0.005330062471330166,0.3454243540763855,1.2275621891021729,-0.0007349478546530008,0.546136200428009,0.5924764275550842,-0.0011935351649299264,0.3562542498111725,1.2007904052734375,-0.004389086272567511,0.5838783979415894,1.1417210102081299,0.09615737944841385,0.40172675251960754,1.1431645154953003,0.12782521545886993
650.0,,,,,,,,,,,,,,,,,,,,,,,,,,,,,,,,,,,,,,,,,,,,,,,,,,,,,,,,,,,,,,,,0.5874689817428589,0.6199584603309631,-2.4820246835588478e-05,0.5760778784751892,0.563367486000061,0.03181394934654236,0.5580118894577026,0.5211970210075378,0.033997975289821625,0.5442535877227783,0.4853671193122864,0.031441427767276764,0.5410022735595703,0.457181453704834,0.027846675366163254,0.5389535427093506,0.5086431503295898,0.0018641219940036535,0.5056557059288025,0.5244072675704956,0.016454726457595825,0.5095111727714539,0.5381792783737183,0.03287065774202347,0.5190152525901794,0.5424058437347412,0.043887846171855927,0.5342411398887634,0.5342379808425903,-0.012598663568496704,0.504326581954956,0.5573199987411499,0.010308888740837574,0.5133869647979736,0.568108320236206,0.024692900478839874,0.5236639976501465,0.5650970935821533,0.02669912949204445,0.531830370426178,0.5651322603225708,-0.022619908675551414,0.5069566369056702,0.5838179588317871,-0.000781544775236398,0.5158575177192688,0.5923300981521606,0.011638757772743702,0.5257163643836975,0.5913823843002319,0.011872800067067146,0.530874490737915,0.5965075492858887,-0.031061992049217224,0.5088633894920349,0.6080741882324219,-0.010061460547149181,0.5160507559776306,0.6151377558708191,0.0024691422004252672,0.5252645611763,0.6158806085586548,0.006063767243176699,0.5076027512550354,0.29041391611099243,-0.0013854393037036061,0.5269036889076233,0.24943622946739197,-0.0014433149481192231,0.5382766723632812,0.2514159083366394,0.007531258277595043,0.549500584602356,0.2535269856452942,0.0007748964708298445,0.49510708451271057,0.24504095315933228,0.005383266136050224,0.48400330543518066,0.24397386610507965,3.197242403985001e-05,0.47300705313682556,0.24292819201946259,-0.002888750983402133,0.5651752352714539,0.2827463746070862,-0.006159909535199404,0.4577149748802185,0.26892799139022827,-0.0053048525005578995,0.5275349020957947,0.35209405422210693,0.0028466475196182728,0.4860022962093353,0.34645766019821167,-0.004917366895824671,0.6316554546356201,0.5491363406181335,-0.0037900882307440042,0.37201663851737976,0.5495426654815674,0.0036075576208531857,0.7152726054191589,0.9320624470710754,-0.07686872035264969,0.30209100246429443,0.9053748846054077,0.07967489212751389,0.5906607508659363,0.6513904333114624,-0.3831198811531067,0.32803991436958313,1.1275845766067505,-0.10640259832143784,0.5479304790496826,0.6025542616844177,0.00032954016933217645,0.3144266605377197,1.2234811782836914,-0.003126369323581457,0.5423250794410706,0.5348927974700928,0.0053241560235619545,0.34900298714637756,1.2187386751174927,-0.000623621977865696,0.546560525894165,0.57343989610672,-0.0012238026829436421,0.35943087935447693,1.192368745803833,-0.004390223417431116,0.5839162468910217,1.141595721244812,0.09713437408208847,0.4032464921474457,1.1425361633300781,0.12855270504951477
666.6666666666667,,,,,,,,,,,,,,,,,,,,,,,,,,,,,,,,,,,,,,,,,,,,,,,,,,,,,,,,,,,,,,,,0.5865883827209473,0.6166874766349792,-6.350539024424506e-06,0.5752885937690735,0.5599048733711243,0.03277013078331947,0.5590123534202576,0.5135436654090881,0.03665966913104057,0.5477194786071777,0.4732857048511505,0.03709590807557106,0.54636549949646,0.443927526473999,0.03606955707073212,0.538334846496582,0.5090226531028748,0.000171912121004425,0.5066267251968384,0.5217094421386719,0.017178723588585854,0.5099517107009888,0.5364159345626831,0.0339122898876667,0.5196758508682251,0.5410993099212646,0.042233869433403015,0.5328102111816406,0.5349938869476318,-0.01404441986232996,0.5039082169532776,0.5565611720085144,0.013822957873344421,0.5126776099205017,0.5687156319618225,0.029560700058937073,0.5230107307434082,0.5659688711166382,0.030442146584391594,0.5307799577713013,0.5659611821174622,-0.022832410410046577,0.5071502923965454,0.5818946361541748,0.004908416885882616,0.5158958435058594,0.5920823216438293,0.01944684237241745,0.525787889957428,0.5903802514076233,0.01930466666817665,0.5309157371520996,0.5970990657806396,-0.03004123456776142,0.5091768503189087,0.6043577194213867,-0.00881831906735897,0.516986608505249,0.6105397343635559,0.003504411783069372,0.5270061492919922,0.6103322505950928,0.007444028742611408,0.5082705616950989,0.29072073101997375,-0.0014064947608858347,0.5272485613822937,0.24964702129364014,-0.0014596696710214019,0.5385758280754089,0.2515847384929657,0.0075383433140814304,0.5497684478759766,0.2536433935165405,0.0007425292278639972,0.4954723119735718,0.24525557458400726,0.0053833769634366035,0.48433077335357666,0.24416685104370117,3.151058263028972e-05,0.47333386540412903,0.24310782551765442,-0.002888487884774804,0.5648989677429199,0.2823820412158966,-0.006156963761895895,0.4577532410621643,0.2687622606754303,-0.005284702870994806,0.5280035138130188,0.3521595001220703,0.002835826948285103,0.4864211678504944,0.34651055932044983,-0.00490931561216712,0.630167543888092,0.5489873886108398,-0.0035248904023319483,0.37187179923057556,0.5492551922798157,0.003357569221407175,0.7139226794242859,0.9296380281448364,-0.07828827202320099,0.3019430935382843,0.9031035304069519,0.08280771225690842,0.5898881554603577,0.6474369764328003,-0.3822207450866699,0.3278299570083618,1.1253385543823242,-0.10369298607110977,0.5468176007270813,0.5961608290672302,0.0003203498781658709,0.3139513432979584,1.2202214002609253,-0.003130401484668255,0.5415319800376892,0.5302587747573853,0.00530680688098073,0.3479864299297333,1.2157779932022095,-0.0005844368133693933,0.5458471775054932,0.569114089012146,-0.0012347904266789556,0.3586393892765045,1.1896288394927979,-0.004392558708786964,0.5832442045211792,1.1386743783950806,0.09497037529945374,0.4032587707042694,1.1400375366210938,0.12884236872196198
683.3333333333334,,,,,,,,,,,,,,,,,,,,,,,,,,,,,,,,,,,,,,,,,,,,,,,,,,,,,,,,,,,,,,,,0.5873667597770691,0.5926479697227478,-1.0971049050567672e-05,0.5763039588928223,0.536444365978241,0.034651365131139755,0.5617595314979553,0.4932348430156708,0.03973836451768875,0.5506070852279663,0.45737963914871216,0.039509598165750504,0.5470795035362244,0.4331201910972595,0.03730141744017601,0.5418991446495056,0.478624165058136,0.013866830617189407,0.5117034316062927,0.48808154463768005,0.032387781888246536,0.5112032890319824,0.5041306614875793,0.04979264736175537,0.5181897282600403,0.5128108263015747,0.06085778400301933,0.5353713035583496,0.5026427507400513,-0.0010950725991278887,0.507897675037384,0.5230139493942261,0.026114990934729576,0.5145801305770874,0.5365917086601257,0.03951510414481163,0.5243320465087891,0.5362442135810852,0.04036449268460274,0.5315357446670532,0.5323187112808228,-0.011437347158789635,0.5095126628875732,0.5494624972343445,0.013670979999005795,0.5175416469573975,0.5601528286933899,0.02475508488714695,0.5275810956954956,0.5611414909362793,0.02416139654815197,0.5299480557441711,0.5623086094856262,-0.02033664472401142,0.5111937522888184,0.5717993974685669,0.0021345289424061775,0.5179676413536072,0.580254316329956,0.013154514133930206,0.5268773436546326,0.5824306607246399,0.01642630808055401,0.5098682045936584,0.2947691082954407,-0.0014274301938712597,0.5286124348640442,0.2526702582836151,-0.0014997872058302164,0.5399187803268433,0.254620224237442,0.007545301225036383,0.5511014461517334,0.25667864084243774,0.0006896071135997772,0.4968418478965759,0.24780242145061493,0.0053901467472314835,0.4856421649456024,0.24642078578472137,2.547643452999182e-05,0.47462812066078186,0.24509581923484802,-0.00288798613473773,0.5660061836242676,0.28408926725387573,-0.006156825460493565,0.458656370639801,0.2695175111293793,-0.0052264719270169735,0.5292383432388306,0.35499638319015503,0.0028315787203609943,0.48749881982803345,0.3488815724849701,-0.0048973653465509415,0.6289752721786499,0.547562837600708,-0.0021613086573779583,0.3726566731929779,0.5481430292129517,0.0019962640944868326,0.7139484882354736,0.9285845160484314,-0.09624386578798294,0.3022708296775818,0.9028502702713013,0.07994729280471802,0.5898767113685608,0.6221740245819092,-0.37955331802368164,0.32777079939842224,1.1249748468399048,-0.10475356131792068,0.5466265678405762,0.5628992915153503,0.00029958985396660864,0.3138101100921631,1.2196918725967407,-0.003152466146275401,0.5410784482955933,0.5054947137832642,0.005285324528813362,0.3477717936038971,1.2152034044265747,-0.0005366838304325938,0.5451899170875549,0.5467243790626526,-0.0012544828932732344,0.3584599196910858,1.1890469789505005,-0.004393533803522587,0.5828546285629272,1.1350619792938232,0.09420839697122574,0.4041996896266937,1.137225866317749,0.12251932919025421
700.0000000000001,,,,,,,,,,,,,,,,,,,,,,,,,,,,,,,,,,,,,,,,,,,,,,,,,,,,,,,,,,,,,,,,0.5852980017662048,0.5881213545799255,-4.312673809181433e-06,0.5748958587646484,0.5321722030639648,0.03218428045511246,0.5611428022384644,0.4867115020751953,0.03631553798913956,0.5521144270896912,0.44831040501594543,0.036217574030160904,0.5495933890342712,0.42366257309913635,0.034920528531074524,0.5405538082122803,0.4787806272506714,0.0021643515210598707,0.5088627338409424,0.4900743067264557,0.02034955844283104,0.512980043888092,0.5044135451316833,0.036988209933042526,0.5227973461151123,0.5088088512420654,0.04547462984919548,0.5343440175056458,0.5035097599029541,-0.011596796102821827,0.5062235593795776,0.5234440565109253,0.016796143725514412,0.5148798227310181,0.5352227091789246,0.0319177620112896,0.5254680514335632,0.5334563255310059,0.032250452786684036,0.5308400988578796,0.5334373712539673,-0.020412810146808624,0.5081204175949097,0.5478668212890625,0.007366369478404522,0.5163285136222839,0.5576730966567993,0.01967019774019718,0.5262364745140076,0.5569621324539185,0.018362104892730713,0.5293372273445129,0.5639848113059998,-0.027396824210882187,0.5087408423423767,0.5693898797035217,-0.006009969394654036,0.5165526866912842,0.5763584971427917,0.005108610726892948,0.5264027714729309,0.5771892070770264,0.008311720564961433,0.5099514126777649,0.29776325821876526,-0.0014306084485724568,0.5286790728569031,0.2548363506793976,-0.0015310310991480947,0.5400034189224243,0.2565845251083374,0.007546588312834501,0.5512118935585022,0.2584457993507385,0.0006407515611499548,0.4969359040260315,0.2503055930137634,0.0053950026631355286,0.4857420027256012,0.2489447444677353,1.986278766707983e-05,0.4747498333454132,0.24765212833881378,-0.002886801026761532,0.5665884613990784,0.2851174771785736,-0.006153360474854708,0.45911839604377747,0.2711278200149536,-0.005166014656424522,0.529475748538971,0.3569452166557312,0.0028179315850138664,0.48775142431259155,0.3512432277202606,-0.0048972489312291145,0.6288389563560486,0.5474852919578552,-0.002075877273455262,0.37374088168144226,0.5473084449768066,0.0019108779961243272,0.7130602598190308,0.9255695939064026,-0.09730251133441925,0.30344337224960327,0.9020918607711792,0.083343006670475,0.5876144766807556,0.61973637342453,-0.37954187393188477,0.32799309492111206,1.1239333152770996,-0.10138343274593353,0.5469122529029846,0.5615190863609314,0.0002968447806779295,0.31395775079727173,1.2181941270828247,-0.0031659032683819532,0.5416237711906433,0.5035767555236816,0.0052837468683719635,0.3477001190185547,1.2142517566680908,-0.0005166253540664911,0.5450770854949951,0.5442351698875427,-0.0012633976293727756,0.3585015833377838,1.1878217458724976,-0.004412125330418348,0.5820260643959045,1.1334130764007568,0.10044709593057632,0.4040306806564331,1.1357227563858032,0.13046708703041077
716.6666666666666,,,,,,,,,,,,,,,,,,,,,,,,,,,,,,,,,,,,,,,,,,,,,,,,,,,,,,,,,,,,,,,,0.5843157172203064,0.5885171294212341,3.0983508167992113e-06,0.5750417113304138,0.5337988138198853,0.03232039138674736,0.5616021752357483,0.48683395981788635,0.03726550191640854,0.55254065990448,0.4474269151687622,0.03738200664520264,0.5496429800987244,0.42234259843826294,0.0363575778901577,0.5405773520469666,0.4800609350204468,0.004919140134006739,0.5102217197418213,0.4902867376804352,0.02244318649172783,0.5124245882034302,0.5032510757446289,0.03873699903488159,0.5208539366722107,0.50799161195755,0.04714398831129074,0.533637285232544,0.5040706396102905,-0.008823307231068611,0.507453441619873,0.5246568322181702,0.02053934894502163,0.5154342651367188,0.5361598134040833,0.03517575189471245,0.5247494578361511,0.5346367955207825,0.035132743418216705,0.5296934247016907,0.5331553816795349,-0.017644863575696945,0.5090661644935608,0.5493817925453186,0.01108736265450716,0.5169812440872192,0.5589499473571777,0.022912105545401573,0.5261307954788208,0.5577763319015503,0.021125782281160355,0.527885913848877,0.5628313422203064,-0.024741709232330322,0.5098353624343872,0.5701879262924194,-0.002739300951361656,0.5176569819450378,0.577438473701477,0.00798102281987667,0.5267048478126526,0.5782264471054077,0.010956239886581898,0.5094828009605408,0.2986365556716919,-0.001435182406567037,0.528380274772644,0.2558995485305786,-0.001558955991640687,0.539699912071228,0.2576674520969391,0.007553108036518097,0.5509083271026611,0.2595423460006714,0.00060042436234653,0.49671074748039246,0.2512918710708618,0.005398310720920563,0.4855602979660034,0.24988561868667603,1.4698373888677452e-05,0.47461822628974915,0.24855485558509827,-0.0028866298962384462,0.5666067600250244,0.28623420000076294,-0.006150912027806044,0.4593353271484375,0.2718627154827118,-0.0051095979288220406,0.5290557146072388,0.35780078172683716,0.0028127599507570267,0.4874125123023987,0.3519727885723114,-0.004897143691778183,0.6286811232566833,0.546409547328949,-0.0019347451161593199,0.37351930141448975,0.5464015007019043,0.0017972284695133567,0.7134417295455933,0.9239178895950317,-0.10030443221330643,0.3037268817424774,0.9012148380279541,0.08439149707555771,0.5863180160522461,0.6184919476509094,-0.3799140155315399,0.3286021649837494,1.1239385604858398,-0.1012333333492279,0.5464128255844116,0.5614134669303894,0.00028764765011146665,0.31513020396232605,1.2178184986114502,-0.0031747708562761545,0.5411986112594604,0.503224790096283,0.005282605066895485,0.348324179649353,1.2137150764465332,-0.0005071929772384465,0.5446282029151917,0.54337078332901,-0.0012847583275288343,0.3590172827243805,1.1870709657669067,-0.004425097722560167,0.581687867641449,1.1323211193084717,0.10553613305091858,0.4041154384613037,1.135738492012024,0.13105174899101257
733.3333333333334,,,,,,,,,,,,,,,,,,,,,,,,,,,,,,,,,,,,,,,,,,,,,,,,,,,,,,,,,,,,,,,,0.5862559676170349,0.5647110342979431,-1.720697764540091e-05,0.5762463212013245,0.5099015831947327,0.035306673496961594,0.563748836517334,0.46535325050354004,0.04047597944736481,0.5546259880065918,0.4293981194496155,0.04097184166312218,0.5532277226448059,0.40635132789611816,0.03973781690001488,0.5438752174377441,0.4481874108314514,0.01426576729863882,0.5139732360839844,0.46449026465415955,0.0359162837266922,0.514707624912262,0.4821760952472687,0.05354566127061844,0.5227259397506714,0.48985493183135986,0.06360484659671783,0.5364447236061096,0.4722553491592407,-0.0001547276187920943,0.5110628008842468,0.4959283471107483,0.029361912980675697,0.5181326866149902,0.5109108686447144,0.041898153722286224,0.5273900032043457,0.5096850395202637,0.041160933673381805,0.5316525101661682,0.5029474496841431,-0.009523175656795502,0.5121904611587524,0.5218237638473511,0.018068848177790642,0.5197946429252625,0.5344576239585876,0.028560081496834755,0.5287080407142639,0.5351389646530151,0.02660134807229042,0.5289667844772339,0.5337274670600891,-0.017776712775230408,0.5120840668678284,0.5442695021629333,0.006347608752548695,0.5195014476776123,0.5539250373840332,0.017260897904634476,0.5280659198760986,0.5549428462982178,0.019842498004436493,0.5097031593322754,0.29888489842414856,-0.0014865918783470988,0.5288190245628357,0.25632867217063904,-0.0015776015352457762,0.5401511788368225,0.2581523656845093,0.007557505741715431,0.5513781905174255,0.26008254289627075,0.0005689476383849978,0.4969911277294159,0.2515771687030792,0.005342200398445129,0.4857896566390991,0.2501188814640045,-9.274509466195013e-06,0.4748016595840454,0.24874049425125122,-0.002886613365262747,0.5672339200973511,0.28707170486450195,-0.006150729022920132,0.4594957232475281,0.2721169888973236,-0.005059199407696724,0.5292782783508301,0.35836759209632874,0.0028123401571065187,0.4875200390815735,0.35236555337905884,-0.004888664465397596,0.6284682154655457,0.545920729637146,-0.003763138782233,0.37411099672317505,0.5465198159217834,0.003648607525974512,0.7168027758598328,0.9121274352073669,-0.17239142954349518,0.30351462960243225,0.9014989137649536,0.08371920883655548,0.581099271774292,0.5941827297210693,-0.3866185247898102,0.328249990940094,1.12434983253479,-0.09704040735960007,0.5428293943405151,0.527839183807373,0.00027584497001953423,0.3147830367088318,1.218572974205017,-0.003198278835043311,0.5379872918128967,0.4814608693122864,0.005271832924336195,0.34696197509765625,1.214587688446045,-0.000506117008626461,0.5413482785224915,0.5244231224060059,-0.0012905902694910765,0.35781973600387573,1.1877864599227905,-0.004453662317246199,0.5812826752662659,1.132623314857483,0.08357756584882736,0.4038015305995941,1.1357886791229248,0.11238506436347961
750.0,,,,,,,,,,,,,,,,,,,,,,,,,,,,,,,,,,,,,,,,,,,,,,,,,,,,,,,,,,,,,,,,0.5838484168052673,0.5617048144340515,-1.4502609246846987e-06,0.5751909017562866,0.5084418654441833,0.03334420174360275,0.563570499420166,0.4628864526748657,0.038446735590696335,0.555935263633728,0.42481720447540283,0.039001092314720154,0.5550389885902405,0.4002611041069031,0.03912060707807541,0.5429255962371826,0.45131927728652954,0.006410843227058649,0.5126899480819702,0.4642091393470764,0.02641257643699646,0.5160672068595886,0.479682594537735,0.04289834946393967,0.5253722071647644,0.48529335856437683,0.050038762390613556,0.5353896021842957,0.4740775227546692,-0.007330452091991901,0.5100603103637695,0.4962509274482727,0.02313130348920822,0.5178183317184448,0.5086262226104736,0.03721850737929344,0.5275076627731323,0.507280170917511,0.035803575068712234,0.5304552316665649,0.5030041337013245,-0.015812434256076813,0.5112462639808655,0.5199922323226929,0.013518637046217918,0.5184550881385803,0.5304650664329529,0.025299038738012314,0.5273024439811707,0.5299632549285889,0.023400738835334778,0.527581512928009,0.5328477025032043,-0.02295331098139286,0.5109784007072449,0.5410359501838684,-0.0003986860974691808,0.5185985565185547,0.5493829250335693,0.010328864678740501,0.5275677442550659,0.550445020198822,0.012988431379199028,0.5097938776016235,0.29927918314933777,-0.001516482443548739,0.5288853049278259,0.25646543502807617,-0.0015880893915891647,0.5402097702026367,0.25823771953582764,0.0075634196400642395,0.5514265894889832,0.2601146101951599,0.0005446423310786486,0.49701663851737976,0.2518036365509033,0.005292379762977362,0.48580002784729004,0.25035732984542847,-2.3343212887994014e-05,0.47480103373527527,0.24898657202720642,-0.002886244561523199,0.5672851800918579,0.28706029057502747,-0.00615066708996892,0.4594723880290985,0.2722814083099365,-0.005023865960538387,0.5292994976043701,0.3586978018283844,0.0028065175283700228,0.4875439405441284,0.35278770327568054,-0.004882558714598417,0.628503143787384,0.545017421245575,-0.006116635166108608,0.3742278516292572,0.546545147895813,0.006006564479321241,0.7175132036209106,0.9076376557350159,-0.17337939143180847,0.30296096205711365,0.9015130996704102,0.08359866589307785,0.5792931318283081,0.5892061591148376,-0.39067402482032776,0.32554683089256287,1.1239410638809204,-0.09503123909235,0.5409747362136841,0.5226847529411316,0.000266235409071669,0.3111870586872101,1.2184444665908813,-0.0032193337101489305,0.5363809466362,0.4756064713001251,0.005264832638204098,0.34296298027038574,1.214484453201294,-0.0004940578946843743,0.5397540926933289,0.519001305103302,-0.001292521134018898,0.3542087972164154,1.187509536743164,-0.00446860259398818,0.580524742603302,1.1334149837493896,0.0856224000453949,0.4031178057193756,1.1362134218215942,0.11660579591989517
766.6666666666667,,,,,,,,,,,,,,,,,,,,,,,,,,,,,,,,,,,,,,,,,,,,,,,,,,,,,,,,,,,,,,,,0.5851993560791016,0.5442138314247131,-2.4078430215013213e-05,0.5758146047592163,0.4913288354873657,0.034290969371795654,0.5656253099441528,0.447896808385849,0.038956981152296066,0.5581857562065125,0.412508487701416,0.03996706008911133,0.5581188797950745,0.3913919925689697,0.04039279371500015,0.5463328957557678,0.4324881434440613,0.01095968671143055,0.5152492523193359,0.44676995277404785,0.03223099932074547,0.517113983631134,0.46307626366615295,0.049288660287857056,0.5258545875549316,0.4689214825630188,0.057236187160015106,0.5389692783355713,0.45376333594322205,-0.003548575099557638,0.5114879608154297,0.47624340653419495,0.025343263521790504,0.5181988477706909,0.489474892616272,0.038909610360860825,0.5284140110015869,0.4882725477218628,0.03815985471010208,0.5337496399879456,0.48200035095214844,-0.013074919581413269,0.5120038986206055,0.4996723234653473,0.01369461603462696,0.5186413526535034,0.5118813514709473,0.02505440264940262,0.5279181003570557,0.5128262639045715,0.02346809022128582,0.5305788516998291,0.5108323693275452,-0.021302038803696632,0.5115765333175659,0.5210238695144653,0.0007442341884598136,0.5169115662574768,0.5312526822090149,0.011130159720778465,0.5245231986045837,0.5335731506347656,0.013121869415044785,0.5097254514694214,0.3002113401889801,-0.0015731932362541556,0.5288935303688049,0.25695064663887024,-0.0016257582465186715,0.5402287244796753,0.2587011754512787,0.007562970742583275,0.5514552593231201,0.26055997610092163,0.0004965948173776269,0.49694934487342834,0.2522486448287964,0.005227958783507347,0.48568350076675415,0.250749796628952,-3.056029527215287e-05,0.47462764382362366,0.24932801723480225,-0.0028880483005195856,0.5673075914382935,0.28726568818092346,-0.006150829140096903,0.4593231976032257,0.2723715007305145,-0.004968185909092426,0.5292675495147705,0.3594851493835449,0.0028035526629537344,0.48738887906074524,0.3535189628601074,-0.004879992920905352,0.6276227831840515,0.5438694953918457,-0.01147991418838501,0.3742244839668274,0.546539843082428,0.011354089714586735,0.7178595066070557,0.8934115171432495,-0.22697466611862183,0.3026197850704193,0.901530921459198,0.08077725768089294,0.5781925916671753,0.5612736344337463,-0.4077322483062744,0.3233136236667633,1.1235088109970093,-0.09446819871664047,0.5416938662528992,0.48457273840904236,0.00026271611568517983,0.3090227544307709,1.218199610710144,-0.003214783500880003,0.5367045402526855,0.4463818073272705,0.005256218370050192,0.3400039076805115,1.2140979766845703,-0.0004846385563723743,0.539398729801178,0.4925650656223297,-0.0012972456170246005,0.3515479266643524,1.1868841648101807,-0.004489311948418617,0.5790258049964905,1.1335729360580444,0.08620817214250565,0.40218135714530945,1.1358689069747925,0.11924364417791367
783.3333333333334,,,,,,,,,,,,,,,,,,,,,,,,,,,,,,,,,,,,,,,,,,,,,,,,,,,,,,,,,,,,,,,,0.5828776359558105,0.5417228937149048,-2.6844088552024914e-06,0.5750548243522644,0.48947376012802124,0.03277529403567314,0.5656937956809998,0.44492921233177185,0.03771481290459633,0.5604293942451477,0.40834948420524597,0.03861095383763313,0.5608868598937988,0.3870844542980194,0.03961313143372536,0.5451173782348633,0.4330255687236786,0.008584599941968918,0.5151581764221191,0.44592612981796265,0.028347332030534744,0.5178250074386597,0.4621173143386841,0.043838296085596085,0.5261515378952026,0.4680967926979065,0.049933936446905136,0.5375550389289856,0.4539070427417755,-0.004860912449657917,0.5118139982223511,0.47507444024086,0.024279052391648293,0.518474280834198,0.48839035630226135,0.03716593608260155,0.5277063846588135,0.4882422983646393,0.03546707332134247,0.5322625041007996,0.48101621866226196,-0.013263690285384655,0.5123525261878967,0.4976479411125183,0.01558135636150837,0.5187817811965942,0.5085020065307617,0.027480708435177803,0.5274414420127869,0.5087824463844299,0.025819603353738785,0.5291370153427124,0.5093719363212585,-0.02031295746564865,0.5131224393844604,0.5174612998962402,0.001894707907922566,0.5198056697845459,0.5261277556419373,0.01240989938378334,0.528090238571167,0.5282794833183289,0.015277273021638393,0.5096127390861511,0.30108946561813354,-0.0016030024271458387,0.5288817286491394,0.25773242115974426,-0.0016439829487353563,0.5402122735977173,0.2595480680465698,0.007566217798739672,0.5514346957206726,0.26147595047950745,0.0004720785073004663,0.4969409704208374,0.25280943512916565,0.00519137317314744,0.48566484451293945,0.25121551752090454,-3.6262823414290324e-05,0.4745960235595703,0.24970334768295288,-0.002888352144509554,0.5672449469566345,0.288112998008728,-0.006150552537292242,0.4592857360839844,0.2725107669830322,-0.004946856759488583,0.529143750667572,0.3603608012199402,0.0028011463582515717,0.48723384737968445,0.3540854752063751,-0.004878063686192036,0.6273531317710876,0.5432706475257874,-0.01331093069165945,0.37415611743927,0.5462684631347656,0.013180284760892391,0.7174019813537598,0.8903353214263916,-0.21057306230068207,0.30276918411254883,0.9013301730155945,0.08294153213500977,0.5785572528839111,0.5606790781021118,-0.4076303243637085,0.32286134362220764,1.123111605644226,-0.08965274691581726,0.542507529258728,0.4860668182373047,0.000260537228314206,0.3084523379802704,1.2174891233444214,-0.003219956997781992,0.5371639728546143,0.44510596990585327,0.005247417371720076,0.3385300040245056,1.2132601737976074,-0.000483113486552611,0.5394213795661926,0.49057164788246155,-0.0013030708068981767,0.35031720995903015,1.1858747005462646,-0.004492182284593582,0.5783400535583496,1.1330130100250244,0.08545756340026855,0.40183210372924805,1.135389804840088,0.12023646384477615
800.0,,,,,,,,,,,,,,,,,,,,,,,,,,,,,,,,,,,,,,,,,,,,,,,,,,,,,,,,,,,,,,,,0.5820102095603943,0.5390604734420776,7.939758006614284e-07,0.5746631622314453,0.48852860927581787,0.030164329335093498,0.5654980540275574,0.4449237585067749,0.03427610546350479,0.5603832006454468,0.4081733226776123,0.03478112071752548,0.561708390712738,0.3867700397968292,0.03529161959886551,0.5455160737037659,0.43268150091171265,0.0046365996822714806,0.5155416131019592,0.4466840624809265,0.023815475404262543,0.5183095335960388,0.46259886026382446,0.039358559995889664,0.5265234112739563,0.4674716889858246,0.04449174925684929,0.5378800630569458,0.4539811909198761,-0.007337720133364201,0.5123178362846375,0.47456225752830505,0.01959274150431156,0.5185577273368835,0.4877430200576782,0.03217450529336929,0.5274665355682373,0.48734691739082336,0.030750978738069534,0.5323224663734436,0.4807458221912384,-0.014226618222892284,0.5125808119773865,0.4969843924045563,0.013490675948560238,0.518963634967804,0.5082151293754578,0.024497075006365776,0.5271749496459961,0.5081070065498352,0.0223732590675354,0.5285789966583252,0.5083406567573547,-0.01987273618578911,0.5137498378753662,0.5165380239486694,0.001374417101033032,0.5204852223396301,0.5257809162139893,0.01060581300407648,0.5280500650405884,0.5278275012969971,0.012551314197480679,0.508949339389801,0.30104395747184753,-0.0016471169656142592,0.5285953283309937,0.2577987015247345,-0.0016619148664176464,0.5399864315986633,0.2596176266670227,0.007571649271994829,0.5512716770172119,0.261543869972229,0.0004438666219357401,0.49646151065826416,0.2528536021709442,0.005153874401003122,0.4851246476173401,0.25124651193618774,-3.682505484903231e-05,0.4739975333213806,0.2497178316116333,-0.0028886361978948116,0.5673635601997375,0.2881183326244354,-0.006150799337774515,0.4588697850704193,0.2725774943828583,-0.004945298656821251,0.5286296010017395,0.3604264557361603,0.0028004858177155256,0.4864710867404938,0.3541257381439209,-0.004865388851612806,0.6265003681182861,0.5431725382804871,-0.013346731662750244,0.3738669753074646,0.5462740659713745,0.013215354643762112,0.7164309620857239,0.8938587307929993,-0.21566717326641083,0.30293238162994385,0.9013417959213257,0.07957123219966888,0.5799247026443481,0.5634603500366211,-0.4048134982585907,0.322735458612442,1.1239687204360962,-0.08968247473239899,0.5435255169868469,0.48624831438064575,0.00026031082961708307,0.308740496635437,1.2185325622558594,-0.0032255612313747406,0.5387449860572815,0.4476972818374634,0.00523733114823699,0.33828800916671753,1.2145061492919922,-0.00047883132356218994,0.5413556098937988,0.4931313693523407,-0.0013025698717683554,0.34985071420669556,1.1872873306274414,-0.004502912983298302,0.5770909786224365,1.1333506107330322,0.07318408042192459,0.40051019191741943,1.135024905204773,0.10474848002195358
816.6666666666666,,,,,,,,,,,,,,,,,,,,,,,,,,,,,,,,,,,,,,,,,,,,,,,,,,,,,,,,,,,,,,,,0.5825071334838867,0.5227808952331543,-1.0697533070924692e-05,0.5772587656974792,0.4736531376838684,0.03432619571685791,0.5683851838111877,0.43127796053886414,0.04051382839679718,0.5615577101707458,0.3969935476779938,0.042679786682128906,0.5629115104675293,0.37484657764434814,0.043710656464099884,0.5474428534507751,0.4157266318798065,0.015467572025954723,0.5196040868759155,0.4259532392024994,0.038762059062719345,0.5168418288230896,0.444047212600708,0.05462448671460152,0.5214566588401794,0.45510393381118774,0.0614883191883564,0.5379986763000488,0.43467384576797485,0.0024013794027268887,0.5150805711746216,0.4581983685493469,0.03433742746710777,0.5200197100639343,0.4759175479412079,0.04658912494778633,0.5284587144851685,0.478344589471817,0.045008666813373566,0.5317331552505493,0.46175962686538696,-0.0057468474842607975,0.5144039392471313,0.48235833644866943,0.0244037676602602,0.5205764770507812,0.4970746636390686,0.03442525491118431,0.5290393233299255,0.499082088470459,0.03193080052733421,0.5284204483032227,0.49074143171310425,-0.013004281558096409,0.5141111612319946,0.5041611790657043,0.010626159608364105,0.5203618407249451,0.516115665435791,0.01996106654405594,0.5285414457321167,0.5179580450057983,0.021222444251179695,0.5088690519332886,0.3025219142436981,-0.0017063763225451112,0.5285865068435669,0.25864365696907043,-0.0016755856340751052,0.5399905443191528,0.26047593355178833,0.007561350706964731,0.5512911677360535,0.26242220401763916,0.0003697398060467094,0.49643567204475403,0.2534829378128052,0.005100606940686703,0.48508086800575256,0.251736044883728,-3.7261102988850325e-05,0.47394365072250366,0.2500799894332886,-0.0028924678917974234,0.5673972368240356,0.28848206996917725,-0.0061539956368505955,0.4588133692741394,0.27255868911743164,-0.004924745298922062,0.5284999012947083,0.36151617765426636,0.0027976264245808125,0.4863835871219635,0.3549099564552307,-0.0048460569232702255,0.6259357333183289,0.5420904159545898,-0.015639016404747963,0.3739466965198517,0.5462366342544556,0.015505229122936726,0.715692400932312,0.881706178188324,-0.24785298109054565,0.3038332760334015,0.9008124470710754,0.0797678753733635,0.5795950293540955,0.5448354482650757,-0.4101034104824066,0.3230460584163666,1.1238343715667725,-0.0838211253285408,0.5465379953384399,0.4626099169254303,0.00027011020574718714,0.3092254400253296,1.2183752059936523,-0.0032007195986807346,0.5402522087097168,0.4299522638320923,0.005212605930864811,0.33865827322006226,1.2145646810531616,-0.000465928518678993,0.5415814518928528,0.4766095280647278,-0.0012976925354450941,0.3501946032047272,1.187215805053711,-0.004506272729486227,0.5764132738113403,1.1326185464859009,0.06772778928279877,0.4004909098148346,1.1338273286819458,0.1009523794054985
833.3333333333334,,,,,,,,,,,,,,,,,,,,,,,,,,,,,,,,,,,,,,,,,,,,,,,,,,,,,,,,,,,,,,,,0.5806345343589783,0.5193910598754883,-1.288318799197441e-06,0.5766443014144897,0.4708298444747925,0.03234955295920372,0.5682298541069031,0.4302760362625122,0.039340075105428696,0.5630932450294495,0.3968812823295593,0.04230102524161339,0.5652180910110474,0.37700244784355164,0.045013654977083206,0.5463645458221436,0.41613849997520447,0.012763340026140213,0.5190753936767578,0.42725151777267456,0.033364441245794296,0.5185444355010986,0.4453907012939453,0.04810319468379021,0.5247231125831604,0.45429369807243347,0.05348160117864609,0.5379086136817932,0.4348748028278351,0.0007289356435649097,0.514582097530365,0.4575848877429962,0.030324239283800125,0.5191382169723511,0.473274827003479,0.04142775014042854,0.5268772840499878,0.47487568855285645,0.03955921530723572,0.5321031808853149,0.460641086101532,-0.006506660487502813,0.5141242146492004,0.48116186261177063,0.022521445527672768,0.5198442935943604,0.4943983852863312,0.03256194666028023,0.5277953147888184,0.4956872761249542,0.0303733441978693,0.5284825563430786,0.48826658725738525,-0.012343394570052624,0.5142557621002197,0.5014687180519104,0.008730527013540268,0.5203508734703064,0.512138307094574,0.01722770184278488,0.528340220451355,0.5148247480392456,0.018671158701181412,0.5083441138267517,0.30264848470687866,-0.0017216050764545798,0.528285026550293,0.2588256001472473,-0.0017063160194084048,0.5397300124168396,0.2606923580169678,0.007553316652774811,0.5510774254798889,0.26267626881599426,0.0002912115305662155,0.4960691034793854,0.2535608112812042,0.005090464372187853,0.4847050607204437,0.25176358222961426,-4.604923742590472e-05,0.47356298565864563,0.2500598430633545,-0.0028961123898625374,0.567662239074707,0.28875982761383057,-0.006160321645438671,0.45867812633514404,0.27242255210876465,-0.004907331429421902,0.5280478596687317,0.36180758476257324,0.0027943174354732037,0.4859216809272766,0.3550333082675934,-0.004844576586037874,0.6253663301467896,0.5416932702064514,-0.01822655461728573,0.37413597106933594,0.5460928678512573,0.01807277277112007,0.715374767780304,0.8783103227615356,-0.27059099078178406,0.304354190826416,0.8999819159507751,0.07773130387067795,0.5789550542831421,0.5377974510192871,-0.4182248115539551,0.3232244849205017,1.1241471767425537,-0.08476518094539642,0.5500849485397339,0.45376554131507874,0.00027595506981015205,0.30957087874412537,1.219426155090332,-0.0031777541153132915,0.5423327684402466,0.4235237240791321,0.005198741797357798,0.3388081192970276,1.2156963348388672,-0.00046367294271476567,0.542473554611206,0.4705289602279663,-0.001286870683543384,0.35033708810806274,1.1880449056625366,-0.004513039253652096,0.5760958194732666,1.1310616731643677,0.06166836619377136,0.4002557694911957,1.132612705230713,0.0952417403459549
850.0000000000001,,,,,,,,,,,,,,,,,,,,,,,,,,,,,,,,,,,,,,,,,,,,,,,,,,,,,,,,,,,,,,,,0.5813828110694885,0.5031952857971191,-6.440739070967538e-06,0.5760964155197144,0.4565081298351288,0.03168611228466034,0.5685864686965942,0.41695672273635864,0.03687668591737747,0.5648688673973083,0.38512372970581055,0.038526084274053574,0.5698397159576416,0.3647104501724243,0.03952111303806305,0.5480673909187317,0.4029630422592163,0.012814804911613464,0.5208524465560913,0.41368913650512695,0.034563545137643814,0.5194854140281677,0.4302389919757843,0.04983369633555412,0.5254976153373718,0.4392758905887604,0.05613698810338974,0.5393261909484863,0.42082029581069946,0.0003208366979379207,0.517076849937439,0.4434162974357605,0.030707070603966713,0.5222129821777344,0.4590480923652649,0.042408570647239685,0.5304901599884033,0.46011701226234436,0.04023245722055435,0.5334047675132751,0.44638359546661377,-0.007523018401116133,0.5166738033294678,0.46624767780303955,0.02054557017982006,0.5225045680999756,0.4797104299068451,0.030064385384321213,0.5303677916526794,0.48077192902565,0.026923296973109245,0.5299212336540222,0.473570853471756,-0.014712694101035595,0.5158027410507202,0.48675721883773804,0.006972907111048698,0.5219740867614746,0.49813663959503174,0.015828503295779228,0.5297433137893677,0.5001950263977051,0.01632377691566944,0.5086437463760376,0.30220523476600647,-0.0017321876948699355,0.528567373752594,0.2583935558795929,-0.001724514295347035,0.5400487184524536,0.2602100372314453,0.007543513085693121,0.5514311194419861,0.2621425986289978,0.00021147455845493823,0.4961891770362854,0.2532534897327423,0.0050817569717764854,0.4847257137298584,0.2514921724796295,-5.357193367672153e-05,0.4734894335269928,0.24982017278671265,-0.0029004078824073076,0.5679758787155151,0.28819355368614197,-0.006165683269500732,0.45844781398773193,0.2721937298774719,-0.004904576111584902,0.5284386277198792,0.3611867129802704,0.0027922196313738823,0.4860919713973999,0.35462772846221924,-0.004835397470742464,0.6248934864997864,0.5412084460258484,-0.018329603597521782,0.37454572319984436,0.5449113845825195,0.018163053318858147,0.7142947912216187,0.8700546026229858,-0.2683790624141693,0.3066435158252716,0.8985430598258972,0.07651712745428085,0.5823863744735718,0.5313729643821716,-0.4153202474117279,0.3246012330055237,1.121398687362671,-0.08347679674625397,0.5577662587165833,0.4467694163322449,0.0002893890195991844,0.3111906945705414,1.2165640592575073,-0.003152167657390237,0.5489649176597595,0.41793113946914673,0.0051817744970321655,0.33975932002067566,1.213094711303711,-0.0004554616170935333,0.5476702451705933,0.4644952714443207,-0.0012733387993648648,0.35136863589286804,1.1853868961334229,-0.004518023692071438,0.5760443806648254,1.1284449100494385,0.05395634099841118,0.40028879046440125,1.1306359767913818,0.08796479552984238
866.6666666666667,,,,,,,,,,,,,,,,,,,,,,,,,,,,,,,,,,,,,,,,,,,,,,,,,,,,,,,,,,,,,,,,0.5792948007583618,0.5006522536277771,5.7806291806628e-06,0.5758771896362305,0.4541286826133728,0.029171425849199295,0.5692570209503174,0.41504454612731934,0.0352981761097908,0.5662978291511536,0.3833814859390259,0.03803274407982826,0.5694746971130371,0.3661113679409027,0.04033961892127991,0.5485267043113708,0.40355151891708374,0.009101886302232742,0.5219037532806396,0.41401922702789307,0.028978923335671425,0.5210778117179871,0.431169718503952,0.04378417879343033,0.5269400477409363,0.4396626055240631,0.049668848514556885,0.5404404997825623,0.4219472110271454,-0.0015123841585591435,0.5171822905540466,0.4430549442768097,0.02598007395863533,0.5206423997879028,0.45809832215309143,0.03775165230035782,0.5275665521621704,0.46052902936935425,0.03678622841835022,0.5345577597618103,0.4465026259422302,-0.00762944808229804,0.5163636803627014,0.46525347232818604,0.01907523162662983,0.5209568738937378,0.4783753454685211,0.02851209044456482,0.5283228158950806,0.48073238134384155,0.026097718626260757,0.5307334065437317,0.47223541140556335,-0.012451879680156708,0.5161899328231812,0.48410657048225403,0.005963640753179789,0.5207639336585999,0.4949604272842407,0.013168074190616608,0.5277032852172852,0.499517023563385,0.01385618094354868,0.5087283849716187,0.30534905195236206,-0.0017455496126785874,0.5286877155303955,0.26148712635040283,-0.001734965480864048,0.5400174856185913,0.2634110450744629,0.007538469973951578,0.5512442588806152,0.26545578241348267,0.00018767011351883411,0.4966275691986084,0.2558021545410156,0.005081393755972385,0.4852774143218994,0.2537723481655121,-5.515140219358727e-05,0.47414952516555786,0.2518317699432373,-0.0029038486536592245,0.5672990083694458,0.2901226878166199,-0.006168999243527651,0.4589497745037079,0.2726215124130249,-0.0048987725749611855,0.5279261469841003,0.3634258806705475,0.0027940995059907436,0.4861202836036682,0.35625243186950684,-0.0048119304701685905,0.6233556866645813,0.5402126908302307,-0.0182967372238636,0.3738749325275421,0.5422998070716858,0.018109045922756195,0.7128264904022217,0.8689493536949158,-0.2582823634147644,0.3060549199581146,0.8965378403663635,0.07304693013429642,0.5850774049758911,0.5314902663230896,-0.41383662819862366,0.3238450586795807,1.118945837020874,-0.08348152786493301,0.5620000958442688,0.4475601315498352,0.00029494077898561954,0.31017792224884033,1.2142114639282227,-0.0031471513211727142,0.5527434945106506,0.4180402457714081,0.0051665157079696655,0.33898985385894775,1.2105839252471924,-0.00045018710079602897,0.5509335398674011,0.46430596709251404,-0.001273240428417921,0.3507224917411804,1.182656168937683,-0.004524484276771545,0.5757517218589783,1.1263625621795654,0.05691169947385788,0.3998481035232544,1.1285737752914429,0.08924634009599686
883.3333333333334,,,,,,,,,,,,,,,,,,,,,,,,,,,,,,,,,,,,,,,,,,,,,,,,,,,,,,,,,,,,,,,,0.5777607560157776,0.49926766753196716,3.4355789466644637e-06,0.5759795308113098,0.4541168510913849,0.028719423338770866,0.5692945718765259,0.4161520004272461,0.035253193229436874,0.5655266046524048,0.38502639532089233,0.03863414004445076,0.5685641765594482,0.3675761818885803,0.04079253971576691,0.5481864213943481,0.4025341868400574,0.011606020852923393,0.5223007798194885,0.41379329562187195,0.03207604959607124,0.5206266045570374,0.4307671785354614,0.046057239174842834,0.5250117778778076,0.4400802254676819,0.051024384796619415,0.5397821664810181,0.4202812910079956,0.0016407591756433249,0.5181488990783691,0.44424211978912354,0.030169101431965828,0.521649181842804,0.4592694938182831,0.04123945161700249,0.527927815914154,0.46122297644615173,0.03939644619822502,0.533846914768219,0.4448556900024414,-0.004007334820926189,0.5168932676315308,0.465495765209198,0.0235887598246336,0.5219873785972595,0.47844159603118896,0.03236762061715126,0.5291473865509033,0.4806603789329529,0.028789514675736427,0.529941976070404,0.470885306596756,-0.00843831431120634,0.5164576172828674,0.48387229442596436,0.010298579931259155,0.5214301943778992,0.49503934383392334,0.016341134905815125,0.5280591249465942,0.4996776580810547,0.01605161279439926,0.5100234150886536,0.30725836753845215,-0.0017473481129854918,0.5294302701950073,0.263067364692688,-0.001748843933455646,0.5405926704406738,0.2649671733379364,0.007536468096077442,0.551655113697052,0.26699015498161316,0.00015811117191333324,0.49764037132263184,0.25728800892829895,0.0050706760957837105,0.48633483052253723,0.25517570972442627,-5.888021769351326e-05,0.4752505123615265,0.25314849615097046,-0.00290806801058352,0.5667464137077332,0.2906492054462433,-0.006173864938318729,0.4592178165912628,0.27288132905960083,-0.004892230499535799,0.5283574461936951,0.3644934594631195,0.002793438034132123,0.4870418310165405,0.3572177290916443,-0.004795158747583628,0.6224068999290466,0.5399150252342224,-0.01625569723546505,0.3732929527759552,0.5419281721115112,0.016074907034635544,0.7123831510543823,0.8686307072639465,-0.24370010197162628,0.3059145212173462,0.8951613903045654,0.07215195149183273,0.5840965509414673,0.5339014530181885,-0.4116962254047394,0.32379207015037537,1.1202349662780762,-0.08353035897016525,0.5592984557151794,0.4518779516220093,0.0003041104064323008,0.3102157413959503,1.2145745754241943,-0.0031389063224196434,0.551673173904419,0.41993448138237,0.005155689548701048,0.338589072227478,1.2113897800445557,-0.00044358245213516057,0.5501286387443542,0.465549498796463,-0.0012738904915750027,0.35033634305000305,1.183355689048767,-0.004526324104517698,0.5752481818199158,1.12542724609375,0.06040239334106445,0.3996404707431793,1.1265732049942017,0.08899195492267609
900.0,,,,,,,,,,,,,,,,,,,,,,,,,,,,,,,,,,,,,,,,,,,,,,,,,,,,,,,,,,,,,,,,0.5798672437667847,0.4851604402065277,-3.876736172969686e-06,0.577590823173523,0.44215649366378784,0.02948247268795967,0.5717101693153381,0.4056316912174225,0.03439999371767044,0.567284345626831,0.3776554763317108,0.03643267974257469,0.5722895264625549,0.3605491518974304,0.03735153377056122,0.54887455701828,0.3866523206233978,0.012635947205126286,0.522898256778717,0.4022241532802582,0.03365474194288254,0.5218517780303955,0.42056170105934143,0.04659736901521683,0.5277155041694641,0.4306779205799103,0.04999196156859398,0.539767861366272,0.4036588668823242,0.0015858416445553303,0.5194933414459229,0.43229490518569946,0.031287893652915955,0.5243388414382935,0.4479381740093231,0.04125639796257019,0.531684398651123,0.4496435821056366,0.0380093939602375,0.5336876511573792,0.4290994703769684,-0.004886642564088106,0.5180695056915283,0.45306527614593506,0.022808784618973732,0.5238774418830872,0.46665531396865845,0.02981543354690075,0.5315633416175842,0.4686007499694824,0.025335894897580147,0.5296705961227417,0.45636269450187683,-0.01096803043037653,0.5158828496932983,0.47318872809410095,0.007602155674248934,0.521858274936676,0.48585444688796997,0.012964112684130669,0.5293645262718201,0.48910337686538696,0.011131533421576023,0.5096520185470581,0.3076404631137848,-0.001747508649714291,0.5291315913200378,0.26378142833709717,-0.0017998494440689683,0.5402820110321045,0.2658005654811859,0.0075288391672074795,0.5513450503349304,0.2679455876350403,8.79767321748659e-05,0.4973949193954468,0.2577224671840668,0.0050397091545164585,0.4861164689064026,0.25552669167518616,-4.700735371443443e-05,0.475057452917099,0.2534146010875702,-0.0029192587826400995,0.5666834115982056,0.29122820496559143,-0.006186359561979771,0.459088534116745,0.2728739082813263,-0.004889634903520346,0.5280667543411255,0.3648090362548828,0.0028014094568789005,0.48667043447494507,0.35725754499435425,-0.004791403189301491,0.6213262677192688,0.5365412831306458,-0.016486264765262604,0.37320607900619507,0.5398377776145935,0.016323763877153397,0.7123901844024658,0.8557593822479248,-0.26594728231430054,0.3061732351779938,0.8947663307189941,0.06926923245191574,0.5850731730461121,0.525531530380249,-0.4209098219871521,0.3226243555545807,1.122345209121704,-0.08392474055290222,0.562555730342865,0.44168153405189514,0.0003257601347286254,0.308061808347702,1.2160316705703735,-0.0031011614482849836,0.5523589253425598,0.41434207558631897,0.005106072872877121,0.3342474102973938,1.2148969173431396,-0.0004350681556388736,0.5507819652557373,0.4604870676994324,-0.0012738609220832586,0.3468487560749054,1.1869605779647827,-0.0045363567769527435,0.5752010941505432,1.1217045783996582,0.06827350705862045,0.3999522626399994,1.1233407258987427,0.09705349057912827
916.6666666666667,,,,,,,,,,,,,,,,,,,,,,,,,,,,,,,,,,,,,,,,,,,,,,,,,,,,,,,,,,,,,,,,0.5781649351119995,0.4858193099498749,1.4008383914188016e-05,0.5775085091590881,0.4420074224472046,0.029256917536258698,0.5720372200012207,0.4044743776321411,0.03567240387201309,0.5683355927467346,0.3750193119049072,0.03929575905203819,0.572230875492096,0.3585951328277588,0.04342528060078621,0.5497620701789856,0.38821786642074585,0.010317493230104446,0.5232651233673096,0.40145403146743774,0.03176901489496231,0.5226529240608215,0.4200233817100525,0.04655366763472557,0.5285771489143372,0.4285537898540497,0.05148676782846451,0.5406121015548706,0.4057581424713135,-2.865068927349057e-05,0.5188020467758179,0.4327724277973175,0.029652001336216927,0.5230620503425598,0.4474931061267853,0.04044409096240997,0.5300999283790588,0.4478191137313843,0.037868011742830276,0.534211277961731,0.43053311109542847,-0.005767045076936483,0.5177966356277466,0.4545510709285736,0.023113898932933807,0.5235531330108643,0.46812915802001953,0.03024938516318798,0.5313641428947449,0.46967265009880066,0.025271570309996605,0.5299244523048401,0.45669957995414734,-0.010201551951467991,0.5168902277946472,0.47403672337532043,0.009729319252073765,0.5227199196815491,0.48553377389907837,0.015373928472399712,0.5297573208808899,0.48884299397468567,0.014169607311487198,0.5087162852287292,0.3072667419910431,-0.0017520691035315394,0.5282651782035828,0.2635909616947174,-0.0018597657326608896,0.5394565463066101,0.26561617851257324,0.00752245495095849,0.5505563020706177,0.26776647567749023,3.855868271784857e-05,0.4963434636592865,0.25755393505096436,0.005029074382036924,0.4849820137023926,0.25537773966789246,-2.907503403548617e-05,0.47383853793144226,0.2532814145088196,-0.0029235263355076313,0.5658426880836487,0.29114896059036255,-0.006194083485752344,0.4578635096549988,0.27281928062438965,-0.0048875752836465836,0.5272697806358337,0.3645378649234772,0.0028099946212023497,0.4855762720108032,0.35704606771469116,-0.00479087233543396,0.6203206181526184,0.5337279438972473,-0.016560425981879234,0.37208569049835205,0.5380225777626038,0.01639592833817005,0.7122017741203308,0.8517305254936218,-0.27348339557647705,0.30555418133735657,0.8932033777236938,0.06157858297228813,0.5850753784179688,0.5227680206298828,-0.4218137860298157,0.31780627369880676,1.1241849660873413,-0.0901380255818367,0.5636156797409058,0.4384779632091522,0.00033882391289807856,0.30209365487098694,1.218276858329773,-0.0030737565830349922,0.5523173213005066,0.4128364324569702,0.005072730127722025,0.3284464478492737,1.2168323993682861,-0.00042991680675186217,0.5507522821426392,0.4591696560382843,-0.001273903762921691,0.34146082401275635,1.188897728919983,-0.004543623887002468,0.5756192207336426,1.1179425716400146,0.0723935067653656,0.4002934992313385,1.119975209236145,0.0990065261721611
933.3333333333334,,,,,,,,,,,,,,,,,,,,,,,,,,,,,,,,,,,,,,,,,,,,,,,,,,,,,,,,,,,,,,,,0.5809678435325623,0.47620901465415955,-2.9888537937949877e-06,0.578752875328064,0.4325615167617798,0.031073713675141335,0.5726286172866821,0.3958548605442047,0.037182655185461044,0.5687352418899536,0.3683053255081177,0.04039165377616882,0.5746374726295471,0.35172632336616516,0.04384234920144081,0.5494296550750732,0.3734021484851837,0.012532544322311878,0.522747814655304,0.39254987239837646,0.03391736373305321,0.5235241651535034,0.4115701913833618,0.047999054193496704,0.5308436751365662,0.41855791211128235,0.051857318729162216,0.5406496524810791,0.3907424807548523,0.0005577621632255614,0.5177282691001892,0.41943201422691345,0.029876209795475006,0.5225832462310791,0.4354071021080017,0.0408889465034008,0.5306275486946106,0.4365704655647278,0.03861122950911522,0.5346041321754456,0.4164799153804779,-0.006628922186791897,0.5169587731361389,0.44166022539138794,0.02204957604408264,0.5230197310447693,0.4550829827785492,0.029988618567585945,0.53110671043396,0.4559116065502167,0.026329778134822845,0.5307393670082092,0.4446659982204437,-0.01284927036613226,0.5175158977508545,0.46288004517555237,0.007377254776656628,0.5242989659309387,0.47499507665634155,0.014248570427298546,0.5318672060966492,0.4766044616699219,0.013476989232003689,0.5086826682090759,0.30691519379615784,-0.0017691312823444605,0.5282379984855652,0.2627571225166321,-0.001931115286424756,0.5394522547721863,0.26444709300994873,0.007519867271184921,0.5505414605140686,0.2662297785282135,-2.7754673283197917e-05,0.49630171060562134,0.25744250416755676,0.005013754591345787,0.4849559962749481,0.255325049161911,2.3302381180201337e-07,0.47383663058280945,0.2531421184539795,-0.002923649735748768,0.5657739639282227,0.28898704051971436,-0.0062167709693312645,0.4576345384120941,0.2727813124656677,-0.004866117611527443,0.5273945331573486,0.3635791540145874,0.0028184473048895597,0.48565226793289185,0.3569198250770569,-0.004790549166500568,0.6203624606132507,0.5311557054519653,-0.018776746466755867,0.37205183506011963,0.5374661684036255,0.018604302778840065,0.7103944420814514,0.8477479815483093,-0.2970221936702728,0.3056657612323761,0.8929216265678406,0.06409445405006409,0.5849440693855286,0.5106983780860901,-0.42880281805992126,0.31681114435195923,1.124351978302002,-0.08892153203487396,0.5640642642974854,0.42393770813941956,0.0003625839890446514,0.3011985123157501,1.2183687686920166,-0.003050991566851735,0.5542200207710266,0.39954107999801636,0.005065911915153265,0.3270374834537506,1.2173813581466675,-0.0004158273513894528,0.5519952178001404,0.4458030164241791,-0.001273016445338726,0.3400440514087677,1.1892573833465576,-0.004548344761133194,0.5773337483406067,1.117089033126831,0.07984824478626251,0.40089476108551025,1.1192268133163452,0.11732958257198334
950.0000000000001,,,,,,,,,,,,,,,,,,,,,,,,,,,,,,,,,,,,,,,,,,,,,,,,,,,,,,,,,,,,,,,,0.579018771648407,0.4750441908836365,1.3940690223535057e-05,0.578894317150116,0.4322049915790558,0.029565203934907913,0.5730375051498413,0.3952268362045288,0.036385998129844666,0.5692488551139832,0.36649706959724426,0.040192194283008575,0.5737833380699158,0.35027751326560974,0.045117948204278946,0.5496152639389038,0.3740900456905365,0.011808997020125389,0.5228272676467896,0.39364293217658997,0.03334750607609749,0.5241225957870483,0.41273435950279236,0.04705328866839409,0.5309289693832397,0.4179428219795227,0.05036056786775589,0.540793776512146,0.39228516817092896,0.001056864857673645,0.5187115669250488,0.42162299156188965,0.029199013486504555,0.5241963863372803,0.43636777997016907,0.038441404700279236,0.5322642922401428,0.4352981448173523,0.03600960224866867,0.534493088722229,0.4177856743335724,-0.005066275596618652,0.5183139443397522,0.44341665506362915,0.023103922605514526,0.5248593688011169,0.45609861612319946,0.029173245653510094,0.5329475998878479,0.4557811915874481,0.0237006526440382,0.530072033405304,0.4450255036354065,-0.009826443158090115,0.5186675786972046,0.4639309346675873,0.00984649732708931,0.525808572769165,0.47477224469184875,0.01432833168655634,0.5326488018035889,0.47566962242126465,0.012615818530321121,0.5082702040672302,0.30646970868110657,-0.001781041850335896,0.5277658104896545,0.262553870677948,-0.00198475643992424,0.5389530658721924,0.2641836404800415,0.00751834362745285,0.5500237345695496,0.2659043073654175,-6.081809988245368e-05,0.49587613344192505,0.2574113607406616,0.004983686842024326,0.4845605790615082,0.2552136480808258,1.3175955245969817e-05,0.4734693765640259,0.25298741459846497,-0.002924048574641347,0.5655099153518677,0.28861525654792786,-0.0062280455604195595,0.45755916833877563,0.27269840240478516,-0.004839824512600899,0.5271704196929932,0.3629646897315979,0.002822163514792919,0.48550090193748474,0.3566261827945709,-0.004786583129316568,0.6206405758857727,0.530115008354187,-0.020492233335971832,0.37189361453056335,0.5367828011512756,0.02031840570271015,0.7098106741905212,0.8481946587562561,-0.30401521921157837,0.3058462142944336,0.8921738266944885,0.06571022421121597,0.5847399234771729,0.5073767900466919,-0.4293968975543976,0.31838423013687134,1.1240473985671997,-0.08928318321704865,0.5637905597686768,0.4197998046875,0.00037295703077688813,0.30338534712791443,1.2185152769088745,-0.0030376019421964884,0.5540932416915894,0.3950558304786682,0.005065742414444685,0.3301805555820465,1.2171926498413086,-0.0003972440608777106,0.5519136786460876,0.44140058755874634,-0.001270565902814269,0.3427000641822815,1.1888741254806519,-0.004552870523184538,0.5773583650588989,1.1164034605026245,0.0912548154592514,0.4008706212043762,1.1186155080795288,0.13065718114376068
966.6666666666666,,,,,,,,,,,,,,,,,,,,,,,,,,,,,,,,,,,,,,,,,,,,,,,,,,,,,,,,,,,,,,,,0.5791012644767761,0.47519707679748535,1.0148984983970877e-05,0.5789012312889099,0.43203452229499817,0.029689688235521317,0.5728371739387512,0.3950231671333313,0.03656599670648575,0.5693567395210266,0.3658074736595154,0.040508974343538284,0.5740866661071777,0.3495129346847534,0.04554731771349907,0.5491924285888672,0.3743361830711365,0.011222796514630318,0.5226351618766785,0.39378973841667175,0.03256724029779434,0.5244100689888,0.4119701087474823,0.046269774436950684,0.5314138531684875,0.4166041910648346,0.04963679611682892,0.5404251217842102,0.392824649810791,0.0005180501029826701,0.518539547920227,0.4222641587257385,0.028978614136576653,0.523941159248352,0.4363056719303131,0.03836773708462715,0.5319199562072754,0.4350193738937378,0.03609360381960869,0.5342000126838684,0.41840803623199463,-0.005541512742638588,0.5182138085365295,0.44429123401641846,0.022901786491274834,0.5247082114219666,0.45664605498313904,0.029252594336867332,0.5328088998794556,0.4566354751586914,0.023852679878473282,0.529861330986023,0.44559234380722046,-0.010189531370997429,0.5186619758605957,0.4645431339740753,0.009558170102536678,0.5256244540214539,0.474889874458313,0.014221307821571827,0.53251713514328,0.47618746757507324,0.012839382514357567,0.5082273483276367,0.30518394708633423,-0.0017822259105741978,0.5276144742965698,0.2613845765590668,-0.00202383054420352,0.5388000011444092,0.2629379332065582,0.007516107987612486,0.5498721599578857,0.2645929455757141,-0.00010889428085647523,0.49567916989326477,0.25661078095436096,0.004960745573043823,0.4843360483646393,0.25464606285095215,1.953569517354481e-05,0.4732133746147156,0.252641886472702,-0.0029250262305140495,0.5653964281082153,0.2878941595554352,-0.006236653309315443,0.4574529230594635,0.27266088128089905,-0.004818491637706757,0.5272008180618286,0.3620038330554962,0.002823375165462494,0.48553311824798584,0.35605543851852417,-0.004777898080646992,0.6208455562591553,0.5297525525093079,-0.02071448042988777,0.3718090057373047,0.5367680191993713,0.02053510770201683,0.7095916867256165,0.8478790521621704,-0.3030446469783783,0.3058471977710724,0.8916875123977661,0.06335164606571198,0.5841199159622192,0.5055540204048157,-0.4270286560058594,0.31904956698417664,1.123944878578186,-0.09141062200069427,0.5633494853973389,0.4173120856285095,0.0003822417347691953,0.30387625098228455,1.2184652090072632,-0.003017010632902384,0.5538864135742188,0.39322274923324585,0.005060090683400631,0.3316315710544586,1.2169883251190186,-0.00038667122134938836,0.5516365766525269,0.4397216737270355,-0.0012655601603910327,0.34404456615448,1.1887869834899902,-0.00455433176830411,0.5773603320121765,1.1162067651748657,0.08702177554368973,0.4008259177207947,1.1183485984802246,0.12370174378156662
983.3333333333334,,,,,,,,,,,,,,,,,,,,,,,,,,,,,,,,,,,,,,,,,,,,,,,,,,,,,,,,,,,,,,,,0.5804114937782288,0.4687512516975403,-4.0412360249320045e-06,0.5792673230171204,0.42429211735725403,0.031182242557406425,0.5736825466156006,0.3895399570465088,0.039473630487918854,0.5694750547409058,0.3634068965911865,0.044689059257507324,0.5746057033538818,0.3479337990283966,0.05051872134208679,0.5508697628974915,0.36731481552124023,0.01648714207112789,0.5251930952072144,0.38211530447006226,0.036819178611040115,0.5218115448951721,0.40014389157295227,0.051632124930620193,0.5247895121574402,0.410825252532959,0.05756649002432823,0.5416476726531982,0.3825499713420868,0.005274483002722263,0.5185483694076538,0.406147301197052,0.03353395313024521,0.5219691395759583,0.42381319403648376,0.04468047246336937,0.5289380550384521,0.4284331500530243,0.043747592717409134,0.5352638363838196,0.4067240059375763,-0.0013667045859619975,0.5176125764846802,0.42869892716407776,0.025535812601447105,0.5228564143180847,0.4425521790981293,0.03482670336961746,0.5304493308067322,0.44525817036628723,0.033680010586977005,0.5314565896987915,0.43393757939338684,-0.0071501657366752625,0.519230306148529,0.45047399401664734,0.011867277324199677,0.5247514843940735,0.4619901776313782,0.018905648961663246,0.531631350517273,0.46482664346694946,0.019289549440145493,0.5082356333732605,0.30529600381851196,-0.0017848118441179395,0.5276137590408325,0.2614474296569824,-0.0020638543646782637,0.5387997031211853,0.2630626857280731,0.0074967495165765285,0.5498678684234619,0.2647748291492462,-0.00018263621313963085,0.49568864703178406,0.25680676102638245,0.004929767455905676,0.48435109853744507,0.2549676299095154,2.460879295540508e-05,0.4732346832752228,0.25310787558555603,-0.002925498876720667,0.5654232501983643,0.287913054227829,-0.00625116191804409,0.4576321542263031,0.27346915006637573,-0.00476414617151022,0.527246356010437,0.3620171546936035,0.00282650557346642,0.4856202304363251,0.35632944107055664,-0.004773024935275316,0.6215344667434692,0.529657781124115,-0.024088438600301743,0.3722270727157593,0.5364571809768677,0.02388584613800049,0.7088484168052673,0.840272068977356,-0.3286636769771576,0.3063048720359802,0.8914102911949158,0.0641426146030426,0.5838521122932434,0.49618595838546753,-0.42958971858024597,0.3192366361618042,1.1232311725616455,-0.0905228853225708,0.5625638961791992,0.40758317708969116,0.0003987260861322284,0.30463558435440063,1.217453956604004,-0.002979166340082884,0.5539955496788025,0.38627633452415466,0.005050222389400005,0.3318030536174774,1.2156522274017334,-0.0003765375295188278,0.551563560962677,0.43210095167160034,-0.0012555503053590655,0.34426218271255493,1.1875234842300415,-0.004556057509034872,0.5773684978485107,1.1161432266235352,0.08306995779275894,0.40078121423721313,1.118123173713684,0.12063851952552795
1000.0,,,,,,,,,,,,,,,,,,,,,,,,,,,,,,,,,,,,,,,,,,,,,,,,,,,,,,,,,,,,,,,,0.5797627568244934,0.46638023853302,4.202837317279773e-06,0.579322338104248,0.4235982298851013,0.029955077916383743,0.5734629034996033,0.389527827501297,0.03844418749213219,0.5699051022529602,0.36214879155158997,0.04407547414302826,0.5756993889808655,0.34624725580215454,0.0500815324485302,0.5496573448181152,0.3674929738044739,0.014377531595528126,0.5248226523399353,0.3861420750617981,0.03488070145249367,0.5239529609680176,0.4052715599536896,0.048316240310668945,0.5288333892822266,0.4137965440750122,0.05237472802400589,0.5401611924171448,0.38369810581207275,0.004030394367873669,0.5193150043487549,0.4131782352924347,0.03354719653725624,0.5238460898399353,0.42849764227867126,0.04413750395178795,0.5312932133674622,0.42926719784736633,0.042211681604385376,0.5338455438613892,0.40793946385383606,-0.0019069985719397664,0.5183930397033691,0.43520495295524597,0.025967149063944817,0.5246838331222534,0.4478764235973358,0.03400220721960068,0.5327403545379639,0.44887393712997437,0.03032156638801098,0.5298717021942139,0.4344537556171417,-0.006830504164099693,0.5197404623031616,0.4543544054031372,0.011456238105893135,0.5264894962310791,0.46478158235549927,0.016440896317362785,0.5334639549255371,0.46712756156921387,0.015077370218932629,0.5090102553367615,0.30667051672935486,-0.0017876217607408762,0.5279954671859741,0.2623986601829529,-0.002076217904686928,0.5391112565994263,0.263836532831192,0.007487408351153135,0.5501144528388977,0.2653905153274536,-0.00021921405277680606,0.4962351620197296,0.2581964135169983,0.004928452428430319,0.48492395877838135,0.2565562129020691,2.5190322048729286e-05,0.4738292694091797,0.2549287974834442,-0.002926897257566452,0.5656691193580627,0.2884610891342163,-0.0062652453780174255,0.45840543508529663,0.275145560503006,-0.004700514022260904,0.5280907154083252,0.36309105157852173,0.002827705815434456,0.48681607842445374,0.3578629493713379,-0.004770307336002588,0.6222739815711975,0.5290518999099731,-0.024312730878591537,0.37284401059150696,0.5350659489631653,0.024101369082927704,0.7063814401626587,0.8393054604530334,-0.3309195041656494,0.3077116310596466,0.888851523399353,0.06444938480854034,0.5826739072799683,0.49421462416648865,-0.43071839213371277,0.3237774968147278,1.1206446886062622,-0.08963341265916824,0.5618209838867188,0.4056144952774048,0.00040495628491044044,0.3111734688282013,1.2156271934509277,-0.0029648500494658947,0.5541660189628601,0.38425368070602417,0.005027439910918474,0.3383985459804535,1.2130125761032104,-0.00036344246473163366,0.5514003038406372,0.4297964870929718,-0.001246464904397726,0.3501432240009308,1.1844743490219116,-0.004564695525914431,0.5760512351989746,1.1158303022384644,0.08331413567066193,0.40003642439842224,1.1165764331817627,0.12061893939971924
1016.6666666666666,,,,,,,,,,,,,,,,,,,,,,,,,,,,,,,,,,,,,,,,,,,,,,,,,,,,,,,,,,,,,,,,0.5787518620491028,0.4613220989704132,1.3840290193911642e-05,0.5777178406715393,0.42006826400756836,0.031081385910511017,0.5723457336425781,0.38637396693229675,0.0397731214761734,0.5689093470573425,0.3606991171836853,0.04492064192891121,0.5741286277770996,0.3471938967704773,0.05018441379070282,0.5508928298950195,0.3620345890522003,0.014966364949941635,0.5254055857658386,0.37814638018608093,0.03552091494202614,0.5230231285095215,0.3965509533882141,0.051048461347818375,0.527341365814209,0.4058314561843872,0.057577960193157196,0.541634202003479,0.3748757541179657,0.0038974734488874674,0.5184412002563477,0.40325409173965454,0.032988548278808594,0.5211980938911438,0.41962745785713196,0.04502072557806969,0.5281380414962769,0.42197754979133606,0.04461604356765747,0.5348138809204102,0.3974497616291046,-0.002504532691091299,0.5177209377288818,0.42508623003959656,0.025235654786229134,0.5226378440856934,0.43849635124206543,0.03524321690201759,0.5304258465766907,0.43965601921081543,0.03436955437064171,0.5304266214370728,0.42274898290634155,-0.00795183889567852,0.5197659134864807,0.4441615045070648,0.011752679012715816,0.5254544019699097,0.4555703103542328,0.018654370680451393,0.5325760245323181,0.45711374282836914,0.019127335399389267,0.5082595348358154,0.3062441945075989,-0.001791246235370636,0.5270200371742249,0.26228243112564087,-0.00207702349871397,0.5379995107650757,0.2636503577232361,0.00748401740565896,0.5488765239715576,0.265147864818573,-0.0002543321461416781,0.495689332485199,0.2583109140396118,0.0049156490713357925,0.4845535457134247,0.25682559609413147,2.529952507757116e-05,0.47363096475601196,0.25538182258605957,-0.002928002504631877,0.5647761225700378,0.28818953037261963,-0.006278033833950758,0.4590732753276825,0.2753613293170929,-0.0046537769958376884,0.5274606347084045,0.3623027205467224,0.00282821012660861,0.48690512776374817,0.35723310708999634,-0.004767281468957663,0.6221359968185425,0.5274206399917603,-0.027288852259516716,0.3749770522117615,0.5332292318344116,0.027097532525658607,0.7026340961456299,0.8368029594421387,-0.3351067006587982,0.30907097458839417,0.8850860595703125,0.07257559150457382,0.5820730924606323,0.489738792181015,-0.43486595153808594,0.32230305671691895,1.1201999187469482,-0.07809083163738251,0.5611984133720398,0.40137729048728943,0.0004122657992411405,0.30961740016937256,1.215789556503296,-0.002962070982903242,0.5553433299064636,0.37933027744293213,0.005007382482290268,0.3355812728404999,1.2141879796981812,-0.00035899231443181634,0.5524506568908691,0.424403578042984,-0.0012383826542645693,0.34747350215911865,1.1848722696304321,-0.004574949387460947,0.574939489364624,1.1136976480484009,0.07982379198074341,0.4006527364253998,1.1134809255599976,0.11562146246433258
1033.3333333333335,,,,,,,,,,,,,,,,,,,,,,,,,,,,,,,,,,,,,,,,,,,,,,,,,,,,,,,,,,,,,,,,0.5782930254936218,0.45809081196784973,7.653711691091303e-06,0.5779118537902832,0.41803067922592163,0.02897592820227146,0.5720783472061157,0.3858640193939209,0.03804079070687294,0.5687883496284485,0.36021310091018677,0.04389355704188347,0.5734478235244751,0.34690189361572266,0.04960133507847786,0.5506290197372437,0.36469799280166626,0.015304822474718094,0.5254929661750793,0.37867000699043274,0.03532978147268295,0.5223891735076904,0.3977479636669159,0.05044296756386757,0.5254907011985779,0.4087487459182739,0.05712076649069786,0.5418574213981628,0.37828370928764343,0.005550577770918608,0.5185113549232483,0.40509384870529175,0.03374038636684418,0.5199835896492004,0.42295700311660767,0.046101074665784836,0.525799036026001,0.42722171545028687,0.04764150083065033,0.5354565382003784,0.4011630117893219,-2.2645834178547375e-05,0.517307460308075,0.42766663432121277,0.02619507722556591,0.521743655204773,0.4426867961883545,0.03516462817788124,0.5292378067970276,0.4457991421222687,0.03407406806945801,0.5313621163368225,0.426750510931015,-0.004359726794064045,0.5194189548492432,0.4460265338420868,0.012865683063864708,0.5240710377693176,0.4580821990966797,0.018345065414905548,0.5305626392364502,0.4619099199771881,0.018708977848291397,0.5088837146759033,0.3141428530216217,-0.0017955148359760642,0.5274301171302795,0.2684825360774994,-0.0020921132527291775,0.5381616353988647,0.26963087916374207,0.007480327505618334,0.5487892031669617,0.2709086537361145,-0.0002884958521462977,0.4969584345817566,0.2644045948982239,0.004905769135802984,0.4861375689506531,0.26270970702171326,2.8046029910910875e-05,0.47552570700645447,0.26106444001197815,-0.002939211204648018,0.5642235279083252,0.29063236713409424,-0.006279902532696724,0.46148210763931274,0.27751830220222473,-0.004623419605195522,0.5273297429084778,0.36720606684684753,0.0028283540159463882,0.48806944489479065,0.36206337809562683,-0.0047640190459787846,0.6208897829055786,0.5239434242248535,-0.02694059908390045,0.37703874707221985,0.5303838849067688,0.026752788573503494,0.6987558007240295,0.8312899470329285,-0.317658007144928,0.31235596537590027,0.879830002784729,0.07868146151304245,0.5830795764923096,0.48934563994407654,-0.43155983090400696,0.32446718215942383,1.1152775287628174,-0.06588826328516006,0.5626046061515808,0.4013594388961792,0.00041603733552619815,0.31173470616340637,1.2093526124954224,-0.002957877703011036,0.5576229095458984,0.379302442073822,0.004994023125618696,0.33693742752075195,1.208268165588379,-0.0003528631932567805,0.5544517636299133,0.4243015646934509,-0.0012382643762975931,0.3490407466888428,1.179255485534668,-0.004583046771585941,0.57356858253479,1.10804283618927,0.07961428165435791,0.40165022015571594,1.107690691947937,0.11563688516616821
1050.0,,,,,,,,,,,,,,,,,,,,,,,,,,,,,,,,,,,,,,,,,,,,,,,,,,,,,,,,,,,,,,,,0.5769883990287781,0.4568944275379181,9.354116627946496e-06,0.577499270439148,0.417794793844223,0.0296676903963089,0.5721515417098999,0.38596004247665405,0.0389404222369194,0.5685762763023376,0.3609687387943268,0.045237720012664795,0.5728585124015808,0.3467855751514435,0.05166541785001755,0.550133228302002,0.36386072635650635,0.015464941039681435,0.5256302356719971,0.3784753382205963,0.03563270717859268,0.5228208899497986,0.397032767534256,0.05064908042550087,0.5259735584259033,0.40752220153808594,0.05676809325814247,0.5414189100265503,0.3770458400249481,0.0055538867600262165,0.5187061429023743,0.4049929678440094,0.03364838659763336,0.5207630395889282,0.4224664568901062,0.04624704271554947,0.5266484022140503,0.42644375562667847,0.047691408544778824,0.5350586771965027,0.3999127447605133,-0.0001307228085352108,0.5175158381462097,0.42725035548210144,0.02630450204014778,0.5223844647407532,0.44218847155570984,0.035917386412620544,0.5297911763191223,0.44528573751449585,0.03515702113509178,0.5309076905250549,0.4258628487586975,-0.004641032312065363,0.5189796686172485,0.4453742802143097,0.012765101157128811,0.5237565636634827,0.4571797251701355,0.018469806760549545,0.5301493406295776,0.46119311451911926,0.019073443487286568,0.508216142654419,0.31323593854904175,-0.0018271926091983914,0.5275008678436279,0.2685043513774872,-0.002097518416121602,0.5381876826286316,0.2701234221458435,0.007471946068108082,0.5487703084945679,0.27188020944595337,-0.0003529895329847932,0.4972146153450012,0.2632017731666565,0.0048920875415205956,0.4865078926086426,0.26113662123680115,2.891051917686127e-05,0.4760136902332306,0.25917357206344604,-0.002964605111628771,0.5641213655471802,0.2917032539844513,-0.006281089503318071,0.4621080160140991,0.27582183480262756,-0.00461947126314044,0.5261939167976379,0.36696767807006836,0.002828476019203663,0.4870253801345825,0.36036843061447144,-0.004755144473165274,0.6191036701202393,0.5231651663780212,-0.026088425889611244,0.375918447971344,0.5296065211296082,0.025888603180646896,0.6984421610832214,0.826525866985321,-0.31645095348358154,0.31207016110420227,0.8822243213653564,0.07063456624746323,0.5823571681976318,0.48394832015037537,-0.4296165704727173,0.3260115087032318,1.1202006340026855,-0.07227862626314163,0.5631207823753357,0.39495953917503357,0.00043191720033064485,0.3138165771961212,1.2144798040390015,-0.0029487009160220623,0.5567649602890015,0.37521159648895264,0.00499371625483036,0.3388521373271942,1.213139533996582,-0.00034146735561080277,0.5536669492721558,0.42034539580345154,-0.001236728741787374,0.350802481174469,1.1834709644317627,-0.004584195092320442,0.5728842616081238,1.105879545211792,0.06902730464935303,0.4015992283821106,1.1064802408218384,0.09733032435178757
1066.6666666666667,,,,,,,,,,,,,,,,,,,,,,,,,,,,,,,,,,,,,,,,,,,,,,,,,,,,,,,,,,,,,,,,0.5759001970291138,0.45512670278549194,1.73330645338865e-05,0.5760732889175415,0.4137539267539978,0.030570149421691895,0.5706152319908142,0.3817391097545624,0.04048760235309601,0.565813422203064,0.3589078187942505,0.04761829227209091,0.5691044926643372,0.3491722643375397,0.0553911030292511,0.5474497675895691,0.36100244522094727,0.015024772845208645,0.5234526991844177,0.37832868099212646,0.036277271807193756,0.5220787525177002,0.3967053294181824,0.050953663885593414,0.5270724296569824,0.4049328565597534,0.056291379034519196,0.5380122065544128,0.37505197525024414,0.005046427249908447,0.5173012018203735,0.40377286076545715,0.03433941677212715,0.5202047228813171,0.4186031222343445,0.04612959176301956,0.526879072189331,0.41973376274108887,0.04588598385453224,0.5314580202102661,0.3984188437461853,-0.00034724577562883496,0.5159873962402344,0.42544928193092346,0.027040723711252213,0.5211572051048279,0.4381061792373657,0.03620896488428116,0.5286547541618347,0.43916773796081543,0.03454867750406265,0.5275142192840576,0.4244057834148407,-0.004519709385931492,0.5174692273139954,0.4442068636417389,0.014400163665413857,0.5230881571769714,0.4545207619667053,0.020003071054816246,0.5294690728187561,0.45643091201782227,0.02028760127723217,0.5085958242416382,0.31551459431648254,-0.0018474854296073318,0.5279390215873718,0.27061519026756287,-0.002103648381307721,0.5385976433753967,0.27226951718330383,0.007461762987077236,0.5491505861282349,0.2740543484687805,-0.0004073333693668246,0.49776527285575867,0.26503702998161316,0.004868286196142435,0.48709753155708313,0.2627951502799988,2.9652428565896116e-05,0.4766419231891632,0.26063868403434753,-0.0029775728471577168,0.5645577311515808,0.2934405207633972,-0.006284190341830254,0.46290266513824463,0.2762312889099121,-0.004592274781316519,0.5264754295349121,0.3689285218715668,0.0028292525094002485,0.4875146746635437,0.361901193857193,-0.0047530848532915115,0.618965744972229,0.5230482220649719,-0.025529779493808746,0.37631523609161377,0.5293669104576111,0.025332503020763397,0.6982448101043701,0.8240758180618286,-0.3247556686401367,0.3125918209552765,0.8825057744979858,0.0686318427324295,0.5813078284263611,0.4810406267642975,-0.42610010504722595,0.32769933342933655,1.1218938827514648,-0.07457717508077621,0.5620560050010681,0.39173784852027893,0.0004448656691238284,0.3159542977809906,1.2170474529266357,-0.002938242396339774,0.5559553503990173,0.3728716969490051,0.004983204882591963,0.3413070738315582,1.2154136896133423,-0.0003377104294486344,0.5529022812843323,0.4179990589618683,-0.001236368203535676,0.3530511260032654,1.185434341430664,-0.004589983262121677,0.5722888708114624,1.1055045127868652,0.07152716815471649,0.4013637900352478,1.105949878692627,0.10200243443250656
1083.3333333333335,,,,,,,,,,,,,,,,,,,,,,,,,,,,,,,,,,,,,,,,,,,,,,,,,,,,,,,,,,,,,,,,0.5750778913497925,0.4537680447101593,1.6742498701205477e-05,0.5758005976676941,0.41308799386024475,0.030490340664982796,0.5705356597900391,0.3816727101802826,0.04040944576263428,0.5660774111747742,0.36023566126823425,0.04803571477532387,0.5692301988601685,0.35084062814712524,0.05661795288324356,0.547721803188324,0.35898685455322266,0.013796723447740078,0.5247777104377747,0.37679585814476013,0.035186488181352615,0.5242761373519897,0.3957694470882416,0.05056602507829666,0.530119001865387,0.4036511182785034,0.05592896044254303,0.5380673408508301,0.37414756417274475,0.003811859991401434,0.5178894400596619,0.4029216468334198,0.032408323138952255,0.5214570164680481,0.418459415435791,0.045113980770111084,0.5283968448638916,0.419553279876709,0.04585249722003937,0.5314153432846069,0.39835548400878906,-0.0015049639623612165,0.5162175893783569,0.42570769786834717,0.02534402720630169,0.5217404961585999,0.4389856457710266,0.034731388092041016,0.5293560028076172,0.4398426413536072,0.03338867053389549,0.5273097157478333,0.42515912652015686,-0.005581520032137632,0.5172670483589172,0.4452068507671356,0.012803573161363602,0.5233732461929321,0.4558623135089874,0.018793614581227303,0.5299416184425354,0.45712608098983765,0.019119353964924812,0.5084640979766846,0.3155888020992279,-0.0018648677505552769,0.5279667377471924,0.2710030674934387,-0.0021099040750414133,0.5386293530464172,0.27276062965393066,0.007457216270267963,0.5491859912872314,0.2746489644050598,-0.00042844246490858495,0.4977884888648987,0.26519206166267395,0.00484836008399725,0.48714154958724976,0.2628776729106903,3.003484380315058e-05,0.4767075181007385,0.2606513202190399,-0.0029897443018853664,0.5647189021110535,0.2942394018173218,-0.006285966839641333,0.46313631534576416,0.2762015461921692,-0.004590131342411041,0.5263677835464478,0.3693106174468994,0.0028294562362134457,0.48738738894462585,0.36196935176849365,-0.004751719534397125,0.6189631223678589,0.5232217311859131,-0.025530904531478882,0.3763747811317444,0.5295460224151611,0.025333745405077934,0.6987563967704773,0.8215813636779785,-0.32491442561149597,0.3124784231185913,0.8840497136116028,0.06831052154302597,0.5814285278320312,0.4803696572780609,-0.4258785843849182,0.32829704880714417,1.1225905418395996,-0.07515881955623627,0.5622640252113342,0.3914729058742523,0.0004506754921749234,0.3168962001800537,1.217260718345642,-0.0029368146788328886,0.5558912754058838,0.3729032278060913,0.004978974349796772,0.34196603298187256,1.2153273820877075,-0.00033225296647287905,0.5529831647872925,0.4179362654685974,-0.0012349286116659641,0.3535485863685608,1.1854302883148193,-0.004591075237840414,0.5723032355308533,1.1056584119796753,0.06862575560808182,0.4012809991836548,1.1060192584991455,0.10037409514188766
1100.0,,,,,,,,,,,,,,,,,,,,,,,,,,,,,,,,,,,,,,,,,,,,,,,,,,,,,,,,,,,,,,,,0.5732115507125854,0.45972374081611633,1.4992968317528721e-05,0.5734642148017883,0.4177011251449585,0.03081071749329567,0.5664950609207153,0.3867621421813965,0.04187103360891342,0.559761106967926,0.36466774344444275,0.05083373188972473,0.5591548681259155,0.35298794507980347,0.061135437339544296,0.5451757907867432,0.3626483678817749,0.016550518572330475,0.5237780213356018,0.383832186460495,0.03935977816581726,0.5249187350273132,0.4031029939651489,0.05436369776725769,0.5315801501274109,0.40837064385414124,0.05831824243068695,0.5362321734428406,0.3775644898414612,0.00550979794934392,0.5158005952835083,0.40765783190727234,0.0334404855966568,0.5194225311279297,0.4227132499217987,0.04410020634531975,0.5266766548156738,0.4235166609287262,0.04416973143815994,0.5295565128326416,0.40160298347473145,-0.0009298521326854825,0.5125969052314758,0.43027347326278687,0.026334116235375404,0.5183554887771606,0.4437040686607361,0.03468833863735199,0.5264348387718201,0.44493308663368225,0.03217383846640587,0.5256116390228271,0.4290768802165985,-0.005957662593573332,0.5141572952270508,0.4478721618652344,0.012174814939498901,0.5200763940811157,0.4585806727409363,0.018617713823914528,0.5267802476882935,0.4608253836631775,0.020501840859651566,0.5086872577667236,0.31656938791275024,-0.001872408902272582,0.5281252264976501,0.2717442214488983,-0.002111738780513406,0.5387802720069885,0.27346155047416687,0.007457058411091566,0.5493303537368774,0.27530375123023987,-0.00044290689402259886,0.4979642629623413,0.2659386992454529,0.004833495244383812,0.4873143136501312,0.26358678936958313,3.0021632483112626e-05,0.4768766462802887,0.26131299138069153,-0.0030007970053702593,0.564809262752533,0.2945850193500519,-0.006288453470915556,0.4631463885307312,0.2763258218765259,-0.004577700514346361,0.5265249609947205,0.3699379861354828,0.002829804550856352,0.48762792348861694,0.3625848591327667,-0.004748230800032616,0.6189943552017212,0.5231953263282776,-0.024829311296343803,0.3765883147716522,0.5294597744941711,0.024650584906339645,0.6984595060348511,0.8217857480049133,-0.3136068880558014,0.31294456124305725,0.8844032883644104,0.0684453621506691,0.581048846244812,0.4811963438987732,-0.421620637178421,0.3291413486003876,1.1223832368850708,-0.07317601889371872,0.5615473985671997,0.3933587968349457,0.00045328467967920005,0.31760549545288086,1.216960072517395,-0.002929390873759985,0.5552254319190979,0.3740924000740051,0.004978954326361418,0.3428863286972046,1.2153085470199585,-0.0003303071716800332,0.5524113774299622,0.4187994599342346,-0.001232560956850648,0.35451218485832214,1.1853522062301636,-0.004592569544911385,0.5727139711380005,1.1056448221206665,0.06952524930238724,0.40195605158805847,1.1058011054992676,0.10021226853132248
1116.6666666666667,,,,,,,,,,,,,,,,,,,,,,,,,,,,,,,,,,,,,,,,,,,,,,,,,,,,,,,,,,,,,,,,0.5725973844528198,0.45547232031822205,6.430899247789057e-06,0.5724042057991028,0.4136311709880829,0.03171274811029434,0.5651262998580933,0.3836232125759125,0.041658516973257065,0.5577365756034851,0.3646436631679535,0.04931722953915596,0.5564437508583069,0.35688304901123047,0.05828096717596054,0.5456475615501404,0.3614270091056824,0.015730679035186768,0.5236009359359741,0.38195914030075073,0.03925078362226486,0.5241823792457581,0.4001610577106476,0.05517493188381195,0.5306363105773926,0.4056156873703003,0.06054355204105377,0.5370385646820068,0.3749920129776001,0.0046995640732347965,0.515932023525238,0.40437397360801697,0.033317048102617264,0.5193235874176025,0.4200479984283447,0.046258363872766495,0.5262371897697449,0.42154547572135925,0.04790659621357918,0.5304755568504333,0.39818334579467773,-0.0012552691623568535,0.5129365921020508,0.4265008568763733,0.025621697306632996,0.5181490778923035,0.4402065873146057,0.036469992250204086,0.5259537100791931,0.44150349497795105,0.036484722048044205,0.5261574983596802,0.4244704246520996,-0.005899239331483841,0.513511061668396,0.44614046812057495,0.013014157302677631,0.5193061828613281,0.45811930298805237,0.021218545734882355,0.5265094041824341,0.45979803800582886,0.02381904050707817,0.5088088512420654,0.31655532121658325,-0.0018807040760293603,0.5280984044075012,0.2718402147293091,-0.0021120812743902206,0.538713276386261,0.2735448181629181,0.007454883772879839,0.5492254495620728,0.2753727436065674,-0.00045543554006144404,0.4980655312538147,0.2660607695579529,0.004825056530535221,0.48745056986808777,0.2637127637863159,2.9064751288387924e-05,0.47704946994781494,0.2614365518093109,-0.0030117665883153677,0.5645596385002136,0.2946508824825287,-0.006290411576628685,0.463254451751709,0.27631911635398865,-0.004565568640828133,0.526531457901001,0.36975911259651184,0.002829879755154252,0.48777785897254944,0.36247050762176514,-0.004746412858366966,0.6188278794288635,0.5229092836380005,-0.022937556728720665,0.3765925168991089,0.5292422771453857,0.022764377295970917,0.6973778605461121,0.8216434121131897,-0.30938032269477844,0.31393271684646606,0.8837321400642395,0.0686764270067215,0.5803554654121399,0.48280343413352966,-0.41718074679374695,0.33086657524108887,1.1222273111343384,-0.07315937429666519,0.560501754283905,0.3957715928554535,0.00045503026922233403,0.31944575905799866,1.2169032096862793,-0.002925896318629384,0.5545111298561096,0.375728577375412,0.0049765449948608875,0.34512361884117126,1.2154144048690796,-0.0003285301208961755,0.5517199635505676,0.4201890826225281,-0.0012311500031501055,0.35670772194862366,1.1854040622711182,-0.004593639634549618,0.5729495286941528,1.1050270795822144,0.072639599442482,0.4027441143989563,1.1053106784820557,0.10174025595188141
1133.3333333333333,,,,,,,,,,,,,,,,,,,,,,,,,,,,,,,,,,,,,,,,,,,,,,,,,,,,,,,,,,,,,,,,0.5722249746322632,0.4539375305175781,1.8794158904711367e-06,0.5721606016159058,0.41255390644073486,0.031409911811351776,0.5640665292739868,0.38459253311157227,0.042177967727184296,0.5561149716377258,0.3690904974937439,0.0505097359418869,0.5531924962997437,0.36414438486099243,0.059850309044122696,0.5457716584205627,0.3626520037651062,0.014956734143197536,0.5246472954750061,0.38252556324005127,0.0367090217769146,0.5255593657493591,0.4007607102394104,0.0517754890024662,0.5318505167961121,0.40565937757492065,0.05654911324381828,0.537256121635437,0.3766591250896454,0.0038598307874053717,0.5162616968154907,0.4050649404525757,0.03067363053560257,0.5203762650489807,0.4211241602897644,0.043423447757959366,0.5273706912994385,0.4222971200942993,0.0459534227848053,0.5309649705886841,0.3998073637485504,-0.0022582917008548975,0.5129103064537048,0.4279046952724457,0.02321665734052658,0.518425464630127,0.44129469990730286,0.03377467766404152,0.5261285901069641,0.44163352251052856,0.03363196179270744,0.5269958972930908,0.42613494396209717,-0.0070011671632528305,0.5138587355613708,0.4483068287372589,0.011709539219737053,0.5199430584907532,0.45917534828186035,0.020181119441986084,0.5271152257919312,0.45899850130081177,0.0229086522012949,0.5085089802742004,0.3162636458873749,-0.0018907153280451894,0.527901828289032,0.2717369496822357,-0.002123600570484996,0.5385077595710754,0.27346134185791016,0.007449228782206774,0.5490114092826843,0.27531200647354126,-0.00045827735448256135,0.4979014992713928,0.26595503091812134,0.004815433174371719,0.48731571435928345,0.2636227309703827,2.8394269975251518e-05,0.47694140672683716,0.261364221572876,-0.0030117786955088377,0.5645043253898621,0.2946457266807556,-0.006291593890637159,0.4632733464241028,0.2762283980846405,-0.004555161111056805,0.526299774646759,0.3695688247680664,0.0028287863824516535,0.4876457452774048,0.3622457981109619,-0.004744166508316994,0.6191329956054688,0.5228089690208435,-0.023042410612106323,0.3766835033893585,0.5292424559593201,0.022867470979690552,0.6969321370124817,0.8209766149520874,-0.32026490569114685,0.31375882029533386,0.8836100101470947,0.06825586408376694,0.5796862840652466,0.4826819896697998,-0.4192696213722229,0.33079859614372253,1.122201681137085,-0.07427002489566803,0.5597774386405945,0.39586275815963745,0.0004565714334603399,0.3196132779121399,1.2167325019836426,-0.0029192434158176184,0.5539780855178833,0.37564119696617126,0.004971185699105263,0.3453369736671448,1.2152535915374756,-0.0003199981292709708,0.5512268543243408,0.4199984073638916,-0.0012278008507564664,0.35678693652153015,1.1850162744522095,-0.004594997502863407,0.5729780793190002,1.1041287183761597,0.07173875719308853,0.4027874171733856,1.1052662134170532,0.102459616959095
1150.0000000000002,,,,,,,,,,,,,,,,,,,,,,,,,,,,,,,,,,,,,,,,,,,,,,,,,,,,,,,,,,,,,,,,0.5681089758872986,0.4570450782775879,-2.3786112706147833e-06,0.5677594542503357,0.4155990481376648,0.03151310235261917,0.5597249269485474,0.3899064064025879,0.043479952961206436,0.5512457489967346,0.3747035264968872,0.05319845303893089,0.547109842300415,0.3700832724571228,0.06396227329969406,0.5409746170043945,0.3701207637786865,0.016399797052145004,0.5222539901733398,0.3885631561279297,0.03739022836089134,0.5216382741928101,0.4061663746833801,0.05230676382780075,0.5264498591423035,0.41345730423927307,0.058126144111156464,0.5326588153839111,0.38425213098526,0.0056700133718550205,0.5136193633079529,0.4101558327674866,0.031226014718413353,0.5146862268447876,0.4252268075942993,0.04250740259885788,0.5201207399368286,0.4299432635307312,0.04406037926673889,0.5265554189682007,0.40703994035720825,-0.0004315626574680209,0.5099990963935852,0.4326529800891876,0.02351081185042858,0.5132532119750977,0.4469919800758362,0.033979009836912155,0.5200291275978088,0.45258086919784546,0.03443843871355057,0.5229878425598145,0.43289050459861755,-0.0049973842687904835,0.5105742812156677,0.45199790596961975,0.012419513426721096,0.5132341980934143,0.4646702706813812,0.020215703174471855,0.5184069871902466,0.4706053137779236,0.022802788764238358,0.5081959366798401,0.31613868474960327,-0.0019034219440072775,0.5275264382362366,0.27174004912376404,-0.0021256101317703724,0.5381307601928711,0.2735404372215271,0.007444710470736027,0.5486363172531128,0.2754668593406677,-0.0004789272206835449,0.49753427505493164,0.2657887935638428,0.004798498470336199,0.4869536757469177,0.26339712738990784,2.843937363650184e-05,0.4765857458114624,0.26107433438301086,-0.003016038564965129,0.5643441081047058,0.2951427698135376,-0.006291636731475592,0.4632006287574768,0.27588340640068054,-0.004536154214292765,0.5257863998413086,0.3697018623352051,0.0028276995290070772,0.487133264541626,0.36207035183906555,-0.004739521071314812,0.6193245649337769,0.5224931836128235,-0.024793002754449844,0.3764524459838867,0.5289005637168884,0.02465878240764141,0.6968790888786316,0.8238885998725891,-0.3226569592952728,0.3133772313594818,0.8832951188087463,0.07155902683734894,0.5771538615226746,0.4838621914386749,-0.4266752004623413,0.33050447702407837,1.121792197227478,-0.07458175718784332,0.554489254951477,0.3971407413482666,0.00046361147542484105,0.31926605105400085,1.2161531448364258,-0.0029124608263373375,0.5497111082077026,0.37556779384613037,0.004969622939825058,0.34512022137641907,1.2148947715759277,-0.00030087982304394245,0.547683835029602,0.4200453460216522,-0.0012264945544302464,0.3565632700920105,1.184619426727295,-0.004595406353473663,0.5740604400634766,1.1032949686050415,0.08593069016933441,0.4034474194049835,1.1049318313598633,0.12232096493244171
1166.6666666666667,,,,,,,,,,,,,,,,,,,,,,,,,,,,,,,,,,,,,,,,,,,,,,,,,,,,,,,,,,,,,,,,0.567854106426239,0.4559658169746399,-1.9729798168555135e-06,0.5662937164306641,0.41445988416671753,0.030883241444826126,0.557609498500824,0.3886969983577728,0.04132351651787758,0.5483621954917908,0.3750894069671631,0.04943466559052467,0.5434588193893433,0.37181222438812256,0.05734967440366745,0.5396342873573303,0.3686986267566681,0.014688964933156967,0.5198767185211182,0.39267829060554504,0.03597330302000046,0.5200032591819763,0.41050559282302856,0.05102521926164627,0.5250927805900574,0.4156779646873474,0.05669097602367401,0.5321058630943298,0.38366255164146423,0.0034920251928269863,0.5124924778938293,0.4141365885734558,0.02899995632469654,0.5148997902870178,0.4293310344219208,0.041144486516714096,0.5206921100616455,0.4317476749420166,0.04323815926909447,0.5267135500907898,0.407115638256073,-0.0031242745462805033,0.5097266435623169,0.4362550377845764,0.021010566502809525,0.5145623683929443,0.45018109679222107,0.03216465562582016,0.5219326019287109,0.45266273617744446,0.033177368342876434,0.5235998034477234,0.4332408010959625,-0.00833682157099247,0.5100064277648926,0.45502594113349915,0.009220518171787262,0.515139639377594,0.46717244386672974,0.018069250509142876,0.5222125053405762,0.4697246849536896,0.020754266530275345,0.5081335306167603,0.3163706660270691,-0.0019070286070927978,0.5273707509040833,0.27198758721351624,-0.00212565204128623,0.537986159324646,0.27386102080345154,0.007444091606885195,0.548506498336792,0.27586811780929565,-0.0004985589766874909,0.49737584590911865,0.26588550209999084,0.004792318679392338,0.48679599165916443,0.2634521424770355,2.6560348487691954e-05,0.4764286279678345,0.26109740138053894,-0.003017767798155546,0.5643715858459473,0.29566431045532227,-0.006292577367275953,0.46312084794044495,0.2758735716342926,-0.004532770253717899,0.5256738066673279,0.3700789213180542,0.002824836177751422,0.48704710602760315,0.3621814548969269,-0.004739202558994293,0.61911940574646,0.5224408507347107,-0.024783138185739517,0.3763268291950226,0.5288425087928772,0.024646516889333725,0.6968008875846863,0.8260469436645508,-0.31904011964797974,0.31333139538764954,0.8828228712081909,0.07079441845417023,0.5755078792572021,0.4860694408416748,-0.4270800054073334,0.3310512900352478,1.1197155714035034,-0.07935872673988342,0.5521673560142517,0.3997146189212799,0.0004689008928835392,0.3200315237045288,1.213883399963379,-0.0029022961389273405,0.546922504901886,0.37689921259880066,0.0049569797702133656,0.34672942757606506,1.2113916873931885,-0.0002913989592343569,0.5451532006263733,0.4215826392173767,-0.0012254687026143074,0.35794052481651306,1.181494116783142,-0.004595906473696232,0.5746632814407349,1.1031553745269775,0.08337485790252686,0.40356186032295227,1.1044113636016846,0.11807922273874283
1183.3333333333333,,,,,,,,,,,,,,,,,,,,,,,,,,,,,,,,,,,,,,,,,,,,,,,,,,,,,,,,,,,,,,,,0.5614330172538757,0.4667240083217621,7.565763553429861e-07,0.5632615685462952,0.42641177773475647,0.0288008451461792,0.5555881857872009,0.4015774726867676,0.04215880110859871,0.5464247465133667,0.38773179054260254,0.053358543664216995,0.54201340675354,0.38346976041793823,0.0644044354557991,0.5366694927215576,0.378830224275589,0.01994995027780533,0.5234811902046204,0.3938702642917633,0.04394952580332756,0.5228143334388733,0.41005730628967285,0.059899188578128815,0.5262524485588074,0.4184205234050751,0.06581203639507294,0.5273536443710327,0.3937591314315796,0.0118295568972826,0.5150739550590515,0.41889262199401855,0.04142830893397331,0.5173434615135193,0.4329434037208557,0.05221225693821907,0.5227841734886169,0.4372461140155792,0.051991693675518036,0.521522581577301,0.4166848361492157,0.007985961623489857,0.5120092630386353,0.44366520643234253,0.034436024725437164,0.5156991481781006,0.45599880814552307,0.04155043140053749,0.522317111492157,0.4599740207195282,0.03817211464047432,0.5182199478149414,0.44220513105392456,0.00531370285898447,0.5112923383712769,0.46147775650024414,0.02450655587017536,0.5149197578430176,0.47191330790519714,0.031666841357946396,0.5206304788589478,0.4764176309108734,0.032684072852134705,0.5080717206001282,0.3162216246128082,-0.0019140418153256178,0.5273404121398926,0.2717641294002533,-0.0021357862278819084,0.5379555225372314,0.2736054062843323,0.007435651030391455,0.5484787821769714,0.27557751536369324,-0.0005176790873520076,0.4973616302013397,0.26574718952178955,0.00477186031639576,0.4867944121360779,0.2633455693721771,2.430739732517395e-05,0.4764153063297272,0.2610192894935608,-0.003019890980795026,0.5643385052680969,0.2953225076198578,-0.006293047685176134,0.4629773497581482,0.2757863998413086,-0.004531117621809244,0.5256315469741821,0.3698479235172272,0.002818829845637083,0.48700040578842163,0.36206692457199097,-0.004737919196486473,0.6190562844276428,0.5199918150901794,-0.020714126527309418,0.3760574758052826,0.5279722213745117,0.020584573969244957,0.6968235969543457,0.832635760307312,-0.27966219186782837,0.3118163049221039,0.8827238082885742,0.062321893870830536,0.5724606513977051,0.5011909008026123,-0.4226187765598297,0.33105942606925964,1.1181222200393677,-0.09413424134254456,0.5476276874542236,0.4198022484779358,0.0004750802181661129,0.31991302967071533,1.212626576423645,-0.0028965394012629986,0.5413023829460144,0.39141735434532166,0.004947630222886801,0.3477199077606201,1.2098580598831177,-0.0002749139384832233,0.5403479337692261,0.4359278082847595,-0.0012291778111830354,0.35882553458213806,1.1800577640533447,-0.004596164915710688,0.5754526853561401,1.0996770858764648,0.08601013571023941,0.403719037771225,1.1035902500152588,0.1166607216000557
1200.0,,,,,,,,,,,,,,,,,,,,,,,,,,,,,,,,,,,,,,,,,,,,,,,,,,,,,,,,,,,,,,,,0.5601004958152771,0.4640548825263977,-2.485975755917025e-06,0.5625281929969788,0.426675021648407,0.02554366923868656,0.5555140972137451,0.4031365215778351,0.03777389973402023,0.5473099946975708,0.3896184265613556,0.04783475026488304,0.5435296297073364,0.38658320903778076,0.05730855464935303,0.5372344255447388,0.3829905390739441,0.019033560529351234,0.5273181200027466,0.3904864192008972,0.04182063788175583,0.5254924297332764,0.40473899245262146,0.05688483268022537,0.52802973985672,0.4145800769329071,0.06289549171924591,0.5280197262763977,0.3982048034667969,0.012220088392496109,0.5175663232803345,0.4191780984401703,0.03955601900815964,0.5186859369277954,0.43283069133758545,0.04925564303994179,0.5234336853027344,0.4372112452983856,0.04959944635629654,0.5224032998085022,0.42074456810951233,0.009271173737943172,0.5139505863189697,0.44459277391433716,0.03295055404305458,0.516711413860321,0.45596009492874146,0.04037844389677048,0.5229000449180603,0.4589996039867401,0.03916836157441139,0.5193526744842529,0.4450986385345459,0.007252299226820469,0.5122612714767456,0.4631304144859314,0.025584252551198006,0.5154458284378052,0.4718440771102905,0.033628907054662704,0.521096408367157,0.47438064217567444,0.03692331910133362,0.5071632862091064,0.3140921890735626,-0.0019189518643543124,0.526712954044342,0.2695019841194153,-0.0021386705338954926,0.5375015139579773,0.2713516056537628,0.007431287784129381,0.5481849312782288,0.27332738041877747,-0.0005321921780705452,0.49621590971946716,0.26358088850975037,0.004760658834129572,0.48544517159461975,0.2612409293651581,2.0870371372438967e-05,0.4748689532279968,0.2589711844921112,-0.0030220779590308666,0.5640883445739746,0.29381659626960754,-0.006294259801506996,0.4609028398990631,0.2744816243648529,-0.004529209807515144,0.525111734867096,0.36838531494140625,0.0028152831364423037,0.4857076406478882,0.3607393503189087,-0.004737457260489464,0.6188434958457947,0.5193732380867004,-0.019744180142879486,0.3742382824420929,0.5281774401664734,0.019609177485108376,0.6972392797470093,0.8351481556892395,-0.2783333361148834,0.310217946767807,0.8837009072303772,0.058836136013269424,0.5696244835853577,0.506176769733429,-0.4210205078125,0.3310001790523529,1.1176786422729492,-0.09610835462808609,0.5448048114776611,0.4256230592727661,0.0004799389571417123,0.3196949064731598,1.212227702140808,-0.002891366370022297,0.5375779867172241,0.3972233533859253,0.004941591992974281,0.3477017879486084,1.20889413356781,-0.0002704278740566224,0.5368565320968628,0.44174280762672424,-0.001229759305715561,0.35882309079170227,1.1791284084320068,-0.00459627527743578,0.5755677819252014,1.0990768671035767,0.08841943740844727,0.4034990072250366,1.1036874055862427,0.11935551464557648
1216.6666666666667,0.5741212964057922,0.5114619731903076,1.4387117062142352e-06,0.5678587555885315,0.47183287143707275,0.019929545000195503,0.5586197972297668,0.4354552626609802,0.026292158290743828,0.549504280090332,0.40911832451820374,0.02869255468249321,0.5447009205818176,0.39586707949638367,0.030979691073298454,0.5550233721733093,0.40131717920303345,0.007842066697776318,0.5351055860519409,0.38058432936668396,0.014414580538868904,0.5287812948226929,0.39545172452926636,0.020407823845744133,0.5287370085716248,0.4113105237483978,0.02444043755531311,0.5535041689872742,0.40989476442337036,-0.0021451704669743776,0.5282430648803711,0.3988147974014282,0.012062842026352882,0.5244477987289429,0.4150804877281189,0.018732406198978424,0.5269670486450195,0.425341933965683,0.016724949702620506,0.5507259368896484,0.42626118659973145,-0.010235661640763283,0.526353120803833,0.42129623889923096,0.0023015530314296484,0.5236430764198303,0.43782392144203186,0.00691500399261713,0.5260924696922302,0.4489270746707916,0.004133288748562336,0.5472187995910645,0.44716018438339233,-0.01684269681572914,0.5264230370521545,0.4441577196121216,-0.006027353461831808,0.5237703919410706,0.456112802028656,8.424156840192154e-05,0.5252185463905334,0.46493449807167053,0.0006368863978423178,0.5589169859886169,0.4641924202442169,1.8826993937182124e-06,0.5613306760787964,0.42769837379455566,0.025875112041831017,0.5544577836990356,0.40392810106277466,0.037806395441293716,0.5460975170135498,0.3902956247329712,0.046934161335229874,0.5419774055480957,0.38670241832733154,0.05544460192322731,0.537611722946167,0.38409191370010376,0.019727544859051704,0.5273164510726929,0.38975784182548523,0.042085397988557816,0.5251906514167786,0.4035707712173462,0.057055141776800156,0.5274081826210022,0.41322314739227295,0.06340724974870682,0.5285606384277344,0.39899617433547974,0.012719600461423397,0.5187216997146606,0.41768813133239746,0.039382800459861755,0.5200051069259644,0.43142756819725037,0.04849080368876457,0.5244835019111633,0.4359742999076843,0.04863931983709335,0.522918701171875,0.420805960893631,0.009680557996034622,0.5150288939476013,0.44246187806129456,0.032911788672208786,0.5180432200431824,0.45393145084381104,0.039633963257074356,0.5240033864974976,0.45726093649864197,0.03836977109313011,0.5195732712745667,0.4445227384567261,0.007501385640352964,0.5130500793457031,0.4612586200237274,0.025537803769111633,0.5166234970092773,0.4698335528373718,0.0331546813249588,0.5222718119621277,0.47241947054862976,0.03624386712908745,0.5059478282928467,0.31072375178337097,-0.0019252572674304247,0.5256708860397339,0.26622140407562256,-0.002146420767530799,0.5366382002830505,0.2680761218070984,0.00742745166644454,0.5474963188171387,0.2700515389442444,-0.0005527461180463433,0.4946962296962738,0.2604660093784332,0.004755885805934668,0.4837384521961212,0.2582356333732605,1.9591187083278783e-05,0.4729844927787781,0.25607120990753174,-0.0030254048760980368,0.5633639097213745,0.29175570607185364,-0.00629632780328393,0.45864203572273254,0.27288466691970825,-0.004523881245404482,0.5243310332298279,0.36604437232017517,0.0028141436632722616,0.4841312766075134,0.35861411690711975,-0.004737361334264278,0.6185022592544556,0.5199328660964966,-0.019068630412220955,0.37231317162513733,0.5291841626167297,0.018941955640912056,0.6980043649673462,0.8379803895950317,-0.27761220932006836,0.3090725243091583,0.885884702205658,0.058594267815351486,0.5676388740539551,0.5081979036331177,-0.4175935685634613,0.3309248685836792,1.12028968334198,-0.09552641957998276,0.5419748425483704,0.427595853805542,0.0004840361070819199,0.3192842900753021,1.2153546810150146,-0.0028860089369118214,0.5350093245506287,0.3990808129310608,0.004936267156153917,0.3475310504436493,1.211889386177063,-0.00026809677365235984,0.5345644354820251,0.44372278451919556,-0.0012295936467126012,0.3586798310279846,1.1820099353790283,-0.004597283899784088,0.5757083892822266,1.100106954574585,0.09478405863046646,0.40329185128211975,1.1055339574813843,0.12522895634174347
1233.3333333333335,0.5749850273132324,0.5075650215148926,-1.207295099447947e-06,0.569307804107666,0.4545038342475891,0.03378622233867645,0.5582473874092102,0.42541971802711487,0.047205597162246704,0.5476637482643127,0.4063161611557007,0.05604935809969902,0.5438788533210754,0.3964134454727173,0.06264901906251907,0.5358912944793701,0.39502909779548645,0.019631659612059593,0.510837972164154,0.4055296778678894,0.03899140655994415,0.5099443197250366,0.42652660608291626,0.052173912525177,0.5153547525405884,0.43870022892951965,0.05688232183456421,0.5276752710342407,0.4079914093017578,0.006827004253864288,0.5057235956192017,0.4369078278541565,0.03712281957268715,0.5104742050170898,0.4554094672203064,0.047456707805395126,0.5194145441055298,0.4600519835948944,0.04596368968486786,0.521580159664154,0.4319053292274475,-0.0016256794333457947,0.5050342082977295,0.46316710114479065,0.026001498103141785,0.5104067921638489,0.47860369086265564,0.031579263508319855,0.5203536748886108,0.4848176836967468,0.027247300371527672,0.5170377492904663,0.46138420701026917,-0.008106927387416363,0.505328893661499,0.4818471074104309,0.011556067503988743,0.5104714035987854,0.49521923065185547,0.017779145389795303,0.5177959203720093,0.5008371472358704,0.01859128661453724,0.5540570020675659,0.4697205424308777,-5.601111752184806e-07,0.5561286211013794,0.4352271258831024,0.021702442318201065,0.5491750836372375,0.41377678513526917,0.031967662274837494,0.5418781042098999,0.39948728680610657,0.04068923369050026,0.5371113419532776,0.3948277533054352,0.04920351877808571,0.5296489000320435,0.3968096375465393,0.017532771453261375,0.5209444761276245,0.4010911285877228,0.040127821266651154,0.5218201279640198,0.41195181012153625,0.05337352305650711,0.5252721309661865,0.4192623794078827,0.057135071605443954,0.5221441984176636,0.41064271330833435,0.012978375889360905,0.5155399441719055,0.418140709400177,0.038102105259895325,0.517900288105011,0.4280718266963959,0.04661986604332924,0.5220192670822144,0.43298661708831787,0.04599101468920708,0.5181909799575806,0.4294150173664093,0.012330426834523678,0.5132725834846497,0.4345872104167938,0.0351601280272007,0.5170141458511353,0.4422912895679474,0.04145669937133789,0.5222492814064026,0.44614702463150024,0.03928649052977562,0.5164867639541626,0.4487719237804413,0.012393913231790066,0.5132877826690674,0.45107075572013855,0.029285980388522148,0.5171818733215332,0.4555874168872833,0.03505628928542137,0.521742045879364,0.4585363268852234,0.035750433802604675,0.5059851408004761,0.3115731179714203,-0.0019277252722531557,0.525568962097168,0.2667892277240753,-0.0021625382360070944,0.5365487933158875,0.2686215937137604,0.007422772701829672,0.5474286675453186,0.270572304725647,-0.0005750771961174905,0.49465420842170715,0.26102572679519653,0.004753203131258488,0.48366954922676086,0.2587722837924957,4.132698450121097e-06,0.4728935956954956,0.25658461451530457,-0.003026660531759262,0.5627903938293457,0.29199060797691345,-0.006298840045928955,0.45816677808761597,0.27318838238716125,-0.0045096841640770435,0.5241692066192627,0.3666647970676422,0.0028142337687313557,0.48400455713272095,0.359247088432312,-0.004737178795039654,0.617737352848053,0.5203761458396912,-0.01817501150071621,0.37259647250175476,0.5297976136207581,0.01810004562139511,0.6989926695823669,0.843662679195404,-0.25437551736831665,0.31014004349708557,0.8868646025657654,0.07086793333292007,0.5646890997886658,0.5223461389541626,-0.41407477855682373,0.32987937331199646,1.122418999671936,-0.08555828034877777,0.5319423079490662,0.4486287236213684,0.0004836274601984769,0.31651571393013,1.217638373374939,-0.0028901551850140095,0.5286116600036621,0.41332554817199707,0.004925813991576433,0.3439846634864807,1.2145951986312866,-0.0002568751515354961,0.5300019979476929,0.45674458146095276,-0.001231631264090538,0.35587450861930847,1.1844961643218994,-0.004598136525601149,0.5748228430747986,1.1007188558578491,0.09298176318407059,0.4041406512260437,1.1063652038574219,0.12357091903686523
1250.0,,,,,,,,,,,,,,,,,,,,,,,,,,,,,,,,,,,,,,,,,,,,,,,,,,,,,,,,,,,,,,,,0.5718899965286255,0.49905306100845337,-5.045376838097582e-06,0.5625555515289307,0.45124486088752747,0.03878334164619446,0.5519412159919739,0.41923847794532776,0.04899550974369049,0.5416778326034546,0.3974800705909729,0.054160378873348236,0.5388349294662476,0.38866040110588074,0.060019753873348236,0.5301275849342346,0.39281970262527466,0.016743678599596024,0.5028294324874878,0.4150370955467224,0.03888939321041107,0.50185227394104,0.4379254877567291,0.05542946234345436,0.5071732401847839,0.4479100704193115,0.06227809190750122,0.521111011505127,0.4066421687602997,0.0012799159158021212,0.4993235468864441,0.448925644159317,0.031665582209825516,0.5064376592636108,0.46633249521255493,0.04414205253124237,0.5155391693115234,0.46454307436943054,0.04244444519281387,0.5152847170829773,0.43128082156181335,-0.00918296817690134,0.5004333853721619,0.4739249050617218,0.019807061180472374,0.5089344382286072,0.4882897734642029,0.028552087023854256,0.5179768204689026,0.48499831557273865,0.025214223191142082,0.5123096704483032,0.45908719301223755,-0.017558513209223747,0.5022403597831726,0.49195584654808044,0.003558172844350338,0.51119464635849,0.5043860077857971,0.009549172595143318,0.5192981958389282,0.5016540884971619,0.007488594856113195,0.5052157044410706,0.3117392659187317,-0.0019420541357249022,0.5250096917152405,0.26685094833374023,-0.0021806193981319666,0.5359671711921692,0.2687239348888397,0.007416983135044575,0.5468289256095886,0.27071380615234375,-0.0005915012443438172,0.49420055747032166,0.26094117760658264,0.004752497188746929,0.4832916259765625,0.25863024592399597,-7.436379291902995e-06,0.4725949764251709,0.2563851475715637,-0.0030276509933173656,0.5623776316642761,0.29188480973243713,-0.006299188360571861,0.45828619599342346,0.27274179458618164,-0.004491349216550589,0.5233778953552246,0.3667576014995575,0.002813811879605055,0.48340749740600586,0.35915008187294006,-0.004736218601465225,0.6173298358917236,0.5204073786735535,-0.018548041582107544,0.37281036376953125,0.52999347448349,0.01848580315709114,0.7004776000976562,0.8447018265724182,-0.2610357999801636,0.30943310260772705,0.8877262473106384,0.07102315872907639,0.5628750324249268,0.5235562920570374,-0.41513657569885254,0.32895034551620483,1.123313069343567,-0.08475387841463089,0.530120849609375,0.448798269033432,0.0004829507670365274,0.3156270384788513,1.2184276580810547,-0.002894652308896184,0.5258154273033142,0.4149923026561737,0.004916470032185316,0.3429456949234009,1.215983510017395,-0.00024407425371464342,0.5275818705558777,0.45875614881515503,-0.0012328203301876783,0.3547137975692749,1.1859668493270874,-0.004599073901772499,0.5745059847831726,1.1006672382354736,0.08839739114046097,0.4042223393917084,1.106216549873352,0.11876572668552399
1266.6666666666667,,,,,,,,,,,,,,,,,,,,,,,,,,,,,,,,,,,,,,,,,,,,,,,,,,,,,,,,,,,,,,,,0.5658503770828247,0.504743754863739,5.885177415621001e-06,0.5559243559837341,0.45850899815559387,0.03479421138763428,0.5446743369102478,0.42752179503440857,0.04465121030807495,0.5350433588027954,0.4050968587398529,0.049714017659425735,0.5331043601036072,0.3948875069618225,0.054352108389139175,0.5240105986595154,0.4091290235519409,0.015750650316476822,0.4972741901874542,0.4278256893157959,0.03723534569144249,0.49530670046806335,0.44858935475349426,0.054327696561813354,0.4987035393714905,0.4582674205303192,0.06187963858246803,0.5169016718864441,0.4252004623413086,0.0024407198652625084,0.49311915040016174,0.4578939378261566,0.03012031316757202,0.4978330135345459,0.4767606556415558,0.0418560728430748,0.5046049356460571,0.47930869460105896,0.041871972382068634,0.512686550617218,0.4503072202205658,-0.006414412520825863,0.49502333998680115,0.48417460918426514,0.022150568664073944,0.5025959610939026,0.49850383400917053,0.028882090002298355,0.5108123421669006,0.49780386686325073,0.024843083694577217,0.5109348893165588,0.4786887466907501,-0.013104294426739216,0.4982133209705353,0.5038303732872009,0.007392229046672583,0.5060636401176453,0.5142744779586792,0.012597138993442059,0.5134729743003845,0.5132336616516113,0.011173626407980919,0.5051272511482239,0.3102432191371918,-0.001953930826857686,0.5250107645988464,0.26562637090682983,-0.0021972141694277525,0.535998523235321,0.267536461353302,0.007412618026137352,0.5468968749046326,0.269560307264328,-0.0006019248394295573,0.49411746859550476,0.25971606373786926,0.004740727134048939,0.4831825792789459,0.2574421763420105,-2.3408707420458086e-05,0.47246161103248596,0.25523555278778076,-0.003028962993994355,0.5624869465827942,0.29130399227142334,-0.0063004144467413425,0.4581769108772278,0.2721104919910431,-0.004468912724405527,0.5234141945838928,0.36573952436447144,0.0028112202417105436,0.4833054840564728,0.3581319749355316,-0.0047361357137560844,0.617594301700592,0.5218037366867065,-0.019281381741166115,0.3737081289291382,0.5305711627006531,0.01921350136399269,0.7029516696929932,0.8476854562759399,-0.26203280687332153,0.3099908232688904,0.8890784978866577,0.07753480225801468,0.561797559261322,0.5325755476951599,-0.4175049364566803,0.3277854323387146,1.1237077713012695,-0.0741807371377945,0.5274015069007874,0.4597011208534241,0.00048303185030817986,0.31423312425613403,1.2188143730163574,-0.0029039320070296526,0.5230376124382019,0.4253830313682556,0.004914239514619112,0.34083327651023865,1.2168687582015991,-0.00023062514082994312,0.525584876537323,0.46895918250083923,-0.0012328204466030002,0.35250312089920044,1.1870530843734741,-0.004602608270943165,0.5740839838981628,1.104124903678894,0.07651503384113312,0.40460750460624695,1.1089457273483276,0.10771837830543518
1283.3333333333335,,,,,,,,,,,,,,,,,,,,,,,,,,,,,,,,,,,,,,,,,,,,,,,,,,,,,,,,,,,,,,,,0.5637224912643433,0.50152587890625,5.755379334004829e-06,0.5551267862319946,0.45810481905937195,0.03511970490217209,0.5433377027511597,0.4270487427711487,0.04360489919781685,0.5335929989814758,0.4054284393787384,0.04764920845627785,0.5320323705673218,0.3963660001754761,0.05254305154085159,0.521870493888855,0.4082762897014618,0.01304609701037407,0.4950641691684723,0.42906469106674194,0.034223441034555435,0.49522116780281067,0.44846490025520325,0.052072152495384216,0.5013834834098816,0.455426961183548,0.06035915017127991,0.5143846869468689,0.42579716444015503,-0.0015382858691737056,0.4923788607120514,0.4594016671180725,0.025722630321979523,0.4989432990550995,0.475900262594223,0.039284978061914444,0.5066573619842529,0.47512978315353394,0.03979947790503502,0.5103709697723389,0.4520009458065033,-0.011226743459701538,0.4950186312198639,0.48570629954338074,0.015389718115329742,0.5031681060791016,0.49841123819351196,0.024439949542284012,0.5112569332122803,0.4958152770996094,0.021906128153204918,0.5088590979576111,0.48094820976257324,-0.01890607178211212,0.4976089298725128,0.5055303573608398,0.0009089187951758504,0.5065544843673706,0.5142801403999329,0.007660707924515009,0.5142829418182373,0.51130610704422,0.006423954386264086,0.505608081817627,0.31084299087524414,-0.001967652002349496,0.5253636240959167,0.26617100834846497,-0.002208709018304944,0.5363776683807373,0.2680600583553314,0.007410577032715082,0.5473015308380127,0.2700639069080353,-0.0006111207767389715,0.4943608045578003,0.26028385758399963,0.004711559973657131,0.4833579659461975,0.25801047682762146,-4.253050792613067e-05,0.4725660979747772,0.2558037340641022,-0.003028587670996785,0.562714159488678,0.2915736138820648,-0.006300644017755985,0.4578731954097748,0.27239862084388733,-0.004453604109585285,0.5238553881645203,0.366123229265213,0.002812255872413516,0.48361602425575256,0.35854944586753845,-0.004735300317406654,0.6177418231964111,0.5230395197868347,-0.019813213497400284,0.37395209074020386,0.5316559672355652,0.01976672187447548,0.7037379741668701,0.8483139276504517,-0.2548007667064667,0.3099982440471649,0.8891171813011169,0.084784135222435,0.5614520907402039,0.533074676990509,-0.4145442545413971,0.32619306445121765,1.122397541999817,-0.06702020019292831,0.5250556468963623,0.46164360642433167,0.000483066396554932,0.3114713430404663,1.2159355878829956,-0.002910053124651313,0.5215321779251099,0.4257897436618805,0.004908494185656309,0.33681896328926086,1.2148956060409546,-0.0002161405427614227,0.5246065855026245,0.46904367208480835,-0.0012329246383160353,0.34910547733306885,1.1856807470321655,-0.004603815730661154,0.5736995339393616,1.10454261302948,0.07708325982093811,0.40458944439888,1.1090753078460693,0.1093437597155571
1300.0,,,,,,,,,,,,,,,,,,,,,,,,,,,,,,,,,,,,,,,,,,,,,,,,,,,,,,,,,,,,,,,,0.5626604557037354,0.5005679726600647,8.103714208118618e-06,0.555446982383728,0.4586951732635498,0.03613919019699097,0.5447471141815186,0.4284951388835907,0.04643448069691658,0.5352804660797119,0.40747126936912537,0.051644738763570786,0.5343592762947083,0.3963664174079895,0.05757318437099457,0.5224553942680359,0.412118524312973,0.01819937489926815,0.4965108633041382,0.4240947663784027,0.038611602038145065,0.49335914850234985,0.4413232207298279,0.05661964789032936,0.49600204825401306,0.4504220485687256,0.06543712317943573,0.5150308609008789,0.4276173710823059,0.0032662590965628624,0.4928421974182129,0.4600934088230133,0.03002387471497059,0.49886587262153625,0.4767439663410187,0.04329215735197067,0.5054311752319336,0.4767017066478729,0.043868500739336014,0.5110890865325928,0.45224666595458984,-0.007182594854384661,0.49503830075263977,0.4855768382549286,0.018288306891918182,0.5031784176826477,0.49759936332702637,0.02766849659383297,0.5107977390289307,0.4953213334083557,0.02612902969121933,0.5096438527107239,0.48032206296920776,-0.01587618701159954,0.496713250875473,0.5047001838684082,0.0027569455560296774,0.5052085518836975,0.5133892297744751,0.009739311411976814,0.5129377245903015,0.5112887024879456,0.009303399361670017,0.5058836936950684,0.3110123574733734,-0.0019683092832565308,0.525521993637085,0.2662425637245178,-0.0022228260058909655,0.5365797281265259,0.26810169219970703,0.007408651057630777,0.5475425720214844,0.2700813412666321,-0.0006206706166267395,0.4943619668483734,0.2605048418045044,0.00471083028241992,0.4832557141780853,0.2583191692829132,-6.123784987721592e-05,0.47235071659088135,0.2562120258808136,-0.0030280612409114838,0.5628477334976196,0.29175007343292236,-0.00630092853680253,0.4570038914680481,0.2736744284629822,-0.004448037128895521,0.5241801738739014,0.36634644865989685,0.0028138975612819195,0.4837944805622101,0.359107106924057,-0.004736844915896654,0.6178873181343079,0.5234060287475586,-0.0192454494535923,0.3739141821861267,0.53265780210495,0.019236566498875618,0.7041945457458496,0.8490753173828125,-0.23328715562820435,0.30993691086769104,0.8894244432449341,0.07998648285865784,0.5611168742179871,0.5379892587661743,-0.4060538709163666,0.32639986276626587,1.121990442276001,-0.07512076944112778,0.5235720276832581,0.47164252400398254,0.00048176958807744086,0.31163308024406433,1.21561861038208,-0.0029168552719056606,0.5202209949493408,0.43228527903556824,0.00490789208561182,0.3382124900817871,1.2146271467208862,-0.00020666579075623304,0.523722231388092,0.4742409884929657,-0.0012448676861822605,0.35040244460105896,1.1854188442230225,-0.004606135655194521,0.5739819407463074,1.1045514345169067,0.08591226488351822,0.40460655093193054,1.1091125011444092,0.11849892139434814
1316.6666666666667,,,,,,,,,,,,,,,,,,,,,,,,,,,,,,,,,,,,,,,,,,,,,,,,,,,,,,,,,,,,,,,,0.5596287846565247,0.5156279802322388,1.2510359738371335e-05,0.5515608191490173,0.47336822748184204,0.034634243696928024,0.537349283695221,0.44512152671813965,0.04555292800068855,0.5246732831001282,0.4287134110927582,0.05156756937503815,0.5177900791168213,0.42292046546936035,0.05709568038582802,0.5199453830718994,0.4201878607273102,0.013030116446316242,0.49338820576667786,0.44375893473625183,0.03320111334323883,0.4924723207950592,0.46349087357521057,0.05008169636130333,0.49655914306640625,0.4700131416320801,0.05768512561917305,0.5137304663658142,0.43792033195495605,-0.0005163942114450037,0.4918822646141052,0.47413820028305054,0.026927871629595757,0.499492883682251,0.49014246463775635,0.039971426129341125,0.5073935985565186,0.48844605684280396,0.04036971181631088,0.5101723670959473,0.4639195501804352,-0.009416257962584496,0.4945645034313202,0.5005980730056763,0.016991298645734787,0.5036404728889465,0.5126537680625916,0.02450004778802395,0.5117496848106384,0.5096372961997986,0.020096346735954285,0.5083876848220825,0.491910457611084,-0.016348715871572495,0.49910542368888855,0.5190843343734741,0.003226613160222769,0.5078797340393066,0.5283327102661133,0.008648011833429337,0.5144500136375427,0.5262817144393921,0.00706808315590024,0.5059119462966919,0.31093043088912964,-0.0019701358396559954,0.5255972743034363,0.26625797152519226,-0.0022384393960237503,0.5366607308387756,0.2680983245372772,0.007409392856061459,0.5476210713386536,0.27005842328071594,-0.0006021611043252051,0.49440062046051025,0.26064398884773254,0.004705171100795269,0.48327288031578064,0.2585439682006836,-8.63141322042793e-05,0.47234269976615906,0.25653353333473206,-0.003025984624400735,0.5629937052726746,0.29225897789001465,-0.0063014160841703415,0.45686596632003784,0.27515026926994324,-0.00444000493735075,0.5242950916290283,0.3664040267467499,0.0028114430606365204,0.4838295578956604,0.35932672023773193,-0.0047393254935741425,0.6180928349494934,0.5253580212593079,-0.01789695955812931,0.37430980801582336,0.5341944098472595,0.01793958619236946,0.7066922783851624,0.8531805872917175,-0.2143436074256897,0.3099362254142761,0.8899945020675659,0.08101379126310349,0.559996485710144,0.5530084371566772,-0.4033214747905731,0.3268968164920807,1.1215506792068481,-0.07803867012262344,0.5208117961883545,0.4940965473651886,0.00048089766642078757,0.31234532594680786,1.215264916419983,-0.00293748639523983,0.5157609581947327,0.4521716237068176,0.004905379842966795,0.3396188020706177,1.2137523889541626,-0.00019823819457087666,0.5204752683639526,0.4919344484806061,-0.0012493529357016087,0.35156363248825073,1.1848012208938599,-0.004613718017935753,0.5743880867958069,1.1056597232818604,0.08225347101688385,0.4050588011741638,1.1098655462265015,0.11001456528902054
1333.3333333333335,,,,,,,,,,,,,,,,,,,,,,,,,,,,,,,,,,,,,,,,,,,,,,,,,,,,,,,,,,,,,,,,0.560710072517395,0.5135148167610168,1.2749021607305622e-06,0.551947832107544,0.47471916675567627,0.03201638534665108,0.5378412008285522,0.44509491324424744,0.04038511589169502,0.5264365673065186,0.425402969121933,0.044834885746240616,0.5243837237358093,0.4148860275745392,0.04964173957705498,0.5175837874412537,0.42327624559402466,0.010453150607645512,0.4887925088405609,0.44945618510246277,0.029951585456728935,0.4906521141529083,0.4692070484161377,0.04712335392832756,0.49695315957069397,0.4756767451763153,0.054947275668382645,0.5127001404762268,0.44037923216819763,-0.0037872043903917074,0.48989468812942505,0.48207181692123413,0.021478954702615738,0.4991462528705597,0.496347576379776,0.03670855611562729,0.5067142844200134,0.49155929684638977,0.038842782378196716,0.5103073120117188,0.4662227928638458,-0.013872391544282436,0.4932272136211395,0.5055687427520752,0.008378839120268822,0.5034380555152893,0.5176926851272583,0.018270406872034073,0.5110412836074829,0.5129204392433167,0.016813259571790695,0.5093473196029663,0.49464234709739685,-0.022665129974484444,0.4946953058242798,0.5225595831871033,-0.005064102355390787,0.5054057240486145,0.531715452671051,0.001837928663007915,0.5133717656135559,0.5274807214736938,0.00101382564753294,0.5061070919036865,0.3113619387149811,-0.0019721437711268663,0.5260491967201233,0.26639890670776367,-0.0022419339511543512,0.5370993614196777,0.2682804763317108,0.007409002631902695,0.5480425953865051,0.2702701687812805,-0.0006010703509673476,0.4948822259902954,0.2607893943786621,0.004699923098087311,0.4837416708469391,0.25886625051498413,-9.003130253404379e-05,0.472790002822876,0.25704389810562134,-0.0030246751848608255,0.5633905529975891,0.2923954427242279,-0.0063024237751960754,0.45709046721458435,0.2766128480434418,-0.004435076378285885,0.5244090557098389,0.3667406141757965,0.0028102390933781862,0.4841616451740265,0.3593948483467102,-0.004742282442748547,0.6185028553009033,0.5257635712623596,-0.01775313913822174,0.3743821382522583,0.5352386832237244,0.01780730113387108,0.7071903347969055,0.8532642126083374,-0.22151197493076324,0.30898627638816833,0.8900330662727356,0.07844529300928116,0.5571340322494507,0.5552039742469788,-0.40291738510131836,0.3272935748100281,1.1229634284973145,-0.08399941772222519,0.5173925757408142,0.4957053065299988,0.00048090622294694185,0.31249845027923584,1.217028021812439,-0.002941974438726902,0.5122077465057373,0.4550873339176178,0.004901588894426823,0.3404247760772705,1.2147512435913086,-0.00019659360987134278,0.5173302292823792,0.4947548508644104,-0.0012600572081282735,0.35164594650268555,1.185489296913147,-0.004613817669451237,0.5748578906059265,1.1060878038406372,0.08306173235177994,0.40550893545150757,1.1104724407196045,0.11157969385385513
1350.0,,,,,,,,,,,,,,,,,,,,,,,,,,,,,,,,,,,,,,,,,,,,,,,,,,,,,,,,,,,,,,,,0.5578364133834839,0.5306283831596375,6.225788183655823e-06,0.5479393005371094,0.48958316445350647,0.037374045699834824,0.5325456857681274,0.46612048149108887,0.048911239951848984,0.51833176612854,0.4566245675086975,0.05491143465042114,0.5086188316345215,0.4553912580013275,0.05998897925019264,0.5161416530609131,0.4413864314556122,0.013177898712456226,0.4881264269351959,0.461527556180954,0.02850915491580963,0.4851537048816681,0.4835134744644165,0.04374901205301285,0.4876752495765686,0.4964064359664917,0.052555810660123825,0.5122630596160889,0.45663028955459595,-0.0024535006377846003,0.4858894944190979,0.4976951777935028,0.020251646637916565,0.491197407245636,0.5188079476356506,0.03483282029628754,0.4973630905151367,0.5219365954399109,0.03935500979423523,0.5105464458465576,0.4817095100879669,-0.01433438528329134,0.4884123206138611,0.5249542593955994,0.007574933115392923,0.4962403476238251,0.541598916053772,0.017442215234041214,0.5039439797401428,0.5422984957695007,0.017947616055607796,0.5103812217712402,0.5109213590621948,-0.023976493626832962,0.4928860068321228,0.5394218564033508,-0.007217139471322298,0.5006443858146667,0.5519744753837585,0.0024050038773566484,0.5079899430274963,0.5535685420036316,0.006668454967439175,0.5072246193885803,0.3128022253513336,-0.001982809277251363,0.5261138081550598,0.26705580949783325,-0.0022504834923893213,0.5373470783233643,0.26856186985969543,0.007408419158309698,0.5484904050827026,0.270272821187973,-0.0006009041098877788,0.4951280355453491,0.2628456652164459,0.004687825217843056,0.4840686023235321,0.26148420572280884,-9.187237446894869e-05,0.47316303849220276,0.2602449059486389,-0.003019668161869049,0.5640243291854858,0.2925996482372284,-0.006302555091679096,0.4576677978038788,0.28097087144851685,-0.004423297941684723,0.5267014503479004,0.3679513931274414,0.002807988552376628,0.48522087931632996,0.362975537776947,-0.00475838640704751,0.6221121549606323,0.5274210572242737,-0.015994608402252197,0.3754218816757202,0.5383906364440918,0.01606939546763897,0.7086069583892822,0.8579303622245789,-0.19493263959884644,0.3074078857898712,0.8902790546417236,0.07796495407819748,0.5554611682891846,0.5649482607841492,-0.3891379237174988,0.3275114893913269,1.1239211559295654,-0.08912299573421478,0.5141623020172119,0.5109800696372986,0.0004752549866680056,0.31303542852401733,1.2188702821731567,-0.0029465509578585625,0.5086308121681213,0.4659698009490967,0.004899092949926853,0.340470552444458,1.2163101434707642,-0.00016618931840639561,0.5145294666290283,0.5041056871414185,-0.0012851873179897666,0.351877897977829,1.1867475509643555,-0.004613913595676422,0.5752658843994141,1.1061979532241821,0.11541426926851273,0.405985027551651,1.1105983257293701,0.1421312689781189
1366.6666666666667,,,,,,,,,,,,,,,,,,,,,,,,,,,,,,,,,,,,,,,,,,,,,,,,,,,,,,,,,,,,,,,,0.5589849352836609,0.5323283076286316,-8.716158390598139e-07,0.5469953417778015,0.49331286549568176,0.029830902814865112,0.531292200088501,0.4629007875919342,0.0366678424179554,0.517747700214386,0.4432295262813568,0.03961452096700668,0.5121236443519592,0.4312340319156647,0.04306983947753906,0.511974573135376,0.44578224420547485,0.006479181814938784,0.4837398827075958,0.4707050621509552,0.02062171697616577,0.48500433564186096,0.49173593521118164,0.03500990942120552,0.4902028441429138,0.5009799599647522,0.04221412539482117,0.5089824199676514,0.4612903296947479,-0.00821018312126398,0.48366495966911316,0.5063176155090332,0.01148515846580267,0.49263375997543335,0.5227954387664795,0.026526793837547302,0.500015377998352,0.521464467048645,0.030123433098196983,0.5088958740234375,0.4859260618686676,-0.01973883807659149,0.4879465103149414,0.5293111205101013,-0.001380091649480164,0.4984052777290344,0.5423635244369507,0.010639211162924767,0.5064437389373779,0.5392544269561768,0.010819371789693832,0.510327935218811,0.5135074257850647,-0.029587581753730774,0.492546021938324,0.5434011816978455,-0.015081380493938923,0.5026251077651978,0.5528590083122253,-0.006379938684403896,0.5110005736351013,0.550403892993927,-0.005401195492595434,0.5085954666137695,0.3128517270088196,-0.001992357661947608,0.5267011523246765,0.2673644721508026,-0.0022613832261413336,0.5379488468170166,0.268800288438797,0.007408494129776955,0.5491007566452026,0.2704319953918457,-0.0006035760743543506,0.4956291913986206,0.2633447051048279,0.004680709447711706,0.48450368642807007,0.26202917098999023,-9.379782568430528e-05,0.4735408425331116,0.2608151137828827,-0.0030158739537000656,0.5644742250442505,0.2931642532348633,-0.006301418878138065,0.45773330330848694,0.2819576561450958,-0.004406528547406197,0.528174102306366,0.3680984377861023,0.0028073538560420275,0.48654091358184814,0.3632674217224121,-0.004769572056829929,0.6230656504631042,0.5285218358039856,-0.013953911140561104,0.37577390670776367,0.5389358401298523,0.014040342532098293,0.7087646126747131,0.8592751026153564,-0.18782691657543182,0.30662277340888977,0.8907890319824219,0.07479863613843918,0.553714394569397,0.5651586055755615,-0.3775022625923157,0.32764121890068054,1.1247752904891968,-0.09517847001552582,0.5119084715843201,0.5093224048614502,0.0004639269318431616,0.3138101398944855,1.2198243141174316,-0.002950603375211358,0.5061047673225403,0.4647064208984375,0.0048952591605484486,0.342772901058197,1.2171738147735596,-0.00014146445028018206,0.5122936964035034,0.5033636093139648,-0.0012967843795195222,0.3536909222602844,1.187516689300537,-0.004614797420799732,0.5753635168075562,1.107229471206665,0.1278587430715561,0.40607085824012756,1.111519455909729,0.1523108333349228
1383.3333333333333,,,,,,,,,,,,,,,,,,,,,,,,,,,,,,,,,,,,,,,,,,,,,,,,,,,,,,,,,,,,,,,,0.5587686896324158,0.5347185134887695,-2.7701395310941734e-07,0.5469713807106018,0.49398380517959595,0.030386270955204964,0.5311306118965149,0.4635718762874603,0.03824711591005325,0.5167620182037354,0.4451054632663727,0.04202723130583763,0.5107014179229736,0.4346103370189667,0.04604020714759827,0.5118153691291809,0.4476890563964844,0.009937341324985027,0.48409467935562134,0.4681878387928009,0.024528376758098602,0.48367077112197876,0.48961955308914185,0.03751802444458008,0.4881492555141449,0.5008001923561096,0.04338865354657173,0.5087221264839172,0.46383172273635864,-0.004239297471940517,0.4831661283969879,0.5034529566764832,0.01575288735330105,0.49077993631362915,0.5226144194602966,0.028669903054833412,0.49811074137687683,0.524336576461792,0.03083011321723461,0.5087778568267822,0.48821020126342773,-0.015266863629221916,0.4873897433280945,0.5272102355957031,0.003984913229942322,0.49685150384902954,0.5420384407043457,0.013744600117206573,0.5051466822624207,0.5407477021217346,0.012874227948486805,0.5108365416526794,0.5155476331710815,-0.024388190358877182,0.49275362491607666,0.5418927073478699,-0.009908033534884453,0.5016207695007324,0.5525013208389282,-0.0021585430949926376,0.51020348072052,0.5509756207466125,-0.00134733272716403,0.509356677532196,0.31291380524635315,-0.001998486928641796,0.5270880460739136,0.2674495279788971,-0.0022619401570409536,0.5382626056671143,0.2688128352165222,0.00740805035457015,0.5493449568748474,0.27052658796310425,-0.0006052382523193955,0.49620315432548523,0.26373347640037537,0.0046679130755364895,0.4851672947406769,0.26252618432044983,-9.795648657018319e-05,0.4743095934391022,0.26140403747558594,-0.003015490248799324,0.5647765398025513,0.2932206988334656,-0.006293295882642269,0.4587773084640503,0.2826007604598999,-0.004395873285830021,0.5288474559783936,0.3681786060333252,0.0027959607541561127,0.4877021014690399,0.3633415102958679,-0.004773361142724752,0.6237186789512634,0.5285313725471497,-0.013196468353271484,0.3771286606788635,0.5393408536911011,0.01326151005923748,0.7087375521659851,0.8593789339065552,-0.1809384971857071,0.30619123578071594,0.890819787979126,0.07084015011787415,0.5528151392936707,0.5634579062461853,-0.37055063247680664,0.32836616039276123,1.123100757598877,-0.09949372708797455,0.5112901329994202,0.5084782838821411,0.0004466289537958801,0.3156754672527313,1.2186518907546997,-0.0029554746579378843,0.5050862431526184,0.4631425738334656,0.0048904865980148315,0.34600675106048584,1.2142219543457031,-0.00010884315997827798,0.511337399482727,0.5019404888153076,-0.0013176260981708765,0.3565075695514679,1.1843589544296265,-0.0046152896247804165,0.5758669972419739,1.1070910692214966,0.12518852949142456,0.40690547227859497,1.11135995388031,0.1518322378396988
1400.0000000000002,,,,,,,,,,,,,,,,,,,,,,,,,,,,,,,,,,,,,,,,,,,,,,,,,,,,,,,,,,,,,,,,0.5577124357223511,0.5480201244354248,1.0767649655463174e-05,0.5416543483734131,0.5076647400856018,0.03002086840569973,0.5211730003356934,0.4861510992050171,0.034970417618751526,0.5027487277984619,0.4853115975856781,0.03578902781009674,0.4900219738483429,0.496105432510376,0.035438839346170425,0.507860004901886,0.4625272750854492,-0.0037410210352391005,0.4767968952655792,0.49715089797973633,0.005594855174422264,0.47762417793273926,0.5219790935516357,0.019330641254782677,0.482389897108078,0.5329349040985107,0.028010835871100426,0.508901834487915,0.47823163866996765,-0.019045796245336533,0.47898903489112854,0.5273264050483704,-0.00244891713373363,0.48551249504089355,0.5497542023658752,0.01320591289550066,0.4927222430706024,0.553840160369873,0.01855427213013172,0.511316180229187,0.5033264756202698,-0.030953746289014816,0.48469430208206177,0.5508139133453369,-0.012999008409678936,0.493347704410553,0.5688425898551941,-0.0002571436925791204,0.502230703830719,0.5708961486816406,0.0012349924072623253,0.5142280459403992,0.5318077206611633,-0.04102598875761032,0.49301794171333313,0.5632697343826294,-0.02696254290640354,0.5011786222457886,0.575541079044342,-0.01579349860548973,0.5094696283340454,0.5765982270240784,-0.010819847695529461,0.5108864903450012,0.31298357248306274,-0.002009573159739375,0.5271192193031311,0.2681457996368408,-0.002263505943119526,0.5383996963500977,0.2692612409591675,0.007407782133668661,0.549638569355011,0.27072834968566895,-0.0006058449507690966,0.4966815412044525,0.26513975858688354,0.004659642465412617,0.48572731018066406,0.2642238438129425,-0.0001018227485474199,0.47494205832481384,0.26339057087898254,-0.003015521913766861,0.5652835965156555,0.2935011088848114,-0.006293903570622206,0.4591321349143982,0.28539279103279114,-0.004381910897791386,0.5304521918296814,0.36851564049720764,0.002791294129565358,0.48943766951560974,0.3639028072357178,-0.004778570495545864,0.623788058757782,0.529629111289978,-0.009824413806200027,0.37841910123825073,0.5394314527511597,0.009924747049808502,0.7093764543533325,0.8595256805419922,-0.18812912702560425,0.3066358268260956,0.8917069435119629,0.06389746069908142,0.54865562915802,0.5648273825645447,-0.3736392557621002,0.32851821184158325,1.1247069835662842,-0.1013595312833786,0.5037388801574707,0.5124229788780212,0.0004316511913202703,0.31567779183387756,1.2197049856185913,-0.002969583263620734,0.4977268576622009,0.4661963880062103,0.00488852895796299,0.34618955850601196,1.216072678565979,-9.59604003583081e-05,0.505359411239624,0.5044287443161011,-0.0013313086237758398,0.3566529452800751,1.1864019632339478,-0.004630111623555422,0.5760807991027832,1.1082712411880493,0.12208916246891022,0.4071967303752899,1.112328290939331,0.14638352394104004
1416.6666666666667,,,,,,,,,,,,,,,,,,,,,,,,,,,,,,,,,,,,,,,,,,,,,,,,,,,,,,,,,,,,,,,,0.5587685704231262,0.550793468952179,-1.1189040378667414e-06,0.5416480302810669,0.5121679306030273,0.027239389717578888,0.5192791223526001,0.4899074137210846,0.028395015746355057,0.49876126646995544,0.49125686287879944,0.025731462985277176,0.48527461290359497,0.5061544179916382,0.02211933583021164,0.5069378018379211,0.4656781554222107,-0.005865281913429499,0.47709548473358154,0.5006643533706665,0.002742238575592637,0.4801376760005951,0.5238253474235535,0.014865115284919739,0.4858415126800537,0.5296516418457031,0.0217328779399395,0.5082632899284363,0.4813690185546875,-0.021912258118391037,0.47912102937698364,0.5295162796974182,-0.008021946996450424,0.487627238035202,0.5504885315895081,0.008054389618337154,0.4953449070453644,0.5524777173995972,0.013196119107306004,0.5110663771629333,0.5059799551963806,-0.03463415428996086,0.4856148958206177,0.5524381399154663,-0.018610723316669464,0.49638983607292175,0.5697221755981445,-0.005593365058302879,0.505216121673584,0.5692355036735535,-0.004388732835650444,0.5145140886306763,0.533681333065033,-0.04591751471161842,0.49446237087249756,0.5653377175331116,-0.03136470913887024,0.5044039487838745,0.5761551856994629,-0.020794741809368134,0.5127615332603455,0.5751186013221741,-0.01854771003127098,0.5133113861083984,0.31542250514030457,-0.0020219769794493914,0.5302212238311768,0.27080613374710083,-0.002263972070068121,0.5413800477981567,0.27206742763519287,0.007407853379845619,0.5524634718894958,0.2735855281352997,-0.0006069446681067348,0.49969998002052307,0.2670620381832123,0.004656489472836256,0.4887116551399231,0.26580628752708435,-0.00010295592801412567,0.4779139757156372,0.26463422179222107,-0.003020066302269697,0.56747967004776,0.29605191946029663,-0.006290868390351534,0.4618644118309021,0.28583088517189026,-0.004367704037576914,0.5322102308273315,0.3707258999347687,0.002774786204099655,0.4913261830806732,0.365619957447052,-0.004779467359185219,0.6242651343345642,0.5312313437461853,-0.0067213294096291065,0.37951043248176575,0.5396450757980347,0.0067953974939882755,0.710203230381012,0.8610376119613647,-0.17268513143062592,0.30677834153175354,0.8909112215042114,0.06488587707281113,0.5496469736099243,0.5669050812721252,-0.37200242280960083,0.329661101102829,1.1234807968139648,-0.10043103247880936,0.505681574344635,0.5154431462287903,0.00041917298221960664,0.31688493490219116,1.21950364112854,-0.00297315651550889,0.49895626306533813,0.4683738946914673,0.004886888433247805,0.3486851155757904,1.2149512767791748,-8.377564518013969e-05,0.5061591267585754,0.5067071318626404,-0.0013524139067158103,0.35908806324005127,1.1853855848312378,-0.004631028976291418,0.5763900279998779,1.1082919836044312,0.11661066859960556,0.4080743193626404,1.1123286485671997,0.1314094066619873
1433.3333333333333,,,,,,,,,,,,,,,,,,,,,,,,,,,,,,,,,,,,,,,,,,,,,,,,,,,,,,,,,,,,,,,,0.5545809268951416,0.57206791639328,9.72796533460496e-06,0.5313896536827087,0.5365632772445679,0.025440385565161705,0.5089139938354492,0.5209957957267761,0.02175319567322731,0.4887087643146515,0.5199108719825745,0.014527386985719204,0.4732983410358429,0.5247582197189331,0.005447068717330694,0.5039577484130859,0.48884522914886475,-0.016548268496990204,0.47233515977859497,0.5262438058853149,-0.018543865531682968,0.47221827507019043,0.556005597114563,-0.00691760890185833,0.4772801697254181,0.5686522126197815,0.003991822712123394,0.5100265145301819,0.5020108819007874,-0.03367103263735771,0.47823837399482727,0.5560314059257507,-0.0299084335565567,0.4817873537540436,0.5842490196228027,-0.014650600962340832,0.48755964636802673,0.5922650098800659,-0.006026314105838537,0.5154809355735779,0.5251868963241577,-0.047754138708114624,0.48645707964897156,0.577481746673584,-0.04112378507852554,0.4930046796798706,0.6031026840209961,-0.02674798294901848,0.5016472935676575,0.610722005367279,-0.019665995612740517,0.5203409194946289,0.5520855188369751,-0.06032709404826164,0.49637508392333984,0.5887624621391296,-0.05314868316054344,0.5016241073608398,0.6077615022659302,-0.04077444225549698,0.5091907382011414,0.6148747801780701,-0.032281119376420975,0.5133212208747864,0.3159509301185608,-0.0020514579955488443,0.5302982926368713,0.2721521854400635,-0.002266879891976714,0.5414276123046875,0.2732592225074768,0.007409606594592333,0.5524588227272034,0.27459385991096497,-0.0006069953669793904,0.49970823526382446,0.26881250739097595,0.004653516225516796,0.4887489676475525,0.2677425146102905,-0.00012076138227712363,0.47801172733306885,0.26676008105278015,-0.003020994598045945,0.5674712657928467,0.2969731390476227,-0.0062843188643455505,0.46214669942855835,0.28821393847465515,-0.004365116823464632,0.532240629196167,0.3708333969116211,0.0027518372517079115,0.4915737509727478,0.36626046895980835,-0.004785093944519758,0.6242475509643555,0.5315610766410828,0.001891814754344523,0.3806387484073639,0.5392174124717712,-0.0018531116656959057,0.7105742692947388,0.8642232418060303,-0.12315507978200912,0.30248311161994934,0.8889623880386353,0.04288528859615326,0.5469028949737549,0.5808314681053162,-0.3427649736404419,0.336481511592865,1.1215251684188843,-0.12591281533241272,0.5009781718254089,0.5372902154922485,0.00038469742867164314,0.32766687870025635,1.2190595865249634,-0.002999116899445653,0.49241265654563904,0.48610377311706543,0.0048921974375844,0.36405062675476074,1.2140039205551147,-6.902091990923509e-05,0.501222550868988,0.5228103399276733,-0.0013612378388643265,0.3719671666622162,1.18462336063385,-0.004655381664633751,0.5760865807533264,1.10675847530365,0.10943329334259033,0.4081684648990631,1.1104248762130737,0.10881099104881287
1450.0000000000002,,,,,,,,,,,,,,,,,,,,,,,,,,,,,,,,,,,,,,,,,,,,,,,,,,,,,,,,,,,,,,,,0.5546575784683228,0.5746040940284729,-6.790379757148912e-06,0.5326240062713623,0.5450869202613831,0.022472955286502838,0.5098103284835815,0.5242578387260437,0.017049401998519897,0.49020349979400635,0.519973635673523,0.008019446395337582,0.47729769349098206,0.5233897566795349,-0.0034076303709298372,0.5052781105041504,0.4905819594860077,-0.02419511415064335,0.47390130162239075,0.5244463682174683,-0.027685735374689102,0.47221291065216064,0.5566933155059814,-0.018379392102360725,0.47634971141815186,0.5696775317192078,-0.009792226366698742,0.5112674236297607,0.5037992596626282,-0.04077618569135666,0.4779955744743347,0.5548713207244873,-0.041219353675842285,0.480597585439682,0.5856158137321472,-0.023549765348434448,0.48736828565597534,0.5957351922988892,-0.014062746427953243,0.5165842175483704,0.5276186466217041,-0.054579321295022964,0.4877277612686157,0.5762799382209778,-0.05058915168046951,0.49331721663475037,0.6026096343994141,-0.034533195197582245,0.5014617443084717,0.6099808216094971,-0.026714803650975227,0.5206120610237122,0.5558454990386963,-0.06721027940511703,0.49792370200157166,0.590155303478241,-0.059290479868650436,0.5028864145278931,0.6076036095619202,-0.046001385897397995,0.5096713304519653,0.6131430268287659,-0.03891700506210327,0.5133810043334961,0.31710338592529297,-0.0020856873597949743,0.5304370522499084,0.274251788854599,-0.002274324418976903,0.5414963960647583,0.2755822539329529,0.0074113658629357815,0.5524770021438599,0.277101069688797,-0.000607064925134182,0.5001000165939331,0.27021968364715576,0.004652620758861303,0.48929354548454285,0.2689167261123657,-0.0001479279453633353,0.4787214398384094,0.26771774888038635,-0.0030266919638961554,0.5675083994865417,0.2990855574607849,-0.006276659667491913,0.4632932245731354,0.28855887055397034,-0.004358554258942604,0.5322403311729431,0.37166979908943176,0.0027263665106147528,0.49175262451171875,0.36648064851760864,-0.004785699304193258,0.6241352558135986,0.5319163799285889,0.00475726742297411,0.3808998167514801,0.5384383201599121,-0.004736436065286398,0.7106812596321106,0.8658819198608398,-0.1138107031583786,0.300517737865448,0.8878984451293945,0.03962619975209236,0.5466746687889099,0.5847473740577698,-0.34105706214904785,0.3405645787715912,1.1200919151306152,-0.1319173276424408,0.5007649064064026,0.541623055934906,0.00036629027454182506,0.3325790762901306,1.218145728111267,-0.0030140152666717768,0.49178868532180786,0.4897324740886688,0.004893215838819742,0.3696635067462921,1.2126275300979614,-6.721664249198511e-05,0.5006054043769836,0.526597261428833,-0.001365156378597021,0.37726902961730957,1.1835097074508667,-0.004670082591474056,0.5759701728820801,1.105742335319519,0.11245870590209961,0.4082043468952179,1.1094694137573242,0.11376441270112991
1466.6666666666667,,,,,,,,,,,,,,,,,,,,,,,,,,,,,,,,,,,,,,,,,,,,,,,,,,,,,,,,,,,,,,,,0.5555375218391418,0.576487123966217,-8.453055670543108e-06,0.5338969230651855,0.5451586842536926,0.022953812032938004,0.5116750597953796,0.5231083035469055,0.019804397597908974,0.4930860996246338,0.5162078142166138,0.01301196776330471,0.4807744026184082,0.5162877440452576,0.0035110721364617348,0.5070987343788147,0.4920669496059418,-0.02017485722899437,0.47681573033332825,0.5207181572914124,-0.023436695337295532,0.4728904068470001,0.5530054569244385,-0.01580391637980938,0.4748534858226776,0.5690518617630005,-0.008595231920480728,0.5120121240615845,0.5056033134460449,-0.03567129746079445,0.48019447922706604,0.5538787841796875,-0.034960467368364334,0.48146283626556396,0.5849857330322266,-0.01932140812277794,0.4867681860923767,0.597261905670166,-0.010839820839464664,0.516714870929718,0.5294671058654785,-0.0486358106136322,0.4889519214630127,0.5763687491416931,-0.04425971955060959,0.4935724437236786,0.6022960543632507,-0.030110718682408333,0.5009174346923828,0.6109815835952759,-0.02336089126765728,0.5204943418502808,0.5578235983848572,-0.06044987961649895,0.49872100353240967,0.5903639197349548,-0.052895888686180115,0.5032160878181458,0.6083232164382935,-0.04083757847547531,0.5095930695533752,0.6153264045715332,-0.03399224951863289,0.5133774876594543,0.31925758719444275,-0.0021069569047540426,0.5304353833198547,0.2759098708629608,-0.002278862288221717,0.5414742231369019,0.27708926796913147,0.007411379832774401,0.5524229407310486,0.2784316837787628,-0.0006066230125725269,0.5000959038734436,0.2720933258533478,0.004649220500141382,0.4892922341823578,0.2708130180835724,-0.0001655186788411811,0.4787210524082184,0.2696312665939331,-0.0030276738107204437,0.5674933195114136,0.29976049065589905,-0.0062750354409217834,0.4633095860481262,0.28968361020088196,-0.004356957506388426,0.5322567224502563,0.3730158507823944,0.00270430208183825,0.4917662441730499,0.3683110475540161,-0.0047867377288639545,0.62424635887146,0.5320873856544495,0.007681030314415693,0.38100022077560425,0.5376481413841248,-0.007648869883269072,0.7107487320899963,0.8683517575263977,-0.11071455478668213,0.2976613938808441,0.8869964480400085,0.033344022929668427,0.5465055108070374,0.5876652002334595,-0.3416137099266052,0.3399227559566498,1.1206121444702148,-0.13557788729667664,0.5006431937217712,0.5435814261436462,0.0003482380125205964,0.3312779664993286,1.2189419269561768,-0.0030276142060756683,0.49192875623703003,0.49178239703178406,0.004894294776022434,0.3678908348083496,1.2138378620147705,-5.919081377214752e-05,0.5005607008934021,0.5288218855857849,-0.001376403495669365,0.37586870789527893,1.1845685243606567,-0.00468718446791172,0.5759798288345337,1.1044188737869263,0.11340048164129257,0.4082319736480713,1.1082661151885986,0.10856611281633377
1483.3333333333335,,,,,,,,,,,,,,,,,,,,,,,,,,,,,,,,,,,,,,,,,,,,,,,,,,,,,,,,,,,,,,,,0.5538418889045715,0.5882471203804016,1.0662119166227058e-05,0.5264747142791748,0.556549608707428,0.016437353566288948,0.5022985339164734,0.5417368412017822,0.008745502680540085,0.4815492033958435,0.5383543372154236,-0.0008494778303429484,0.46732470393180847,0.5346744060516357,-0.01084563136100769,0.49821341037750244,0.515047013759613,-0.03172662854194641,0.46870967745780945,0.5553843975067139,-0.042185716331005096,0.4661015272140503,0.5871594548225403,-0.03419386222958565,0.4686484932899475,0.6022865772247314,-0.026107970625162125,0.5077738761901855,0.5301727652549744,-0.04562706500291824,0.4757404923439026,0.5854122042655945,-0.05118558183312416,0.4777373671531677,0.6137800216674805,-0.03694552928209305,0.4827580749988556,0.6220172643661499,-0.02866939641535282,0.5169962644577026,0.5525345802307129,-0.05853385850787163,0.4883045256137848,0.6066114902496338,-0.060888681560754776,0.4917094111442566,0.6312472224235535,-0.045653536915779114,0.4986717402935028,0.6386975049972534,-0.03597987815737724,0.5260186195373535,0.578598141670227,-0.07059153914451599,0.5010143518447876,0.6164278984069824,-0.07071355730295181,0.5011383891105652,0.6343590617179871,-0.06125250086188316,0.5058201551437378,0.6431748867034912,-0.05474396049976349,0.5135824680328369,0.3224121034145355,-0.0021319612860679626,0.5305965542793274,0.2781710624694824,-0.002281281165778637,0.5415993332862854,0.2792447805404663,0.007406334858387709,0.5525001883506775,0.2804599106311798,-0.0006016027764417231,0.5002275705337524,0.27435627579689026,0.004645857028663158,0.48940983414649963,0.2730174660682678,-0.00017459620721638203,0.47882145643234253,0.2717677354812622,-0.003027654718607664,0.5673269629478455,0.30057430267333984,-0.006272051949054003,0.4632225036621094,0.29064303636550903,-0.004353126510977745,0.5324161052703857,0.3752044141292572,0.002694641938433051,0.49197712540626526,0.37073013186454773,-0.0047871991991996765,0.6233314275741577,0.5318751335144043,0.010688090696930885,0.3809968829154968,0.5348953008651733,-0.010686748661100864,0.710827648639679,0.8696199059486389,-0.08613403141498566,0.2911325693130493,0.8845632076263428,0.020193079486489296,0.5447602868080139,0.5976658463478088,-0.32889631390571594,0.3398987650871277,1.1137404441833496,-0.1521219164133072,0.4986388087272644,0.5601713061332703,0.00033702500513754785,0.3322249948978424,1.2117023468017578,-0.003037085523828864,0.48802459239959717,0.5060828924179077,0.004894828423857689,0.3689511716365814,1.2056647539138794,-5.9063466324005276e-05,0.49727118015289307,0.5416761040687561,-0.0013781613670289516,0.3761502504348755,1.1774872541427612,-0.004701893776655197,0.5741402506828308,1.1021170616149902,0.1120370402932167,0.4067147970199585,1.1043699979782104,0.10723075270652771
1500.0,,,,,,,,,,,,,,,,,,,,,,,,,,,,,,,,,,,,,,,,,,,,,,,,,,,,,,,,,,,,,,,,0.5513908863067627,0.5957635641098022,8.868416330187756e-07,0.5251367092132568,0.5642462372779846,0.014417675323784351,0.5013892650604248,0.546226441860199,0.004434417933225632,0.48169082403182983,0.5413573384284973,-0.0076693217270076275,0.46936821937561035,0.5384713411331177,-0.021505607292056084,0.5000260472297668,0.5151257514953613,-0.03878600522875786,0.4718005955219269,0.5528947710990906,-0.05160420760512352,0.46742552518844604,0.5876390933990479,-0.04564783349633217,0.4689517021179199,0.6046062111854553,-0.03836873173713684,0.510680079460144,0.5304118990898132,-0.05327813699841499,0.4778653383255005,0.5856295228004456,-0.06373795121908188,0.47758254408836365,0.6189999580383301,-0.04582088440656662,0.48226091265678406,0.6310538053512573,-0.03466761112213135,0.5201576352119446,0.5550086498260498,-0.06607405841350555,0.4912758469581604,0.6061719655990601,-0.07025766372680664,0.4926808774471283,0.6361438035964966,-0.05184362083673477,0.49844589829444885,0.6453898549079895,-0.04110764339566231,0.5280178189277649,0.5836768746376038,-0.07855621725320816,0.5039367079734802,0.6183159351348877,-0.07610849291086197,0.50325608253479,0.6384935975074768,-0.06295821070671082,0.5068304538726807,0.6470086574554443,-0.055063992738723755,0.5146250128746033,0.3246157467365265,-0.0021400065161287785,0.531708300113678,0.27993541955947876,-0.0022880323231220245,0.5427719950675964,0.2810404598712921,0.007404535077512264,0.55372554063797,0.28227102756500244,-0.0006032077362760901,0.5010020732879639,0.2758806645870209,0.0046398392878472805,0.49003922939300537,0.27441656589508057,-0.00017665883933659643,0.47931262850761414,0.27304133772850037,-0.0030272111762315035,0.5681727528572083,0.301789253950119,-0.0062711588107049465,0.4635332524776459,0.29112187027931213,-0.004351167473942041,0.5337574481964111,0.37716513872146606,0.0026935162022709846,0.492937833070755,0.37239137291908264,-0.004788700025528669,0.6232091188430786,0.5325794816017151,0.013515057042241096,0.380554735660553,0.5347431302070618,-0.013507996685802937,0.7109649777412415,0.8709994554519653,-0.09282504767179489,0.2897661626338959,0.8833414316177368,0.019043780863285065,0.543865442276001,0.5977745056152344,-0.3257911801338196,0.3388983905315399,1.1187689304351807,-0.14905700087547302,0.4976365566253662,0.5579857230186462,0.0003238088102079928,0.32963553071022034,1.2182066440582275,-0.0030400080140680075,0.4875308573246002,0.504980742931366,0.00489545613527298,0.36570554971694946,1.213627576828003,-4.1528852307237685e-05,0.49651220440864563,0.5411592721939087,-0.0013795827981084585,0.37369707226753235,1.184423565864563,-0.004710468929260969,0.5724600553512573,1.1017444133758545,0.12150507420301437,0.40549957752227783,1.1036266088485718,0.11364120244979858
1516.6666666666667,,,,,,,,,,,,,,,,,,,,,,,,,,,,,,,,,,,,,,,,,,,,,,,,,,,,,,,,,,,,,,,,0.5507811307907104,0.6113298535346985,-4.996296866011107e-06,0.5247113108634949,0.5901650786399841,0.006108226720243692,0.49997952580451965,0.5825877785682678,-0.00821827445179224,0.4808456301689148,0.5839533805847168,-0.022311044856905937,0.4671177268028259,0.584140956401825,-0.03956110030412674,0.5019547343254089,0.5452494025230408,-0.04560200497508049,0.46892037987709045,0.5750634074211121,-0.06320874392986298,0.4625336527824402,0.6105504631996155,-0.06421727687120438,0.46321535110473633,0.6351310014724731,-0.06371358036994934,0.514369785785675,0.5582659244537354,-0.05566023662686348,0.4815608859062195,0.6156607866287231,-0.06922949850559235,0.48021379113197327,0.6507962346076965,-0.0617268867790699,0.48425325751304626,0.666530430316925,-0.058630723506212234,0.525127649307251,0.5821936130523682,-0.0643322542309761,0.49466249346733093,0.6367855072021484,-0.07225262373685837,0.49340495467185974,0.6638041138648987,-0.05939731374382973,0.49827247858047485,0.6763118505477905,-0.05157077684998512,0.5345338582992554,0.610641360282898,-0.07365337759256363,0.5096038579940796,0.6463398933410645,-0.07817216962575912,0.5055328011512756,0.6657718420028687,-0.0717768520116806,0.506996750831604,0.6793662309646606,-0.0678834468126297,0.5157804489135742,0.3268580138683319,-0.0021482049487531185,0.5319423079490662,0.28144726157188416,-0.0022883121855556965,0.5431085228919983,0.2824065685272217,0.007397946901619434,0.5541287660598755,0.28348419070243835,-0.0006039252039045095,0.5010544061660767,0.27769726514816284,0.004640654660761356,0.490138441324234,0.27629953622817993,-0.00018595658184494823,0.4794565439224243,0.27498623728752136,-0.0030188746750354767,0.5682157874107361,0.3022002875804901,-0.006270367186516523,0.4637030065059662,0.2925286293029785,-0.004349253140389919,0.5340442657470703,0.37880611419677734,0.0026916423812508583,0.4937472939491272,0.3746046721935272,-0.004792876075953245,0.6227318644523621,0.532538890838623,0.013979701325297356,0.38062313199043274,0.5345509648323059,-0.013971562497317791,0.7079748511314392,0.8715956211090088,-0.06519711017608643,0.2904445230960846,0.8823832869529724,0.028785036876797676,0.5430641770362854,0.6163370609283447,-0.31163570284843445,0.3417315185070038,1.117405652999878,-0.13905729353427887,0.497309148311615,0.5848567485809326,0.00031064145150594413,0.33458417654037476,1.2171107530593872,-0.003040592884644866,0.48753663897514343,0.5294675827026367,0.004898439161479473,0.3726688027381897,1.2130144834518433,-3.8833673897897825e-05,0.49633464217185974,0.5623750686645508,-0.0013835602439939976,0.3794170618057251,1.1838843822479248,-0.00471336767077446,0.5729273557662964,1.101200819015503,0.12081632018089294,0.4061356484889984,1.1029636859893799,0.11517804116010666
1533.3333333333335,,,,,,,,,,,,,,,,,,,,,,,,,,,,,,,,,,,,,,,,,,,,,,,,,,,,,,,,,,,,,,,,0.5469761490821838,0.6179361939430237,-1.7958149328478612e-05,0.5208628177642822,0.5953359603881836,0.006558570545166731,0.49776679277420044,0.58260577917099,-0.009237006306648254,0.4790758788585663,0.5786591172218323,-0.02457372285425663,0.4660744071006775,0.5729652047157288,-0.04251318797469139,0.4994046092033386,0.5461016297340393,-0.053996652364730835,0.46809083223342896,0.5719173550605774,-0.07149481773376465,0.46018683910369873,0.6076992154121399,-0.06916030496358871,0.46096837520599365,0.632533848285675,-0.06457511335611343,0.5136048793792725,0.5591393113136292,-0.06508998572826385,0.48223838210105896,0.6192343831062317,-0.07989607006311417,0.4807506799697876,0.6558090448379517,-0.06348121911287308,0.4853925108909607,0.6714359521865845,-0.054805513471364975,0.5255951285362244,0.5841918587684631,-0.07511640340089798,0.49725037813186646,0.6402935981750488,-0.08195985108613968,0.4961438775062561,0.670752763748169,-0.0625191181898117,0.5010378956794739,0.6850544214248657,-0.05120223015546799,0.5353366136550903,0.6129968166351318,-0.08623618632555008,0.5106456279754639,0.6498202085494995,-0.08500847220420837,0.5071566700935364,0.6707461476325989,-0.07159710675477982,0.5094388723373413,0.6834801435470581,-0.06349844485521317,0.5189387202262878,0.32803457975387573,-0.0021616232115775347,0.5340297222137451,0.28226354718208313,-0.0022888302337378263,0.5449616312980652,0.2831549048423767,0.0073915510438382626,0.555762529373169,0.28415775299072266,-0.000605293083935976,0.5034113526344299,0.27867591381073,0.004641861654818058,0.4923555850982666,0.2773109972476959,-0.00019155435438733548,0.4815323054790497,0.2760283350944519,-0.0030132450629025698,0.5684706568717957,0.3027900755405426,-0.006270758341997862,0.46402543783187866,0.2935406565666199,-0.004341970197856426,0.5362561941146851,0.38011080026626587,0.0026897103525698185,0.49606847763061523,0.37615180015563965,-0.004793846979737282,0.6226425170898438,0.5326662659645081,0.014733887277543545,0.38077443838119507,0.5345469117164612,-0.014724494889378548,0.7071254849433899,0.8719301819801331,-0.06751938164234161,0.2910769581794739,0.8818536996841431,0.027656493708491325,0.5430428385734558,0.6191267967224121,-0.311393678188324,0.34190505743026733,1.117441177368164,-0.13798369467258453,0.49726998805999756,0.587904691696167,0.00030886754393577576,0.33458787202835083,1.217420220375061,-0.0030481156427413225,0.48750290274620056,0.5334792733192444,0.0048987725749611855,0.37276580929756165,1.2146096229553223,-3.8759659219067544e-05,0.4962776005268097,0.5662822127342224,-0.0013877528253942728,0.3796290457248688,1.1855181455612183,-0.004715860355645418,0.5729252099990845,1.1011652946472168,0.11589191854000092,0.40643444657325745,1.1029527187347412,0.11129926890134811
1550.0,,,,,,,,,,,,,,,,,,,,,,,,,,,,,,,,,,,,,,,,,,,,,,,,,,,,,,,,,,,,,,,,0.5483443737030029,0.6177435517311096,-2.729469633777626e-05,0.5219141244888306,0.5949864983558655,0.0026925955899059772,0.4975244998931885,0.583092451095581,-0.015603283420205116,0.47875547409057617,0.5845153331756592,-0.03209599852561951,0.4664500057697296,0.5840538144111633,-0.051741018891334534,0.4996393918991089,0.5436951518058777,-0.060855016112327576,0.4675293564796448,0.5718551278114319,-0.07949531823396683,0.45916348695755005,0.6095843315124512,-0.07853712886571884,0.4593780040740967,0.6351725459098816,-0.0763397291302681,0.5145187377929688,0.5587353706359863,-0.07012531906366348,0.4812253713607788,0.6194093227386475,-0.08674154430627823,0.47858726978302,0.656151294708252,-0.07077518850564957,0.48250433802604675,0.6723051071166992,-0.06280052661895752,0.5269394516944885,0.5858571529388428,-0.07887527346611023,0.49654462933540344,0.6423342823982239,-0.087066650390625,0.4940297305583954,0.6713806390762329,-0.06691638380289078,0.4987868666648865,0.6851320266723633,-0.0562237873673439,0.5370141267776489,0.6159957051277161,-0.08858723938465118,0.5100153684616089,0.6516895890235901,-0.08914622664451599,0.505800187587738,0.6704739332199097,-0.07634614408016205,0.5084064602851868,0.6813486814498901,-0.0701189935207367,0.5201905369758606,0.3284546732902527,-0.002172343898564577,0.5348882675170898,0.2825208008289337,-0.002291834680363536,0.5457513332366943,0.28334948420524597,0.007386003155261278,0.5564887523651123,0.2842932939529419,-0.0006064723711460829,0.5043060779571533,0.27913427352905273,0.004643189255148172,0.4931676983833313,0.27784428000450134,-0.00019913498545065522,0.48226064443588257,0.2766408622264862,-0.0030067916959524155,0.5686447620391846,0.302922785282135,-0.0062725478783249855,0.4640676975250244,0.29448866844177246,-0.004338886123150587,0.5373799204826355,0.3805742859840393,0.002683902159333229,0.49709683656692505,0.37692636251449585,-0.004795777145773172,0.6226369142532349,0.5327687859535217,0.01442767959088087,0.3810174763202667,0.5345152020454407,-0.014416482299566269,0.7065334320068359,0.8723268508911133,-0.07091372460126877,0.2915599048137665,0.8810151815414429,0.02806907147169113,0.5428442358970642,0.6204116344451904,-0.31397345662117004,0.341896653175354,1.1175413131713867,-0.1377919465303421,0.4971262216567993,0.5892735123634338,0.0003068580699618906,0.334502637386322,1.2179046869277954,-0.0030523641034960747,0.48736637830734253,0.5350631475448608,0.004899303894490004,0.3726430833339691,1.2161821126937866,-3.2588774047326297e-05,0.49613630771636963,0.5678434371948242,-0.0013930166605859995,0.37958359718322754,1.1870369911193848,-0.004721375647932291,0.572910726070404,1.1011608839035034,0.11124148964881897,0.4066639542579651,1.1027668714523315,0.10511172562837601
1566.6666666666667,,,,,,,,,,,,,,,,,,,,,,,,,,,,,,,,,,,,,,,,,,,,,,,,,,,,,,,,,,,,,,,,0.547132670879364,0.6414936780929565,-2.0619287170120515e-05,0.5186738967895508,0.6241601705551147,-0.0033068598713725805,0.4924282133579254,0.6134712100028992,-0.023939507082104683,0.4744400680065155,0.6174390316009521,-0.042563214898109436,0.4648014307022095,0.625916600227356,-0.06623584032058716,0.5044978857040405,0.5736207962036133,-0.05846250429749489,0.4732109010219574,0.5869628190994263,-0.07814233005046844,0.46534276008605957,0.6182840466499329,-0.08205489814281464,0.4651843309402466,0.6423026323318481,-0.08133412897586823,0.5191529393196106,0.5856985449790955,-0.0643467903137207,0.48552384972572327,0.6363326907157898,-0.08253294229507446,0.4807482957839966,0.6702893376350403,-0.0777820274233818,0.48313459753990173,0.6870172023773193,-0.0768280103802681,0.5309699177742004,0.610056459903717,-0.06872187554836273,0.49864453077316284,0.6606369018554688,-0.08016985654830933,0.4926221966743469,0.6864746809005737,-0.07004120945930481,0.4959142506122589,0.699032187461853,-0.06582590937614441,0.5397031307220459,0.6385873556137085,-0.07464796304702759,0.5143781900405884,0.6753416657447815,-0.08173499256372452,0.5063600540161133,0.6946641802787781,-0.07724210619926453,0.5067246556282043,0.7066702246665955,-0.07594973593950272,0.5197729468345642,0.3290148079395294,-0.0021773292683064938,0.5352742075920105,0.2830665707588196,-0.002251559169963002,0.5460087656974792,0.28405526280403137,0.007357641588896513,0.5566293001174927,0.28514716029167175,-0.0005728260148316622,0.5049045085906982,0.2792835831642151,0.0046565942466259,0.493877649307251,0.27778905630111694,-0.0003137625753879547,0.4830762445926666,0.2763863503932953,-0.0030158814042806625,0.5682322382926941,0.3042595386505127,-0.006272417958825827,0.46433573961257935,0.29383331537246704,-0.004319495987147093,0.5364683866500854,0.3814045190811157,0.002669781679287553,0.49689212441444397,0.37687718868255615,-0.004795104265213013,0.6232746243476868,0.5337257981300354,0.0038394725415855646,0.3828784227371216,0.5357037782669067,-0.003990798722952604,0.7073724865913391,0.8741003274917603,-0.058290254324674606,0.3072805106639862,0.8728317618370056,0.10516440868377686,0.5501139760017395,0.652565062046051,-0.31708815693855286,0.344070702791214,1.0945560932159424,-0.1013670414686203,0.5021902322769165,0.6358562707901001,0.0003024312318302691,0.3339323103427887,1.1945587396621704,-0.0030527333728969097,0.4929029941558838,0.5708534121513367,0.004903385415673256,0.3680574595928192,1.2112081050872803,-3.378757173777558e-05,0.5017092823982239,0.596958577632904,-0.0013908646069467068,0.3763965666294098,1.1759662628173828,-0.004720228258520365,0.5745776295661926,1.104058861732483,0.07482659816741943,0.4080590605735779,1.1044880151748657,0.0958784818649292
1583.3333333333335,,,,,,,,,,,,,,,,,,,,,,,,,,,,,,,,,,,,,,,,,,,,,,,,,,,,,,,,,,,,,,,,0.5460464358329773,0.6504508256912231,-2.404372025921475e-05,0.519497811794281,0.6305358409881592,-0.005245019681751728,0.49585989117622375,0.6177013516426086,-0.028219236060976982,0.4772323668003082,0.620549201965332,-0.04801563546061516,0.4657948911190033,0.6242562532424927,-0.0721832811832428,0.5035966038703918,0.576779842376709,-0.06448602676391602,0.472490519285202,0.5905253291130066,-0.0895412415266037,0.46575480699539185,0.6185461282730103,-0.09635170549154282,0.4671272337436676,0.6394797563552856,-0.09602302312850952,0.5174174904823303,0.5892119407653809,-0.07038889825344086,0.48572424054145813,0.6469857096672058,-0.09471121430397034,0.48221084475517273,0.6837143898010254,-0.08821200579404831,0.4846639335155487,0.7033855319023132,-0.083381287753582,0.5297514796257019,0.614275336265564,-0.0753222331404686,0.499834269285202,0.6710080504417419,-0.09134423732757568,0.4951680600643158,0.6990728378295898,-0.08143672347068787,0.4977307617664337,0.7147021293640137,-0.0746493712067604,0.5398733019828796,0.6439270973205566,-0.081705741584301,0.5155198574066162,0.680783748626709,-0.08985203504562378,0.5095048546791077,0.7007607221603394,-0.08478125929832458,0.5102722644805908,0.7154229879379272,-0.08100361377000809,0.5188431739807129,0.3315657675266266,-0.0021880080457776785,0.534746527671814,0.28460416197776794,-0.002235880820080638,0.5455000996589661,0.2856794595718384,0.007345615420490503,0.5561320781707764,0.28685715794563293,-0.000550439057406038,0.5043334364891052,0.28038036823272705,0.0046567535027861595,0.49335145950317383,0.27865004539489746,-0.0003915161651093513,0.482589453458786,0.2770107686519623,-0.0030227540992200375,0.567861795425415,0.30502834916114807,-0.006270518992096186,0.4639115333557129,0.29324525594711304,-0.004300230648368597,0.535429060459137,0.38366591930389404,0.0026587957981973886,0.4959394931793213,0.3785252273082733,-0.004792718682438135,0.6230531334877014,0.5324704647064209,0.00017278079758398235,0.3825589120388031,0.5373901128768921,-0.00031947350362315774,0.7077407240867615,0.8764442801475525,-0.055151376873254776,0.3050113916397095,0.8799898624420166,0.08875252306461334,0.5491771697998047,0.6554129123687744,-0.31713932752609253,0.34520602226257324,1.0853701829910278,-0.09935428947210312,0.5014962553977966,0.638066291809082,0.00029800174525007606,0.3358157277107239,1.1808165311813354,-0.003052901476621628,0.49185115098953247,0.5729882121086121,0.004905260168015957,0.3682123124599457,1.1919053792953491,-3.6864916182821617e-05,0.5009708404541016,0.5998668670654297,-0.0013938969932496548,0.37630173563957214,1.1581320762634277,-0.004710799548774958,0.5763302445411682,1.10261869430542,0.08490791916847229,0.4082591235637665,1.1042087078094482,0.10527202486991882
1600.0,,,,,,,,,,,,,,,,,,,,,,,,,,,,,,,,,,,,,,,,,,,,,,,,,,,,,,,,,,,,,,,,0.5463058948516846,0.6678775548934937,-3.0797087674727663e-05,0.525770902633667,0.653137743473053,-0.0017340632621198893,0.5016979575157166,0.6447315812110901,-0.02024068683385849,0.4819776713848114,0.650638222694397,-0.0370139442384243,0.46685701608657837,0.6563092470169067,-0.05933208763599396,0.5083634257316589,0.6058483123779297,-0.055933572351932526,0.4787420332431793,0.6054850220680237,-0.0809955969452858,0.4649977385997772,0.6276454925537109,-0.09374038875102997,0.45870572328567505,0.6537027359008789,-0.10042886435985565,0.5215575098991394,0.6149670481681824,-0.061860766261816025,0.4889432489871979,0.661044716835022,-0.08643241226673126,0.48056405782699585,0.6955918669700623,-0.09040413051843643,0.4793192744255066,0.7206258773803711,-0.09132864326238632,0.533633291721344,0.6386868357658386,-0.06521283090114594,0.5055566430091858,0.6894472241401672,-0.08150636404752731,0.4990552067756653,0.7122517824172974,-0.0760100856423378,0.4995693564414978,0.7252620458602905,-0.07162951678037643,0.5429339408874512,0.6655221581459045,-0.06893409788608551,0.521087110042572,0.7047896981239319,-0.07678702473640442,0.5147809386253357,0.7215794920921326,-0.07107918709516525,0.5150808095932007,0.7323834896087646,-0.06574749946594238,0.5182680487632751,0.331188827753067,-0.0021941293962299824,0.5345771908760071,0.28490033745765686,-0.002090635010972619,0.5453252792358398,0.2861504554748535,0.007201454136520624,0.5559649467468262,0.28751710057258606,-0.0002633928961586207,0.5035799741744995,0.28033068776130676,0.004795998800545931,0.49252375960350037,0.27848121523857117,-0.0007849603425711393,0.48169103264808655,0.2767123579978943,-0.003109782235696912,0.5680404901504517,0.30657073855400085,-0.006228582002222538,0.4620659649372101,0.29298874735832214,-0.004270261153578758,0.5345410704612732,0.38434624671936035,0.002491248305886984,0.49503013491630554,0.378596693277359,-0.004787904676049948,0.6235204339027405,0.5364207625389099,-0.007333336863666773,0.3809736669063568,0.5416547060012817,0.007037553004920483,0.7078225612640381,0.8796631097793579,-0.048545144498348236,0.31036096811294556,0.8778820037841797,0.11711151897907257,0.5626605749130249,0.6788809895515442,-0.3626210391521454,0.35789501667022705,1.0502735376358032,-0.2110922485589981,0.5162743330001831,0.6736747622489929,0.00029422255465760827,0.3542797565460205,1.1261718273162842,-0.0030562079045921564,0.5039477944374084,0.6065741181373596,0.004960520658642054,0.38732656836509705,1.0880049467086792,-5.0869242841145024e-05,0.512394905090332,0.6278910636901855,-0.0013934102607890964,0.39333823323249817,1.0650335550308228,-0.004694368690252304,0.5784823894500732,1.1099377870559692,0.004990729503333569,0.4049670100212097,1.1087974309921265,0.05094090476632118
1616.6666666666667,,,,,,,,,,,,,,,,,,,,,,,,,,,,,,,,,,,,,,,,,,,,,,,,,,,,,,,,,,,,,,,,0.5488024353981018,0.6735502481460571,-2.554032653279137e-05,0.5258069634437561,0.6631072759628296,-0.004026420880109072,0.5018008351325989,0.6547805666923523,-0.024195542559027672,0.4816916882991791,0.6608397364616394,-0.04127535596489906,0.465038925409317,0.6652591228485107,-0.0650835782289505,0.5085638761520386,0.6095569133758545,-0.06114453822374344,0.48103684186935425,0.6100901365280151,-0.08677537739276886,0.4653729498386383,0.6272745728492737,-0.10221610218286514,0.45704808831214905,0.6487591862678528,-0.11105552315711975,0.5224581360816956,0.6191913485527039,-0.0668293908238411,0.48810139298439026,0.6698529720306396,-0.09206800907850266,0.4784541130065918,0.7104661464691162,-0.09300356358289719,0.47584396600723267,0.7404356002807617,-0.09115394949913025,0.5351645350456238,0.6440854072570801,-0.07117301225662231,0.5038756132125854,0.6976601481437683,-0.0879519060254097,0.49734005331993103,0.7281172275543213,-0.08030202239751816,0.4979906976222992,0.7477611303329468,-0.07410566508769989,0.5458905100822449,0.6740275025367737,-0.0764155313372612,0.5199505686759949,0.710871696472168,-0.08578065782785416,0.5139174461364746,0.7311450839042664,-0.08078449964523315,0.5136533379554749,0.7456399202346802,-0.07549387961626053,0.5159797072410583,0.32952019572257996,-0.0022198548540472984,0.5325625538825989,0.2835400700569153,-0.0019312332151457667,0.5434309840202332,0.2847455143928528,0.007090628147125244,0.5541952848434448,0.28606507182121277,-4.6868146455381066e-05,0.5013337731361389,0.2791908085346222,0.004903330001980066,0.4902256429195404,0.2774277925491333,-0.001061403308995068,0.4793415665626526,0.27574241161346436,-0.003192551201209426,0.5671031475067139,0.3058105707168579,-0.00615080026909709,0.4602161645889282,0.29261112213134766,-0.004247578326612711,0.5328868627548218,0.3831588625907898,0.0023489808663725853,0.49310818314552307,0.3776848316192627,-0.004776217974722385,0.6237083077430725,0.5370516777038574,-0.010913546197116375,0.38054919242858887,0.5426822304725647,0.010590379126369953,0.7080699801445007,0.8824925422668457,-0.04953382536768913,0.3109043538570404,0.8750863671302795,0.12580980360507965,0.5640148520469666,0.6816958785057068,-0.3708430826663971,0.35908371210098267,1.0273994207382202,-0.2069074809551239,0.5169512033462524,0.676400899887085,0.0002884776331484318,0.357216477394104,1.1044228076934814,-0.0030589154921472073,0.5055046677589417,0.6080154776573181,0.005006921477615833,0.3894714117050171,1.0660897493362427,-6.0365604440448806e-05,0.5139956474304199,0.6291542649269104,-0.0013939773198217154,0.3949515223503113,1.0434221029281616,-0.004691957030445337,0.578986644744873,1.1103708744049072,-0.002785220742225647,0.4052305817604065,1.1097381114959717,0.04346385970711708
1633.3333333333333,,,,,,,,,,,,,,,,,,,,,,,,,,,,,,,,,,,,,,,,,,,,,,,,,,,,,,,,,,,,,,,,0.5501819849014282,0.6762357354164124,-2.5693476345622912e-05,0.5262372493743896,0.6647605299949646,-0.005365170072764158,0.5013724565505981,0.6573290824890137,-0.02695033885538578,0.48077380657196045,0.6642241477966309,-0.045329902321100235,0.463321328163147,0.6689643263816833,-0.07115907967090607,0.5074300169944763,0.6110897064208984,-0.06384406238794327,0.48008692264556885,0.6122279763221741,-0.08937317132949829,0.463995099067688,0.6294487714767456,-0.10512514412403107,0.4559828042984009,0.6520747542381287,-0.11390423774719238,0.5209664106369019,0.6195718050003052,-0.0694284588098526,0.48864856362342834,0.6773089170455933,-0.0921713262796402,0.481998085975647,0.7172583937644958,-0.09075546264648438,0.482186883687973,0.7462947368621826,-0.08886660635471344,0.5340913534164429,0.6434123516082764,-0.07356901466846466,0.5044267177581787,0.7023032903671265,-0.08851585537195206,0.5009997487068176,0.7320147752761841,-0.07934289425611496,0.5036200284957886,0.7508324980735779,-0.07272171974182129,0.546116292476654,0.6720223426818848,-0.0789560005068779,0.5194883346557617,0.7115423083305359,-0.08725669234991074,0.5151041746139526,0.7316467761993408,-0.08064199984073639,0.5164185762405396,0.7452918291091919,-0.07501353323459625,0.5161888003349304,0.3289426863193512,-0.0022402452304959297,0.5332428812980652,0.28390955924987793,-0.0017966229934245348,0.544073760509491,0.2853926122188568,0.006995746400207281,0.5547971725463867,0.28699883818626404,0.00012273139145690948,0.5021103620529175,0.2789974808692932,0.0049803610891103745,0.4910756051540375,0.27707698941230774,-0.0012751766480505466,0.4802629053592682,0.2752358019351959,-0.0032453101594001055,0.5677592158317566,0.30786192417144775,-0.006051524542272091,0.4612569212913513,0.29251590371131897,-0.004222719930112362,0.5328261256217957,0.38345593214035034,0.0022128226701170206,0.4931950867176056,0.3770979642868042,-0.00476024579256773,0.622948408126831,0.5369434356689453,-0.012570538558065891,0.3807619512081146,0.542507529258728,0.012257431633770466,0.7059339880943298,0.8803682923316956,-0.05179351568222046,0.31172311305999756,0.8742337822914124,0.12456715106964111,0.5620607733726501,0.6797534227371216,-0.36921557784080505,0.3591846823692322,1.0159201622009277,-0.2058468759059906,0.5157979130744934,0.6743181347846985,0.0002829534641932696,0.3572447896003723,1.0931826829910278,-0.0030593283008784056,0.5041649341583252,0.6068930625915527,0.005032957997173071,0.3886428475379944,1.0575206279754639,-6.786155427107587e-05,0.5125773549079895,0.6277552843093872,-0.0013936081668362021,0.39423155784606934,1.0351638793945312,-0.004679660312831402,0.5793541073799133,1.1082556247711182,-0.00253354967571795,0.4053708016872406,1.1080976724624634,0.04366225376725197
1650.0000000000002,,,,,,,,,,,,,,,,,,,,,,,,,,,,,,,,,,,,,,,,,,,,,,,,,,,,,,,,,,,,,,,,0.5515457391738892,0.6888449192047119,-1.4656850908068009e-05,0.5284687280654907,0.6820335388183594,-0.001575774746015668,0.5028575658798218,0.6780822277069092,-0.01839245669543743,0.4830804765224457,0.6899226307868958,-0.03291631489992142,0.46806830167770386,0.7045014500617981,-0.05337665230035782,0.5087479948997498,0.637643039226532,-0.058669429272413254,0.48537012934684753,0.6247051358222961,-0.08720076084136963,0.46935486793518066,0.6374860405921936,-0.10648448765277863,0.4593634009361267,0.6579104661941528,-0.11802031844854355,0.5236485600471497,0.6435528993606567,-0.06512496620416641,0.49640151858329773,0.6919209361076355,-0.09183322638273239,0.48544982075691223,0.7302747964859009,-0.09705941379070282,0.480770081281662,0.7607085108757019,-0.09890547394752502,0.5375546216964722,0.6659336090087891,-0.06940823793411255,0.5105398893356323,0.7185795307159424,-0.08775250613689423,0.5034734010696411,0.7463456988334656,-0.08134398609399796,0.5034259557723999,0.7641096115112305,-0.07499472796916962,0.5489309430122375,0.6923127174377441,-0.07413137704133987,0.5285388827323914,0.7323183417320251,-0.0850377157330513,0.5220211148262024,0.7505521774291992,-0.07906866818666458,0.5208214521408081,0.7631207704544067,-0.07180307060480118,0.5174742341041565,0.33041566610336304,-0.0022413975093513727,0.534612774848938,0.28512147068977356,-0.0015613521682098508,0.5455559492111206,0.28669553995132446,0.006698218174278736,0.5563863515853882,0.2883991599082947,0.0006380078266374767,0.5027159452438354,0.27987468242645264,0.005186295136809349,0.4915049970149994,0.2778743803501129,-0.0015367846935987473,0.4805302619934082,0.2759387791156769,-0.0033475770615041256,0.56917804479599,0.3093111217021942,-0.0059830122627317905,0.46047642827033997,0.2932755947113037,-0.004220766481012106,0.5341545939445496,0.3851599097251892,0.0018273050663992763,0.4935420751571655,0.3784581422805786,-0.0047209542244672775,0.6234843134880066,0.5439114570617676,-0.01405588909983635,0.3804246187210083,0.5503467917442322,0.013690346851944923,0.7072299122810364,0.8881070613861084,-0.05038874223828316,0.31261470913887024,0.8935267925262451,0.10251140594482422,0.5719856023788452,0.7058038115501404,-0.4058394432067871,0.3682018518447876,0.9646679162979126,-0.2976377010345459,0.5311703681945801,0.7160831093788147,0.00028884108178317547,0.36847352981567383,1.0319559574127197,-0.00305933621712029,0.5110940933227539,0.6526476740837097,0.005097102373838425,0.4005037546157837,0.9941377639770508,-8.395870099775493e-05,0.5192381739616394,0.6688376665115356,-0.001393718644976616,0.4048871695995331,0.979156494140625,-0.004647814203053713,0.5828377604484558,1.1169204711914062,-0.04373253509402275,0.40454232692718506,1.1158493757247925,0.00726902624592185
1666.6666666666667,,,,,,,,,,,,,,,,,,,,,,,,,,,,,,,,,,,,,,,,,,,,,,,,,,,,,,,,,,,,,,,,0.5508019924163818,0.7032567858695984,-2.4434255465166643e-05,0.5258321166038513,0.7011972665786743,-0.006748429965227842,0.49918031692504883,0.6988472938537598,-0.02668142132461071,0.4769936501979828,0.7097292542457581,-0.04227054491639137,0.4562382996082306,0.7176913619041443,-0.06437629461288452,0.5069945454597473,0.6419780850410461,-0.061205629259347916,0.48430925607681274,0.6327039003372192,-0.08833077549934387,0.4684184491634369,0.6415645480155945,-0.10669579356908798,0.4569188356399536,0.6565977334976196,-0.11832106113433838,0.5221463441848755,0.6431725025177002,-0.0665261447429657,0.4954060912132263,0.7001373171806335,-0.09136813133955002,0.49002429842948914,0.7454267740249634,-0.09014756232500076,0.4912601113319397,0.7800854444503784,-0.08638797700405121,0.5371205806732178,0.66141676902771,-0.07186023890972137,0.5114350318908691,0.718158483505249,-0.08929748088121414,0.5069782137870789,0.7528926730155945,-0.08269833028316498,0.5097565054893494,0.7763461470603943,-0.07732196897268295,0.5514277219772339,0.6864496469497681,-0.07810573279857635,0.529599130153656,0.7284829020500183,-0.08872279524803162,0.5244873762130737,0.7516317963600159,-0.08222245424985886,0.5246434807777405,0.766105592250824,-0.07616197317838669,0.5168492794036865,0.3291233479976654,-0.0022426259238272905,0.5331541299819946,0.2827688157558441,-0.001401464338414371,0.5440554022789001,0.28415578603744507,0.00647986214607954,0.5549348592758179,0.285684734582901,0.0009410439524799585,0.5023882985115051,0.27815067768096924,0.00530098844319582,0.4913480877876282,0.2764117121696472,-0.0016577962087467313,0.479885458946228,0.2747064232826233,-0.0033768387511372566,0.5689469575881958,0.30884331464767456,-0.005934325512498617,0.46037423610687256,0.29315102100372314,-0.004191779997199774,0.5331746339797974,0.38422563672065735,0.0015411176718771458,0.49319782853126526,0.3776443898677826,-0.004702525679022074,0.6260787844657898,0.544603168964386,-0.020485281944274902,0.38083627820014954,0.5525543689727783,0.02008363977074623,0.708748459815979,0.89276123046875,-0.05723854526877403,0.3128274083137512,0.8985196352005005,0.10552074760198593,0.5711686015129089,0.7084766030311584,-0.41350388526916504,0.3691607117652893,0.962040364742279,-0.28850600123405457,0.5300970077514648,0.7181553244590759,0.00028567653498612344,0.37006330490112305,1.0321698188781738,-0.0030602230690419674,0.5102707743644714,0.6549869179725647,0.005166428629308939,0.4021192789077759,0.9952476024627686,-8.652406540932134e-05,0.5186572074890137,0.671444296836853,-0.0013925621751695871,0.40621575713157654,0.9798203706741333,-0.004624812863767147,0.5835050344467163,1.119964361190796,-0.0414283350110054,0.4043613076210022,1.1169477701187134,0.023637404665350914
1683.3333333333333,0.3919591009616852,0.9458581209182739,-1.3170648344384972e-05,0.41281309723854065,0.9144877195358276,-0.041885100305080414,0.42065462470054626,0.8833066821098328,-0.07372544705867767,0.4164012670516968,0.8725674748420715,-0.09900885075330734,0.4054201543331146,0.8791694641113281,-0.12403939664363861,0.38142699003219604,0.8611859083175659,-0.10060809552669525,0.38713642954826355,0.8739340901374817,-0.14673617482185364,0.40469682216644287,0.8939183354377747,-0.15876378118991852,0.4182426631450653,0.9108505845069885,-0.1558407098054886,0.36175477504730225,0.8779430389404297,-0.09248556196689606,0.374077171087265,0.91138756275177,-0.13772542774677277,0.3993287682533264,0.9337493777275085,-0.14271168410778046,0.41709548234939575,0.9468902945518494,-0.14203397929668427,0.34931033849716187,0.9010054469108582,-0.08488018810749054,0.36556777358055115,0.9349718689918518,-0.12758760154247284,0.3883829712867737,0.9496872425079346,-0.1273827999830246,0.4028836190700531,0.9555243253707886,-0.12086082249879837,0.342132568359375,0.9213959574699402,-0.07991767674684525,0.34514743089675903,0.9412871599197388,-0.10335556417703629,0.3625713884830475,0.953584611415863,-0.10554061084985733,0.3770167827606201,0.9597722291946411,-0.10434602946043015,0.5532270669937134,0.7151710987091064,1.2312980288697872e-05,0.5280659794807434,0.7254866361618042,-0.002687683794647455,0.5054765939712524,0.7284542918205261,-0.0157601460814476,0.4877961277961731,0.7435656785964966,-0.02663882076740265,0.47054749727249146,0.758880615234375,-0.043184805661439896,0.5077974796295166,0.6718631982803345,-0.05037381127476692,0.4852375090122223,0.646598756313324,-0.0729556679725647,0.4690406322479248,0.6484917998313904,-0.09043002873659134,0.4577205181121826,0.6599645018577576,-0.10301081836223602,0.5224809646606445,0.6650144457817078,-0.0568048469722271,0.5004028677940369,0.7146120071411133,-0.07506216317415237,0.49779099225997925,0.7590585947036743,-0.07281779497861862,0.5007188320159912,0.7941456437110901,-0.07175346463918686,0.537285566329956,0.6775592565536499,-0.06320648640394211,0.5173302888870239,0.7373683452606201,-0.08140559494495392,0.516425609588623,0.7716302871704102,-0.07936370372772217,0.5218661427497864,0.7958641648292542,-0.07629497349262238,0.5511776208877563,0.6991783380508423,-0.06914918124675751,0.5329659581184387,0.7422508001327515,-0.08265148848295212,0.5293402075767517,0.7685072422027588,-0.0809633657336235,0.5302407145500183,0.7869422435760498,-0.07719802856445312,0.515513002872467,0.32645365595817566,-0.0022271822672337294,0.5320205688476562,0.2810646593570709,-0.0009976350702345371,0.5430392026901245,0.28247106075286865,0.00611793901771307,0.5540316700935364,0.28402894735336304,0.0013076829491183162,0.5011677742004395,0.2767249345779419,0.005463484674692154,0.49027660489082336,0.27521631121635437,-0.0017755714943632483,0.4791025221347809,0.2737286686897278,-0.003376045962795615,0.5692298412322998,0.30817168951034546,-0.005810661241412163,0.45971256494522095,0.2926417589187622,-0.004127587657421827,0.532390296459198,0.3836877644062042,0.0011365106329321861,0.49216601252555847,0.37730684876441956,-0.004650323186069727,0.627737283706665,0.5467811226844788,-0.021441273391246796,0.38146403431892395,0.552638828754425,0.021067917346954346,0.7112994194030762,0.8969638347625732,-0.0560784749686718,0.30980539321899414,0.903236985206604,0.10094678401947021,0.577265202999115,0.7234920263290405,-0.4375686049461365,0.3660726249217987,0.9068922996520996,-0.34563225507736206,0.539183497428894,0.7376663684844971,0.0002876594662666321,0.37515339255332947,0.9641805291175842,-0.0030335227493196726,0.514455258846283,0.6745309829711914,0.005168634001165628,0.4016042649745941,0.9094409942626953,-9.623517689760774e-05,0.5230057239532471,0.6882174015045166,-0.0013937257463112473,0.4033072888851166,0.8994033932685852,-0.004615588579326868,0.5862762928009033,1.1216623783111572,-0.0399889275431633,0.40429213643074036,1.117212176322937,0.020853394642472267
1700.0000000000002,0.3959292769432068,0.9608497023582458,-2.148512976418715e-05,0.40807852149009705,0.9289556741714478,-0.04017075151205063,0.4160152077674866,0.9013226628303528,-0.07293373346328735,0.42439964413642883,0.894201397895813,-0.09654206782579422,0.42793869972229004,0.8976712822914124,-0.1205064207315445,0.3774104714393616,0.8598399758338928,-0.09393605589866638,0.3818834125995636,0.8594568967819214,-0.13096439838409424,0.39827242493629456,0.8764598965644836,-0.15030933916568756,0.411380797624588,0.8933591246604919,-0.16139355301856995,0.36104118824005127,0.8773934245109558,-0.08626551926136017,0.38342565298080444,0.8988803029060364,-0.1272774636745453,0.41105079650878906,0.9172979593276978,-0.1365923285484314,0.4274979531764984,0.9329383373260498,-0.14436131715774536,0.3533543348312378,0.9020884037017822,-0.07791034877300262,0.3812342882156372,0.9261949062347412,-0.1140327975153923,0.4069547653198242,0.9342406988143921,-0.10659656673669815,0.4185231924057007,0.9373157024383545,-0.09682566672563553,0.35116326808929443,0.9271605610847473,-0.07241811603307724,0.37170788645744324,0.9415257573127747,-0.09372276812791824,0.3924868702888489,0.9443718791007996,-0.08935508131980896,0.4034821093082428,0.9412239789962769,-0.08281493186950684,0.5516629815101624,0.7350071668624878,-7.453276793967234e-06,0.5275309681892395,0.740210771560669,-0.0037883140612393618,0.5031561851501465,0.738760769367218,-0.01914057508111,0.482149600982666,0.7484707236289978,-0.03154774382710457,0.46218910813331604,0.7592118382453918,-0.049488622695207596,0.5074264407157898,0.6751781702041626,-0.05592554807662964,0.4880911409854889,0.6493971943855286,-0.08157899975776672,0.4728539288043976,0.6489298939704895,-0.10022807121276855,0.4603312015533447,0.658287525177002,-0.11254521459341049,0.5223816633224487,0.667202353477478,-0.06394176185131073,0.49847128987312317,0.718000590801239,-0.08684182167053223,0.49614009261131287,0.7669029831886292,-0.08455756306648254,0.5002180337905884,0.8056540489196777,-0.08002298325300217,0.5389530062675476,0.6797738671302795,-0.07273487001657486,0.516120433807373,0.736412525177002,-0.09382769465446472,0.5155220031738281,0.7738425135612488,-0.0911799967288971,0.5220218896865845,0.8000169992446899,-0.08814144134521484,0.5551573038101196,0.700919508934021,-0.08174430578947067,0.5368022918701172,0.7412692308425903,-0.09590934216976166,0.5332221388816833,0.7679178714752197,-0.09182126075029373,0.5337281823158264,0.7853053212165833,-0.0860779657959938,0.5146667957305908,0.3215830624103546,-0.002218118403106928,0.5315491557121277,0.2760961055755615,-0.000790565914940089,0.5427392721176147,0.2771517038345337,0.005926717538386583,0.5538492202758789,0.27834564447402954,0.001478775404393673,0.49913033843040466,0.27272820472717285,0.00554672023281455,0.48780956864356995,0.27161186933517456,-0.0017839850625023246,0.47655969858169556,0.2705220580101013,-0.0033800939563661814,0.5688639283180237,0.3015769422054291,-0.005741273518651724,0.457256555557251,0.2904216945171356,-0.004061870742589235,0.5328312516212463,0.37783902883529663,0.0009343287674710155,0.49135860800743103,0.3732627332210541,-0.004586328286677599,0.6279277801513672,0.5468154549598694,-0.01943172700703144,0.38144651055336,0.5527040362358093,0.019075090065598488,0.7118555903434753,0.8970562815666199,-0.04858984425663948,0.30871549248695374,0.9041309952735901,0.08424355834722519,0.5795761942863464,0.7259246110916138,-0.43702754378318787,0.36606061458587646,0.903968870639801,-0.35495662689208984,0.5429158210754395,0.7398771643638611,0.00028966309037059546,0.37526121735572815,0.9593816995620728,-0.003001888981088996,0.516366183757782,0.6756937503814697,0.005169254262000322,0.4014429748058319,0.905753493309021,-0.00010610208119032905,0.5246926546096802,0.6892247200012207,-0.0013937557814642787,0.40307971835136414,0.8957071900367737,-0.004586667753756046,0.586781919002533,1.1216641664505005,-0.03609384596347809,0.40479961037635803,1.117465853691101,0.018839728087186813
1716.6666666666667,0.40240374207496643,0.9513287544250488,-3.263543112552725e-05,0.40899336338043213,0.929619312286377,-0.04409686103463173,0.4124746024608612,0.9077700972557068,-0.0778137594461441,0.41784074902534485,0.9011411666870117,-0.10293648391962051,0.4219862222671509,0.9041644930839539,-0.12804844975471497,0.3786030411720276,0.8648398518562317,-0.08885211497545242,0.3822883367538452,0.8660322427749634,-0.12620167434215546,0.39885127544403076,0.8882664442062378,-0.14324872195720673,0.41067904233932495,0.9048061370849609,-0.1518707126379013,0.3683403730392456,0.8757672905921936,-0.0798187255859375,0.38257282972335815,0.8951758146286011,-0.12285435944795609,0.4057920277118683,0.9184064269065857,-0.13330793380737305,0.4184119403362274,0.9334684610366821,-0.1393539309501648,0.364528626203537,0.8935437798500061,-0.0718250572681427,0.38614070415496826,0.9138763546943665,-0.10735861957073212,0.40738895535469055,0.9263894557952881,-0.1018034890294075,0.4168248772621155,0.9284247756004333,-0.09218574315309525,0.36467623710632324,0.913246750831604,-0.06686045229434967,0.381896048784256,0.9276766180992126,-0.08907134085893631,0.40015262365341187,0.9360074996948242,-0.08928637206554413,0.4096750020980835,0.933524489402771,-0.08584614098072052,0.5552704930305481,0.7422828674316406,-1.5098322364792693e-05,0.5313560366630554,0.7511756420135498,-0.007104919757694006,0.5056065320968628,0.7454063892364502,-0.02070648781955242,0.4831605553627014,0.7517055869102478,-0.03262036666274071,0.46348491311073303,0.7647653222084045,-0.050214070826768875,0.5073438882827759,0.6782034039497375,-0.0508543998003006,0.48697417974472046,0.6510037183761597,-0.07629520446062088,0.4712124466896057,0.6518334150314331,-0.09583204984664917,0.4582325220108032,0.6630868315696716,-0.109951913356781,0.5226984024047852,0.6688762307167053,-0.058631375432014465,0.49850234389305115,0.7205809950828552,-0.08024418354034424,0.5006946921348572,0.7701418399810791,-0.07665839046239853,0.5056735873222351,0.8039165139198303,-0.07315988093614578,0.538743793964386,0.6801849007606506,-0.06784182786941528,0.5174530148506165,0.7385149002075195,-0.09027416259050369,0.5195846557617188,0.7785959839820862,-0.09200551360845566,0.5251604318618774,0.8050999045372009,-0.09121567010879517,0.5541919469833374,0.7005746960639954,-0.07719029486179352,0.5360016226768494,0.7386521100997925,-0.09270018339157104,0.532669186592102,0.7692983746528625,-0.09070531278848648,0.531833291053772,0.7890009880065918,-0.08746038377285004,0.5149943828582764,0.32016226649284363,-0.0022148864809423685,0.5317475199699402,0.2747710347175598,-0.0006678325007669628,0.5429150462150574,0.275751531124115,0.005744562018662691,0.5539891123771667,0.2768685221672058,0.0016213124617934227,0.49909162521362305,0.2716149389743805,0.0056181615218520164,0.48770007491111755,0.270590215921402,-0.0017848721472546458,0.4764697849750519,0.2695988118648529,-0.0033838090021163225,0.5685745477676392,0.29958656430244446,-0.00569581612944603,0.45685040950775146,0.2898002564907074,-0.00401264987885952,0.5332110524177551,0.3758498430252075,0.0007915968308225274,0.49161091446876526,0.3717876076698303,-0.004520026501268148,0.6276065111160278,0.5467830896377563,-0.018399162217974663,0.3814965486526489,0.5527039766311646,0.018053144216537476,0.7110720276832581,0.8967674374580383,-0.039826277643442154,0.3091292083263397,0.905251681804657,0.07763687521219254,0.5820503234863281,0.7263728976249695,-0.4294724762439728,0.3671005666255951,0.908457338809967,-0.3627206087112427,0.5454819798469543,0.740238606929779,0.0002937797689810395,0.3764089047908783,0.9626318216323853,-0.0029765376821160316,0.519751787185669,0.6761943697929382,0.005170101299881935,0.40178072452545166,0.9116486310958862,-0.00011518938117660582,0.5277438163757324,0.6894348859786987,-0.0013936334289610386,0.40329575538635254,0.9016833901405334,-0.004522540140897036,0.5872917175292969,1.1206859350204468,-0.03611147031188011,0.4055332541465759,1.1171444654464722,0.01600927673280239
1733.3333333333335,,,,,,,,,,,,,,,,,,,,,,,,,,,,,,,,,,,,,,,,,,,,,,,,,,,,,,,,,,,,,,,,0.5534889698028564,0.7564296126365662,-1.2512930879893247e-05,0.5302261710166931,0.7675935626029968,-0.009570431895554066,0.5076246857643127,0.7636151313781738,-0.02448390983045101,0.48885151743888855,0.7724067568778992,-0.03854870796203613,0.472755491733551,0.7866774797439575,-0.05621778964996338,0.5072996616363525,0.6921093463897705,-0.05139951780438423,0.48651209473609924,0.6607535481452942,-0.07531612366437912,0.47154098749160767,0.6550118923187256,-0.09521246701478958,0.45814311504364014,0.6580042243003845,-0.11067580431699753,0.5236492156982422,0.6787909269332886,-0.059226058423519135,0.5011063814163208,0.7287676930427551,-0.08134857565164566,0.5039476752281189,0.7795749306678772,-0.07844336330890656,0.5091009140014648,0.8147384524345398,-0.07434547692537308,0.5408226847648621,0.6876373887062073,-0.0689062550663948,0.5213881731033325,0.7468491792678833,-0.09424930065870285,0.5250853300094604,0.7867077589035034,-0.09634962677955627,0.531601071357727,0.8125597238540649,-0.09583278745412827,0.5574883818626404,0.7070186734199524,-0.07826194167137146,0.5415187478065491,0.747385561466217,-0.09686042368412018,0.5385997295379639,0.7792752981185913,-0.09459853172302246,0.5378354787826538,0.8003586530685425,-0.09059660136699677,0.5141153335571289,0.3196691572666168,-0.0020246722269803286,0.5311793088912964,0.27521219849586487,-0.00046323606511577964,0.5423260927200317,0.27612781524658203,0.005441420245915651,0.5533710718154907,0.2771742641925812,0.0018374433275312185,0.49850893020629883,0.2722979485988617,0.005688889417797327,0.48718327283859253,0.2713513672351837,-0.0017939796671271324,0.47607851028442383,0.2704038918018341,-0.003320960095152259,0.5685451030731201,0.29998326301574707,-0.005584429483860731,0.4573308825492859,0.2905207872390747,-0.003927753772586584,0.5330221056938171,0.3748757839202881,0.0005541039863601327,0.4912470877170563,0.3714211881160736,-0.004408711567521095,0.6279634833335876,0.5477824211120605,-0.018206095322966576,0.38221532106399536,0.5526971817016602,0.017919868230819702,0.7087662816047668,0.8974347710609436,-0.03646807745099068,0.3084167540073395,0.9028728604316711,0.06126897409558296,0.5824829339981079,0.7432923316955566,-0.4557351768016815,0.36874544620513916,0.8526533842086792,-0.40042048692703247,0.5460900068283081,0.7567837834358215,0.00029888664721511304,0.3851018249988556,0.8877947926521301,-0.0029358926694840193,0.5221116542816162,0.6918326020240784,0.005131860263645649,0.4041866660118103,0.8237528204917908,-0.00012518782750703394,0.5300715565681458,0.7025442719459534,-0.001415969687514007,0.40398290753364563,0.8213294744491577,-0.004467039369046688,0.5873234272003174,1.120880365371704,-0.004509312100708485,0.40542593598365784,1.116912603378296,0.04854555428028107
1750.0,0.36206352710723877,0.8789423108100891,-1.0424790161778219e-05,0.36364632844924927,0.8558072447776794,-0.04851658269762993,0.38424980640411377,0.8381462097167969,-0.07299776375293732,0.41271713376045227,0.8348547220230103,-0.08276763558387756,0.43331199884414673,0.8362784385681152,-0.08213545382022858,0.3828951418399811,0.7887780070304871,-0.07944881916046143,0.41247817873954773,0.7866489291191101,-0.1050366684794426,0.41663774847984314,0.8031638264656067,-0.11473387479782104,0.4152401089668274,0.8124808669090271,-0.11912744492292404,0.3977702260017395,0.8000956773757935,-0.06118708476424217,0.4282017946243286,0.8113553524017334,-0.0886937752366066,0.4257960021495819,0.8354581594467163,-0.09567230939865112,0.42044636607170105,0.8443244695663452,-0.10217244923114777,0.41044092178344727,0.8225506544113159,-0.0436091274023056,0.4371293783187866,0.8386832475662231,-0.07009266316890717,0.42930635809898376,0.8577774167060852,-0.0687287449836731,0.4206295609474182,0.8604851961135864,-0.06677822768688202,0.41901183128356934,0.8465808033943176,-0.02933432161808014,0.43760931491851807,0.8531472682952881,-0.04765249416232109,0.43137651681900024,0.865409255027771,-0.04948345199227333,0.4241858124732971,0.8687521815299988,-0.0484604686498642,0.5570923089981079,0.761380136013031,-4.4118329242337495e-05,0.5323587656021118,0.7719155550003052,-0.00962729100137949,0.5084182024002075,0.7664109468460083,-0.024376096203923225,0.48866748809814453,0.7731073498725891,-0.037655074149370193,0.4720028340816498,0.7859675884246826,-0.054443344473838806,0.5083298087120056,0.6939026713371277,-0.049237702041864395,0.4872928261756897,0.6613513827323914,-0.07229495793581009,0.47139230370521545,0.6550867557525635,-0.09098891168832779,0.4568129777908325,0.6573621034622192,-0.10562518239021301,0.5250630378723145,0.6817896366119385,-0.05736936256289482,0.5014432072639465,0.7289901375770569,-0.07915141433477402,0.5031513571739197,0.7797634601593018,-0.07657820731401443,0.5073712468147278,0.8134370446205139,-0.07455380260944366,0.5425480604171753,0.6903411746025085,-0.06679261475801468,0.5224447846412659,0.7478902339935303,-0.09140664339065552,0.5240635275840759,0.7872971892356873,-0.09425473213195801,0.528611421585083,0.8117213249206543,-0.09458807110786438,0.5598057508468628,0.7092142105102539,-0.07621859014034271,0.5428315997123718,0.7464793920516968,-0.09414166957139969,0.5381781458854675,0.7774614691734314,-0.09246039390563965,0.5362536907196045,0.7966843247413635,-0.08942185342311859,0.5147442817687988,0.31908324360847473,-0.001901457435451448,0.531622052192688,0.2742840051651001,-0.0003496230929158628,0.542776346206665,0.2749941349029541,0.005280131008476019,0.5538226962089539,0.2758311331272125,0.0019064649241045117,0.4988675117492676,0.27184394001960754,0.005720256827771664,0.48749518394470215,0.2710748016834259,-0.0018078450812026858,0.4763624668121338,0.2702990472316742,-0.003263450227677822,0.5687305927276611,0.29806703329086304,-0.0054809884168207645,0.45735713839530945,0.29050716757774353,-0.0038934750482439995,0.5335805416107178,0.373735636472702,0.00046118427417241037,0.49171727895736694,0.37090396881103516,-0.004303395748138428,0.6280009746551514,0.5479333996772766,-0.017777377739548683,0.3822563588619232,0.5522186756134033,0.017586464062333107,0.7070196866989136,0.8974368572235107,-0.029014218598604202,0.3076717257499695,0.9023637771606445,0.05403565615415573,0.5834261178970337,0.7449373602867126,-0.44910696148872375,0.3691798150539398,0.8493741154670715,-0.40630778670310974,0.547698974609375,0.759304404258728,0.0002994341775774956,0.38676103949546814,0.8852361440658569,-0.0028930427506566048,0.5238917469978333,0.6936525702476501,0.005088445730507374,0.40418756008148193,0.8207333087921143,-0.00013527256669476628,0.5316393375396729,0.7037752866744995,-0.0014375793980434537,0.4044138193130493,0.8180705308914185,-0.004411781206727028,0.5872973203659058,1.1204593181610107,0.010676399804651737,0.4052371084690094,1.116194248199463,0.056516606360673904
1766.6666666666667,,,,,,,,,,,,,,,,,,,,,,,,,,,,,,,,,,,,,,,,,,,,,,,,,,,,,,,,,,,,,,,,0.5597695112228394,0.7663973569869995,-4.8317491746274754e-05,0.5351214408874512,0.7754003405570984,-0.008292611688375473,0.5126025080680847,0.7707960605621338,-0.023317022249102592,0.4935746490955353,0.7770546674728394,-0.036847248673439026,0.47847992181777954,0.7899942994117737,-0.0543379932641983,0.5087812542915344,0.6984713673591614,-0.04644431173801422,0.4841843545436859,0.6619110107421875,-0.06773393601179123,0.46864014863967896,0.6460787653923035,-0.08594539761543274,0.4547228217124939,0.6367578506469727,-0.10100101679563522,0.5250340104103088,0.6852047443389893,-0.055347733199596405,0.5020259618759155,0.7222014665603638,-0.07779146730899811,0.5038712024688721,0.7720211744308472,-0.07366403937339783,0.5080819725990295,0.8077512979507446,-0.06925506889820099,0.5429168343544006,0.6919744610786438,-0.06485410034656525,0.5234084725379944,0.7488915324211121,-0.09200719743967056,0.5260372161865234,0.790224015712738,-0.09403863549232483,0.5312556028366089,0.8172752261161804,-0.09218611568212509,0.5605807304382324,0.7102257013320923,-0.07436282187700272,0.5453981757164001,0.7454270124435425,-0.09388706833124161,0.5417689681053162,0.7773979306221008,-0.09302796423435211,0.5402539372444153,0.7984113693237305,-0.09048403799533844,0.5152969360351562,0.31920933723449707,-0.0017143402947112918,0.5320672392845154,0.27434802055358887,-0.0001645524171181023,0.5432038307189941,0.2750301957130432,0.005127270240336657,0.5542343854904175,0.27584680914878845,0.0019295313395559788,0.49938610196113586,0.27195966243743896,0.005805572960525751,0.48797979950904846,0.2712065875530243,-0.0018149483948946,0.4768233895301819,0.27046018838882446,-0.003197086974978447,0.5689644813537598,0.29803475737571716,-0.005309929605573416,0.45782041549682617,0.29042431712150574,-0.0038382927887141705,0.5342168807983398,0.37373191118240356,0.00033904987503774464,0.4922769069671631,0.370907187461853,-0.00416241679340601,0.6280842423439026,0.5485914349555969,-0.015495662577450275,0.38350826501846313,0.5502438545227051,0.015365136787295341,0.7046530246734619,0.8995634317398071,-0.025304634124040604,0.3073432743549347,0.8997737765312195,0.04489360749721527,0.5833806395530701,0.7541911602020264,-0.4563567042350769,0.37303197383880615,0.8191298842430115,-0.40932348370552063,0.5479633212089539,0.7640125751495361,0.00029942067340016365,0.39764970541000366,0.8472675085067749,-0.0028458142187446356,0.5282370448112488,0.6980600953102112,0.004999993834644556,0.4116075932979584,0.7783156037330627,-0.00014182881568558514,0.5354867577552795,0.707865297794342,-0.001561444136314094,0.4090133309364319,0.7784913778305054,-0.0043891496025025845,0.5861033201217651,1.1199541091918945,0.017189975827932358,0.40477752685546875,1.1159781217575073,0.06574323028326035
1783.3333333333335,,,,,,,,,,,,,,,,,,,,,,,,,,,,,,,,,,,,,,,,,,,,,,,,,,,,,,,,,,,,,,,,0.561627984046936,0.779002845287323,-4.990306115359999e-05,0.5362143516540527,0.7845126390457153,-0.008288832381367683,0.51246178150177,0.7739385962486267,-0.023701410740613937,0.49317336082458496,0.7772167325019836,-0.037973012775182724,0.47786733508110046,0.7885850667953491,-0.056383609771728516,0.5093116760253906,0.7004295587539673,-0.0419866144657135,0.48537591099739075,0.6639907360076904,-0.06344492733478546,0.47010162472724915,0.6473492980003357,-0.08187185227870941,0.4558928310871124,0.6363948583602905,-0.09785787016153336,0.52611243724823,0.6868140697479248,-0.05206303671002388,0.501838743686676,0.7226964235305786,-0.0767526850104332,0.5039255619049072,0.772428572177887,-0.07492617517709732,0.5086394548416138,0.8078216910362244,-0.07174268364906311,0.5439653992652893,0.6935470700263977,-0.06352949887514114,0.5230655670166016,0.747566819190979,-0.09269154816865921,0.5255783796310425,0.7891978025436401,-0.09550359845161438,0.5313475131988525,0.8168124556541443,-0.09364724159240723,0.561341404914856,0.7117496132850647,-0.07520066946744919,0.5448701977729797,0.7477777004241943,-0.0957174077630043,0.5410893559455872,0.7800370454788208,-0.09484398365020752,0.5404354333877563,0.8011127710342407,-0.09273521602153778,0.5157368183135986,0.31926408410072327,-0.0016018534079194069,0.5329664945602417,0.27455630898475647,-8.97590653039515e-05,0.5440722703933716,0.27534765005111694,0.005041874945163727,0.5550757050514221,0.2762822210788727,0.0019464357756078243,0.5004894733428955,0.27190911769866943,0.005846226587891579,0.4891279637813568,0.2710846960544586,-0.0018187693785876036,0.4780210256576538,0.2702784836292267,-0.0031580491922795773,0.5695767998695374,0.29840144515037537,-0.005217698402702808,0.45900917053222656,0.2902989089488983,-0.0038117137737572193,0.5343104600906372,0.3737856447696686,0.00028739203116856515,0.4924424886703491,0.3708401322364807,-0.00409350311383605,0.6277526617050171,0.549673855304718,-0.012964456342160702,0.3835064172744751,0.548529326915741,0.012886490672826767,0.7043083310127258,0.9003640413284302,-0.025163251906633377,0.3067549765110016,0.8972047567367554,0.03645583242177963,0.5839844942092896,0.7568821907043457,-0.4614197313785553,0.3741393983364105,0.8173439502716064,-0.41131094098091125,0.5477656126022339,0.7669926285743713,0.00029945309506729245,0.4000162184238434,0.8465015888214111,-0.0027970157098025084,0.5287438035011292,0.7000078558921814,0.0049375430680811405,0.41424188017845154,0.7758045196533203,-0.00014187795750331134,0.536230206489563,0.7098813652992249,-0.0016572264721617103,0.4111376106739044,0.7760205268859863,-0.004375269636511803,0.5850731730461121,1.119633674621582,0.04124830663204193,0.40425848960876465,1.1157933473587036,0.08223593235015869
1800.0,0.3811337649822235,0.8183494806289673,-4.259846537024714e-05,0.3834952414035797,0.7701622247695923,-0.028502045199275017,0.3994084596633911,0.7481871247291565,-0.053209707140922546,0.42215538024902344,0.7476018071174622,-0.07095984369516373,0.4404224753379822,0.7555663585662842,-0.08686088025569916,0.40983104705810547,0.7362480759620667,-0.0684283971786499,0.4301260709762573,0.7336151003837585,-0.09078791737556458,0.4336027503013611,0.7480005025863647,-0.0974108874797821,0.43150001764297485,0.7599560618400574,-0.10113012045621872,0.42060935497283936,0.7590377926826477,-0.062363918870687485,0.4498952031135559,0.7505952715873718,-0.08502089232206345,0.45562753081321716,0.7603634595870972,-0.09119077026844025,0.456834614276886,0.7682686448097229,-0.09952505677938461,0.42748868465423584,0.7845200896263123,-0.05507081747055054,0.45414888858795166,0.7754122018814087,-0.07505053281784058,0.44972819089889526,0.7818139791488647,-0.07394754141569138,0.44459766149520874,0.7863343954086304,-0.07252704352140427,0.43087056279182434,0.8086577653884888,-0.049763813614845276,0.4499448835849762,0.7962554693222046,-0.06286321580410004,0.4470369815826416,0.7922654747962952,-0.06401494145393372,0.4429931342601776,0.7889230251312256,-0.06301727145910263,0.5648183226585388,0.7853168249130249,-6.656119512626901e-05,0.5382156372070312,0.7897846698760986,-0.00940316915512085,0.5124265551567078,0.7777936458587646,-0.024486757814884186,0.4931735396385193,0.7789543867111206,-0.03779853507876396,0.4776047468185425,0.7873353958129883,-0.05523667111992836,0.5099570155143738,0.7002554535865784,-0.0370154045522213,0.48610514402389526,0.6645340323448181,-0.05899660661816597,0.46976280212402344,0.646662712097168,-0.07732819020748138,0.45500263571739197,0.6350352764129639,-0.09435342997312546,0.5267917513847351,0.686015784740448,-0.04699674993753433,0.5018426775932312,0.7253044247627258,-0.07262251526117325,0.5051283836364746,0.7759244441986084,-0.06998980045318604,0.5120534300804138,0.8108986020088196,-0.06656089425086975,0.544835090637207,0.6922882795333862,-0.05942414328455925,0.5226572751998901,0.7448771595954895,-0.09090103209018707,0.5270830988883972,0.7883269786834717,-0.0948214903473854,0.5349254608154297,0.8174688816070557,-0.09356390684843063,0.5627778768539429,0.7091643810272217,-0.07182596623897552,0.5433836579322815,0.7430288791656494,-0.09566710144281387,0.5393863916397095,0.7768809795379639,-0.0954725444316864,0.5395528674125671,0.7996794581413269,-0.09414905309677124,0.5157427787780762,0.31914880871772766,-0.0014777553733438253,0.5330766439437866,0.2745945453643799,-4.141653789702104e-06,0.5441563129425049,0.2755129635334015,0.004972601309418678,0.5551358461380005,0.276593416929245,0.0019601730164140463,0.5006992816925049,0.2717304825782776,0.0058661256916821,0.4893719255924225,0.27086642384529114,-0.00181972689460963,0.47830015420913696,0.27003416419029236,-0.003121401183307171,0.5695871114730835,0.29910287261009216,-0.005130129400640726,0.4594292640686035,0.2900669276714325,-0.0037943609058856964,0.5342434048652649,0.37371373176574707,0.00023019302170723677,0.4924142360687256,0.3708251118659973,-0.004037369973957539,0.6276109218597412,0.5514363646507263,-0.012546507641673088,0.383495032787323,0.5474711060523987,0.012483896687626839,0.7040614485740662,0.9020383954048157,-0.02515089139342308,0.30520346760749817,0.8946743607521057,0.03553083539009094,0.5844244956970215,0.760708212852478,-0.4634813964366913,0.3740381598472595,0.8167501091957092,-0.40998244285583496,0.5477803349494934,0.7695428729057312,0.0002996707335114479,0.40081536769866943,0.845343291759491,-0.0027625509537756443,0.5299399495124817,0.7019951343536377,0.004880429245531559,0.4147724509239197,0.7736964821815491,-0.00014250069216359407,0.5375585556030273,0.7118585705757141,-0.0017499427776783705,0.4115371108055115,0.7738732695579529,-0.004374742042273283,0.5833457112312317,1.119908332824707,0.043746717274188995,0.403009831905365,1.1149237155914307,0.0871577337384224
1816.6666666666667,0.3720031678676605,0.8019934892654419,-9.212732038577087e-06,0.38152769207954407,0.7489943504333496,-0.020471343770623207,0.40195223689079285,0.7147321701049805,-0.040294159203767776,0.42398813366889954,0.704064130783081,-0.053740620613098145,0.4425739049911499,0.706639289855957,-0.06750564277172089,0.39674586057662964,0.7205216288566589,-0.07826101034879684,0.41485992074012756,0.701274037361145,-0.1012532189488411,0.43206799030303955,0.6905260682106018,-0.11203350871801376,0.44617754220962524,0.6860288977622986,-0.11924434453248978,0.4046069085597992,0.746939480304718,-0.07292409241199493,0.4338761568069458,0.7373058795928955,-0.09631676226854324,0.4538489580154419,0.7268574237823486,-0.10585737973451614,0.46760591864585876,0.7201200127601624,-0.11530596017837524,0.41225799918174744,0.7739481925964355,-0.06377235054969788,0.44224798679351807,0.7665711641311646,-0.07337041944265366,0.4388086199760437,0.763633668422699,-0.061561960726976395,0.43107542395591736,0.7636430859565735,-0.05321122333407402,0.41822800040245056,0.7977331280708313,-0.05762755870819092,0.44018346071243286,0.7936887145042419,-0.06066028028726578,0.437099426984787,0.786643922328949,-0.05169510468840599,0.4295116066932678,0.7818514108657837,-0.04482630267739296,0.5654342770576477,0.7919018864631653,-7.224820728879422e-05,0.5390352606773376,0.7961848974227905,-0.007950330153107643,0.5119283199310303,0.782042920589447,-0.022466816008090973,0.49334394931793213,0.7804943919181824,-0.03615354746580124,0.4798900783061981,0.7831211686134338,-0.05417473241686821,0.509901225566864,0.7021157145500183,-0.032263826578855515,0.48749518394470215,0.6642379760742188,-0.053961049765348434,0.4721665680408478,0.6436504125595093,-0.07231679558753967,0.4583258032798767,0.627717912197113,-0.09014077484607697,0.5259403586387634,0.6865808963775635,-0.04391661286354065,0.4993317127227783,0.7183781862258911,-0.06784499436616898,0.5001146793365479,0.7653259038925171,-0.07101277261972427,0.5063297152519226,0.7996128797531128,-0.07347743213176727,0.5434905290603638,0.6898861527442932,-0.05771699920296669,0.5211953520774841,0.7397148609161377,-0.08668548613786697,0.526254415512085,0.783589243888855,-0.0906076654791832,0.5349554419517517,0.8149674534797668,-0.09016692638397217,0.5610513091087341,0.7036208510398865,-0.07161526381969452,0.5421112179756165,0.7342785000801086,-0.09358392655849457,0.5398414731025696,0.7692379951477051,-0.09173314273357391,0.5423229932785034,0.7945970892906189,-0.08931467682123184,0.5154677033424377,0.3190619945526123,-0.001451072166673839,0.5329182147979736,0.2744865119457245,6.437295814976096e-05,0.5440502166748047,0.27542006969451904,0.004924065433442593,0.5550843477249146,0.27651625871658325,0.001983541063964367,0.5004317760467529,0.2715841829776764,0.005946327466517687,0.48910146951675415,0.2707040011882782,-0.001813601586036384,0.4780239462852478,0.2698588967323303,-0.0031244235578924417,0.5701584815979004,0.2991005480289459,-0.004977493546903133,0.4596579074859619,0.2899129390716553,-0.0036926870234310627,0.5341634154319763,0.37368160486221313,1.0684965445761918e-06,0.49226343631744385,0.37067800760269165,-0.003912348300218582,0.6283608078956604,0.5529587268829346,-0.01640116237103939,0.38523465394973755,0.5463516116142273,0.01635124534368515,0.7040631771087646,0.9079133868217468,-0.026440314948558807,0.3067036271095276,0.8917977213859558,0.04031820967793465,0.584700345993042,0.7652115821838379,-0.45379340648651123,0.3801572918891907,0.7790477871894836,-0.42107293009757996,0.5483729839324951,0.7729678750038147,0.00029891921440139413,0.40013787150382996,0.7879952192306519,-0.0027540544979274273,0.5306282043457031,0.7065865993499756,0.004826015327125788,0.41516393423080444,0.7287772297859192,-0.00014231872046366334,0.5384619832038879,0.7161418795585632,-0.0017997798277065158,0.41397690773010254,0.7358237504959106,-0.004347515292465687,0.5834372639656067,1.1195491552352905,0.0035234540700912476,0.4028609097003937,1.1147382259368896,0.05119019001722336
1833.3333333333335,0.3685433268547058,0.7990155816078186,-3.3829233871074393e-05,0.37285178899765015,0.7447254657745361,-0.015683148056268692,0.3912842273712158,0.702369213104248,-0.03420352563261986,0.4150034487247467,0.6863101124763489,-0.04654397442936897,0.4359577000141144,0.697585940361023,-0.05748680606484413,0.3865509033203125,0.7139868140220642,-0.07723883539438248,0.4051605463027954,0.690211296081543,-0.0975949615240097,0.42134565114974976,0.6796445846557617,-0.1041528508067131,0.4335239827632904,0.6764858961105347,-0.11025305837392807,0.3972153663635254,0.7428646087646484,-0.07349935919046402,0.4303857982158661,0.7292553782463074,-0.09701832383871078,0.45530542731285095,0.7170096635818481,-0.10725603997707367,0.4725913107395172,0.7111132740974426,-0.11715491116046906,0.40746843814849854,0.7706887125968933,-0.06447148323059082,0.43977421522140503,0.7510175108909607,-0.06760133802890778,0.43814659118652344,0.7415573596954346,-0.04844782128930092,0.4305117130279541,0.7405989766120911,-0.03563617542386055,0.41540175676345825,0.7939980030059814,-0.05818251147866249,0.4393714368343353,0.7780576944351196,-0.05516904592514038,0.43858060240745544,0.766835629940033,-0.04026729613542557,0.4316660165786743,0.7621628642082214,-0.028755173087120056,0.5671136379241943,0.7921716570854187,-7.706444739596918e-05,0.5393360257148743,0.7983371019363403,-0.007989872246980667,0.5115807056427002,0.7842191457748413,-0.02268705703318119,0.4930770993232727,0.7816749811172485,-0.037093959748744965,0.4798949360847473,0.7830503582954407,-0.05608214810490608,0.5096635222434998,0.7013313174247742,-0.031157229095697403,0.48730260133743286,0.6644610166549683,-0.0515642873942852,0.4718834459781647,0.6438205242156982,-0.06954687833786011,0.45794886350631714,0.6276077628135681,-0.08773034065961838,0.5258303284645081,0.685451865196228,-0.04324067011475563,0.4981990158557892,0.718553900718689,-0.06701412796974182,0.49871909618377686,0.7655392289161682,-0.07227978110313416,0.5050528645515442,0.800073504447937,-0.07591848075389862,0.5433415174484253,0.6885272264480591,-0.057374756783246994,0.5207074284553528,0.740287184715271,-0.08594096451997757,0.5255284905433655,0.7840778231620789,-0.09016063064336777,0.5335823893547058,0.8154167532920837,-0.08978813886642456,0.5608521699905396,0.7023259997367859,-0.0716908872127533,0.541832447052002,0.7340651750564575,-0.09335688501596451,0.5399933457374573,0.7696179747581482,-0.09158109873533249,0.5424848198890686,0.7955471277236938,-0.08858465403318405,0.5157304406166077,0.3196641802787781,-0.0014475926291197538,0.5335695743560791,0.2747914791107178,8.550677739549428e-05,0.5447037220001221,0.27584290504455566,0.004909804090857506,0.5557354092597961,0.2770703434944153,0.0019970887806266546,0.5010897517204285,0.2716121971607208,0.006030429620295763,0.4897751212120056,0.2707001864910126,-0.0018120836466550827,0.47870951890945435,0.26982489228248596,-0.003131567733362317,0.5706403851509094,0.29934728145599365,-0.0049008517526090145,0.46029308438301086,0.28934475779533386,-0.003626421792432666,0.5342825651168823,0.37427276372909546,-9.702893294161186e-05,0.4924781024456024,0.3706553280353546,-0.0038257623091340065,0.6279875636100769,0.5522962808609009,-0.017321735620498657,0.3853807747364044,0.5443391799926758,0.01724245771765709,0.7037492990493774,0.9068527817726135,-0.027783341705799103,0.3070688545703888,0.8907562494277954,0.03844541311264038,0.5847708582878113,0.7622970342636108,-0.45381730794906616,0.38159528374671936,0.7750349044799805,-0.42921292781829834,0.5487134456634521,0.771357536315918,0.0002944560255855322,0.4003758430480957,0.7856988906860352,-0.0027456232346594334,0.5306183695793152,0.7049930691719055,0.0047931675799191,0.4160943031311035,0.7267217040061951,-0.00014366023242473602,0.538441002368927,0.714682936668396,-0.0018441093852743506,0.41541191935539246,0.7335838675498962,-0.004314612131565809,0.5834315419197083,1.1187694072723389,0.002143055899068713,0.4028301239013672,1.113663673400879,0.051576584577560425
1850.0,,,,,,,,,,,,,,,,,,,,,,,,,,,,,,,,,,,,,,,,,,,,,,,,,,,,,,,,,,,,,,,,0.5697696805000305,0.7963242530822754,-8.010211604414508e-05,0.5398248434066772,0.8016956448554993,-0.0013491075951606035,0.5122721791267395,0.7860631942749023,-0.011960607953369617,0.4946070611476898,0.7811868786811829,-0.024735957384109497,0.48176196217536926,0.776772141456604,-0.04285363107919693,0.5116134285926819,0.702073335647583,-0.015101875178515911,0.49350354075431824,0.6677336096763611,-0.030954401940107346,0.4817795157432556,0.6572883129119873,-0.04298125207424164,0.47329047322273254,0.6562720537185669,-0.05454118177294731,0.5260127782821655,0.6845008134841919,-0.02893996424973011,0.5014616847038269,0.7216162085533142,-0.0528302863240242,0.5024675130844116,0.7667871713638306,-0.062076304107904434,0.5096875429153442,0.8022567629814148,-0.06705297529697418,0.5428340435028076,0.6864420771598816,-0.044360917061567307,0.5215559601783752,0.7363225221633911,-0.07143281400203705,0.5258984565734863,0.7794148921966553,-0.07775148749351501,0.5326533317565918,0.8131614923477173,-0.07850994169712067,0.5602592825889587,0.698663055896759,-0.059661101549863815,0.5409628748893738,0.7271395921707153,-0.08064477145671844,0.5392908453941345,0.7625340819358826,-0.08095850050449371,0.5415441393852234,0.790233314037323,-0.0786595344543457,0.5154776573181152,0.32070454955101013,-0.0014339529443532228,0.5336801409721375,0.2762617766857147,0.00010709752677939832,0.5447348356246948,0.2776264250278473,0.004905978683382273,0.555686354637146,0.27917635440826416,0.002013975288718939,0.5014013648033142,0.27222973108291626,0.0061645545065402985,0.4902161955833435,0.27101147174835205,-0.0017917759250849485,0.4792746603488922,0.26989054679870605,-0.003147866576910019,0.5705170035362244,0.30127277970314026,-0.004818251822143793,0.46099090576171875,0.2890722453594208,-0.0035274242982268333,0.5337427854537964,0.3753352761268616,-0.0002227799704996869,0.49235424399375916,0.3706364035606384,-0.0037455405108630657,0.627129316329956,0.5509064793586731,-0.017331697046756744,0.38553446531295776,0.540932297706604,0.017231175675988197,0.7017000317573547,0.9069218039512634,-0.02584998495876789,0.3096017837524414,0.8904805779457092,0.019647138193249702,0.5865262746810913,0.7665237784385681,-0.4499697685241699,0.38821160793304443,0.7468335032463074,-0.44142982363700867,0.5506354570388794,0.7749814987182617,0.0002930557820945978,0.4067755937576294,0.7465927600860596,-0.002742466516792774,0.5344312787055969,0.707929790019989,0.0047155884094536304,0.4208964407444,0.6895076632499695,-0.00014319759793579578,0.5420219898223877,0.7169454097747803,-0.0018891533836722374,0.4209820032119751,0.7001366019248962,-0.004298836924135685,0.5829165577888489,1.1148158311843872,0.0031029884703457355,0.4021008610725403,1.1102635860443115,0.05174468085169792
1866.6666666666667,0.39242905378341675,0.7343247532844543,-5.082825373392552e-05,0.3973255157470703,0.6755578517913818,-0.014513209462165833,0.41746312379837036,0.6348094344139099,-0.03019595704972744,0.44126972556114197,0.6244584321975708,-0.042991217225790024,0.4607597291469574,0.6333567500114441,-0.05499598756432533,0.44325461983680725,0.6475154757499695,-0.03330652043223381,0.4697415232658386,0.6353973150253296,-0.047768961638212204,0.4795324504375458,0.6403462886810303,-0.056751251220703125,0.482188880443573,0.6528881192207336,-0.06572151929140091,0.4488167464733124,0.6738033294677734,-0.033217597752809525,0.47614654898643494,0.6614704132080078,-0.04861057922244072,0.4838942587375641,0.6634795069694519,-0.05619625747203827,0.4856032729148865,0.6751118898391724,-0.06285585463047028,0.44796115159988403,0.6982675194740295,-0.033086441457271576,0.4663286805152893,0.6754245758056641,-0.04524336755275726,0.46331822872161865,0.6679579019546509,-0.04860121011734009,0.4591197967529297,0.6718257069587708,-0.050565317273139954,0.4429875314235687,0.7207396030426025,-0.03436478227376938,0.45482245087623596,0.6908912062644958,-0.04089517891407013,0.45368900895118713,0.6797747015953064,-0.04137462377548218,0.4529332220554352,0.6768558025360107,-0.040946174412965775,0.5722249150276184,0.7987082004547119,-7.432183338096365e-05,0.540951132774353,0.8051291704177856,-3.111675687250681e-05,0.5133591890335083,0.7890958189964294,-0.009026102721691132,0.4956807494163513,0.7824363112449646,-0.020274490118026733,0.48171931505203247,0.7758398056030273,-0.03719589114189148,0.5138462781906128,0.7029499411582947,-0.010667450726032257,0.4963095784187317,0.6735144853591919,-0.025097670033574104,0.48645147681236267,0.6596526503562927,-0.03590593487024307,0.4792692959308624,0.6521233916282654,-0.04697612673044205,0.5276678800582886,0.685144305229187,-0.02463557757437229,0.5031784176826477,0.7184875011444092,-0.0473061129450798,0.5041564702987671,0.7642011046409607,-0.05825170874595642,0.5103840827941895,0.8011749982833862,-0.06450463831424713,0.5438845157623291,0.6860311627388,-0.03961149975657463,0.5215520262718201,0.7345676422119141,-0.06644996255636215,0.5268067121505737,0.7782068848609924,-0.07305233925580978,0.5339040756225586,0.8126192688941956,-0.0728042721748352,0.5605526566505432,0.6978594660758972,-0.05471501871943474,0.5405575633049011,0.7284863591194153,-0.0776938796043396,0.5393741130828857,0.7635206580162048,-0.07863961160182953,0.5419261455535889,0.7911555767059326,-0.07629289478063583,0.5152866840362549,0.32053983211517334,-0.0014232407556846738,0.5333718657493591,0.2762118875980377,0.0001258390402654186,0.5444523692131042,0.27754151821136475,0.004903018474578857,0.5554279685020447,0.27904313802719116,0.0020153650548309088,0.5009790062904358,0.27223658561706543,0.006243436597287655,0.48976078629493713,0.2710231840610504,-0.0017643289174884558,0.4787842035293579,0.2698989808559418,-0.0031564151868224144,0.5704664587974548,0.30132994055747986,-0.00479734456166625,0.4604956805706024,0.28908756375312805,-0.0034517536405473948,0.5337563157081604,0.3751513361930847,-0.00030785115086473525,0.4922804832458496,0.3705289959907532,-0.0037062717601656914,0.6272319555282593,0.5505129098892212,-0.017660634592175484,0.38577914237976074,0.5392302870750427,0.01754673942923546,0.7002604603767395,0.9076747298240662,-0.02475833334028721,0.3093787729740143,0.8895125985145569,0.013128995895385742,0.5854959487915039,0.7674532532691956,-0.4374465048313141,0.38835158944129944,0.7404135465621948,-0.441518098115921,0.5498974323272705,0.77587890625,0.0002911105111707002,0.4074544608592987,0.7404912114143372,-0.0027418448589742184,0.5337139964103699,0.7088096141815186,0.004674879368394613,0.4216477572917938,0.6822759509086609,-0.0001446498790755868,0.5413110852241516,0.7175954580307007,-0.001893212553113699,0.42163005471229553,0.6933404803276062,-0.004290387500077486,0.5826285481452942,1.1140350103378296,0.00663652503862977,0.40170395374298096,1.1092480421066284,0.05459234118461609
1883.3333333333335,0.38839027285575867,0.7383031845092773,-4.031059506814927e-05,0.39103347063064575,0.6833450198173523,-0.009401810355484486,0.4077487885951996,0.6373046636581421,-0.02169768512248993,0.42832833528518677,0.6212315559387207,-0.032402362674474716,0.4442346692085266,0.6277792453765869,-0.04267793148756027,0.43209099769592285,0.652572751045227,-0.025704436004161835,0.45813748240470886,0.63963383436203,-0.03603179380297661,0.4726075530052185,0.6411359906196594,-0.04319235309958458,0.4831159710884094,0.6487839818000793,-0.04967085272073746,0.43927139043807983,0.6755164265632629,-0.027119245380163193,0.4646397829055786,0.6570312976837158,-0.03964073956012726,0.4762316048145294,0.653091311454773,-0.04670008271932602,0.48400312662124634,0.6585533022880554,-0.05237673968076706,0.4411758780479431,0.6993806958198547,-0.028432080522179604,0.46098703145980835,0.6774393320083618,-0.03756304457783699,0.456685870885849,0.6705431342124939,-0.04004287347197533,0.45025634765625,0.673494815826416,-0.04222327843308449,0.43936023116111755,0.7244619131088257,-0.030507849529385567,0.4531102478504181,0.7023117542266846,-0.03436841443181038,0.4497908353805542,0.6927073001861572,-0.03523252531886101,0.4453604519367218,0.6923952698707581,-0.036301083862781525,0.5730326771736145,0.7994339466094971,-6.30796785117127e-05,0.5423160791397095,0.8030068278312683,-0.0010370987001806498,0.5146971940994263,0.7857054471969604,-0.011668885126709938,0.49679034948349,0.7791272401809692,-0.024109013378620148,0.48151111602783203,0.7767881751060486,-0.04298960044980049,0.5144931077957153,0.7033923268318176,-0.012839709408581257,0.49601632356643677,0.67621910572052,-0.027606075629591942,0.4845038652420044,0.6574293971061707,-0.0389910452067852,0.47498708963394165,0.6448525786399841,-0.05136934295296669,0.5281416773796082,0.6858211159706116,-0.02666819654405117,0.5032615065574646,0.7160359025001526,-0.051747631281614304,0.5031118988990784,0.7620075345039368,-0.06333153694868088,0.5089032053947449,0.8017654418945312,-0.06986599415540695,0.5444663763046265,0.6859492063522339,-0.041582681238651276,0.5214416980743408,0.7329217195510864,-0.06996013224124908,0.5261924266815186,0.7774896025657654,-0.07747294008731842,0.5332180261611938,0.8136345148086548,-0.07702456414699554,0.5611540675163269,0.6969524025917053,-0.05648767203092575,0.5409037470817566,0.7275089025497437,-0.08173857629299164,0.5394279360771179,0.7626599073410034,-0.0837545096874237,0.5417632460594177,0.7909994125366211,-0.08227137476205826,0.515233039855957,0.32079756259918213,-0.001417779829353094,0.5332365036010742,0.27634385228157043,0.00014783798542339355,0.5443515181541443,0.2775864005088806,0.004884578287601471,0.5553605556488037,0.2790018916130066,0.002020822372287512,0.5006819367408752,0.2725558578968048,0.006309076212346554,0.48943302035331726,0.27138233184814453,-0.001744179055094719,0.4784230589866638,0.2702828347682953,-0.0031768297776579857,0.5706140398979187,0.30112019181251526,-0.004776763264089823,0.46015849709510803,0.2892197370529175,-0.0033816469367593527,0.5340189337730408,0.375288724899292,-0.00039018975803628564,0.49239182472229004,0.3708789646625519,-0.003657291876152158,0.6281663179397583,0.550334095954895,-0.017308058217167854,0.38594621419906616,0.5384877920150757,0.017180275171995163,0.6994710564613342,0.910947322845459,-0.022702371701598167,0.31000781059265137,0.8869159817695618,0.011943540535867214,0.5845210552215576,0.7715539336204529,-0.4349351227283478,0.3903878331184387,0.7426652312278748,-0.44455471634864807,0.5494197010993958,0.7784680128097534,0.0002907997404690832,0.4081701338291168,0.7409085035324097,-0.0027270170394331217,0.5338578820228577,0.7118828892707825,0.004646291024982929,0.42226722836494446,0.6844925880432129,-0.00014533483772538602,0.5413814783096313,0.7204787731170654,-0.0018932893872261047,0.4224691092967987,0.6953930258750916,-0.0042619467712938786,0.5824068784713745,1.1116111278533936,0.008071308955550194,0.3998301327228546,1.1035617589950562,0.057670917361974716
1900.0000000000002,0.3877258896827698,0.7209150195121765,-1.4546232705470175e-05,0.391692191362381,0.657663106918335,-0.004892522934824228,0.41086116433143616,0.6084561944007874,-0.010790515691041946,0.4367947280406952,0.5877565145492554,-0.013489018194377422,0.4565483033657074,0.6016888618469238,-0.019574172794818878,0.42680370807647705,0.6321320533752441,-0.028832724317908287,0.45490044355392456,0.6197778582572937,-0.031565289944410324,0.47359952330589294,0.6153578758239746,-0.03258780762553215,0.4875384569168091,0.6157659292221069,-0.03485642746090889,0.43869641423225403,0.663256049156189,-0.023247187957167625,0.4625921845436096,0.6421330571174622,-0.015526395291090012,0.46544015407562256,0.6285247206687927,-0.006213960237801075,0.4613223969936371,0.6234441995620728,-0.0005954720545560122,0.4446122348308563,0.6909252405166626,-0.016225436702370644,0.4661259651184082,0.6684784889221191,-0.0073485467582941055,0.4630776643753052,0.6539688110351562,0.003220970742404461,0.4533560872077942,0.6501498222351074,0.008973103016614914,0.4455183148384094,0.7145810723304749,-0.010604485869407654,0.4637107253074646,0.6941964030265808,-0.0030684107914566994,0.46172767877578735,0.678406834602356,0.005851466674357653,0.45364803075790405,0.671944797039032,0.01294202171266079,0.5718802213668823,0.8010496497154236,-4.930616341880523e-05,0.5398656129837036,0.7992692589759827,-0.0037022947799414396,0.5137016773223877,0.780423641204834,-0.01738632284104824,0.49718838930130005,0.7685914635658264,-0.03213430568575859,0.4846040904521942,0.7584757804870605,-0.052797067910432816,0.5177085399627686,0.6960204243659973,-0.012575255706906319,0.503165066242218,0.6650069355964661,-0.025015849620103836,0.49467283487319946,0.6403747797012329,-0.03454127535223961,0.4869566857814789,0.6200381517410278,-0.04537278041243553,0.53168123960495,0.6804889440536499,-0.025522572919726372,0.5057147145271301,0.6997047662734985,-0.04872588813304901,0.499591201543808,0.7410034537315369,-0.062247879803180695,0.5018631815910339,0.7796909809112549,-0.07091210782527924,0.5474059581756592,0.6825852990150452,-0.039627932012081146,0.5235600471496582,0.7233243584632874,-0.06509945541620255,0.524787425994873,0.7664044499397278,-0.07434196025133133,0.5304363965988159,0.8038349151611328,-0.07510847598314285,0.5627524256706238,0.6960952877998352,-0.05343464016914368,0.5421906113624573,0.7253173589706421,-0.07780737429857254,0.5385668277740479,0.7601889371871948,-0.07988360524177551,0.5400887131690979,0.7911995053291321,-0.0784718245267868,0.5162405967712402,0.3208777904510498,-0.001403466914780438,0.5341128706932068,0.27626195549964905,0.00016152260650414973,0.545264720916748,0.2774457037448883,0.00486691202968359,0.5563176870346069,0.2787974178791046,0.0020298133604228497,0.5013121366500854,0.2724999189376831,0.00646966602653265,0.48999834060668945,0.27128714323043823,-0.0017381802899762988,0.47893092036247253,0.2701466381549835,-0.003223082749173045,0.5715318918228149,0.3006196618080139,-0.004741929937154055,0.46029430627822876,0.2887324392795563,-0.0032848555129021406,0.5349879264831543,0.3752303123474121,-0.0006237905472517014,0.4933611750602722,0.3708377182483673,-0.00358882755972445,0.6283273100852966,0.5498227477073669,-0.016561569646000862,0.3873516917228699,0.5374065637588501,0.01644577831029892,0.6996418833732605,0.9085597395896912,-0.022176597267389297,0.31051355600357056,0.8837451934814453,0.00035754431155510247,0.5826955437660217,0.7669998407363892,-0.43773984909057617,0.39692381024360657,0.7154747843742371,-0.4580141007900238,0.5469009876251221,0.7771918773651123,0.0002886433794628829,0.41724470257759094,0.7094330787658691,-0.0027240326162427664,0.5311774015426636,0.7115753889083862,0.004616724792867899,0.43090903759002686,0.6541612148284912,-0.00014238043513614684,0.5390596389770508,0.7186141610145569,-0.0019298555562272668,0.43015986680984497,0.6686402559280396,-0.0042134546674788,0.5834351181983948,1.109760046005249,-0.058715976774692535,0.39934009313583374,1.0994983911514282,-0.011356302537024021
1916.6666666666667,0.3899884819984436,0.7105029821395874,-2.0606112229870632e-05,0.393749475479126,0.650226354598999,-0.0019188139121979475,0.41114822030067444,0.60275799036026,-0.0070915804244577885,0.43460965156555176,0.5826356410980225,-0.010973203927278519,0.4535983204841614,0.5972636938095093,-0.015919387340545654,0.43226858973503113,0.6295425891876221,-0.01353797409683466,0.45929622650146484,0.6167875528335571,-0.01602284610271454,0.47667086124420166,0.6118303537368774,-0.017801988869905472,0.4900670051574707,0.6119727492332458,-0.020385628566145897,0.4414665699005127,0.6576792597770691,-0.0128566212952137,0.4668864905834198,0.6382128596305847,-0.010999588295817375,0.4793795347213745,0.6262851357460022,-0.00785197876393795,0.4855206608772278,0.6201924085617065,-0.005570630542933941,0.4443204998970032,0.683896005153656,-0.011084139347076416,0.46615520119667053,0.6610360145568848,-0.006978441961109638,0.4669675827026367,0.6453330516815186,-0.0014875009655952454,0.4605845510959625,0.6378512382507324,0.0016753742238506675,0.44292837381362915,0.7078800201416016,-0.011033468879759312,0.46164366602897644,0.6894142627716064,-0.006570642814040184,0.46320223808288574,0.6739884614944458,-0.001192594296298921,0.4579662084579468,0.6647917628288269,0.003708968870341778,0.5723932385444641,0.7969463467597961,-5.173945828573778e-05,0.5397494435310364,0.7957384586334229,-0.0025969764683395624,0.5140368342399597,0.777158260345459,-0.017288537696003914,0.4975733458995819,0.767186164855957,-0.033706508576869965,0.48252564668655396,0.7615909576416016,-0.05601045489311218,0.5183122754096985,0.6920956373214722,-0.015988370403647423,0.5021693706512451,0.6615646481513977,-0.029659824445843697,0.4938037693500519,0.6385438442230225,-0.039661142975091934,0.4870193898677826,0.6195387840270996,-0.0512850396335125,0.532780110836029,0.677854597568512,-0.029424190521240234,0.5050585269927979,0.7013766765594482,-0.05234484001994133,0.5000332593917847,0.7438656687736511,-0.06533186882734299,0.5029153227806091,0.7812097072601318,-0.07305163890123367,0.5482891798019409,0.6820324063301086,-0.04378896206617355,0.5232686996459961,0.7274138927459717,-0.06883025914430618,0.525061845779419,0.7711749076843262,-0.07767651230096817,0.5310227870941162,0.8061959147453308,-0.07849378883838654,0.5635495185852051,0.6972112655639648,-0.05818969011306763,0.5430493950843811,0.7276310920715332,-0.08123983442783356,0.5400062203407288,0.761893630027771,-0.08325085788965225,0.5423697829246521,0.789800226688385,-0.08212167024612427,0.5178227424621582,0.3211607336997986,-0.001384378527291119,0.5351150035858154,0.2765631675720215,0.00017027657304424793,0.546180009841919,0.2777155637741089,0.004858365282416344,0.5571491718292236,0.27902817726135254,0.0020421987865120173,0.5022460222244263,0.27278855443000793,0.006559574045240879,0.4908616542816162,0.2715508043766022,-0.0017275832360610366,0.4797271192073822,0.2703839838504791,-0.0032375752925872803,0.5715059638023376,0.30042824149131775,-0.004736656788736582,0.4601253867149353,0.28864574432373047,-0.0032440098002552986,0.5359635353088379,0.3753257989883423,-0.0007065518875606358,0.4944179952144623,0.37093162536621094,-0.003575146198272705,0.6277909874916077,0.5497303605079651,-0.014887058176100254,0.38711628317832947,0.5343245267868042,0.014769937843084335,0.6999706029891968,0.9070397615432739,-0.021188095211982727,0.31032270193099976,0.8833720684051514,-0.0047860112972557545,0.5819244980812073,0.7578189373016357,-0.43820470571517944,0.3990498185157776,0.7099637985229492,-0.46194207668304443,0.546069860458374,0.7631427645683289,0.0002883367124013603,0.421207070350647,0.7041049599647522,-0.0027223299257457256,0.5300348997116089,0.6976739764213562,0.004574966616928577,0.4342632293701172,0.648094117641449,-0.00014236985589377582,0.5380465984344482,0.7073619961738586,-0.002014164812862873,0.4328276813030243,0.6625589728355408,-0.004204923752695322,0.5838918685913086,1.1088347434997559,-0.0573880597949028,0.3991411328315735,1.0981032848358154,-0.008418170735239983
1933.3333333333333,0.39238807559013367,0.7011620998382568,-2.856794344552327e-05,0.39663252234458923,0.640701949596405,-0.002344071166589856,0.41452279686927795,0.5932751297950745,-0.00812321063131094,0.43844011425971985,0.57142573595047,-0.011617187410593033,0.4561614692211151,0.5853233337402344,-0.01672976091504097,0.4328840374946594,0.612459123134613,-0.0260583758354187,0.45907703042030334,0.598995566368103,-0.03256404772400856,0.47736525535583496,0.5915153622627258,-0.035699352622032166,0.49030470848083496,0.5874324440956116,-0.038978710770606995,0.4419935643672943,0.6433490514755249,-0.02414306253194809,0.4679467976093292,0.628259539604187,-0.022520750761032104,0.4739415645599365,0.6173388361930847,-0.015653641894459724,0.47120988368988037,0.6126490235328674,-0.010624028742313385,0.44499167799949646,0.6720722317695618,-0.020599735900759697,0.4686490595340729,0.6566722393035889,-0.016675405204296112,0.4675816595554352,0.646304190158844,-0.008570361882448196,0.458107590675354,0.6433911323547363,-0.0036282483488321304,0.4437573254108429,0.6974748969078064,-0.018345830962061882,0.4636380076408386,0.6854963898658752,-0.01505456306040287,0.4629495143890381,0.6734014749526978,-0.008445970714092255,0.4549889862537384,0.6678521037101746,-0.0020689580123871565,0.5747231841087341,0.7821946144104004,-4.047697802889161e-05,0.5401721596717834,0.7774922847747803,0.0027812786865979433,0.5136994123458862,0.7589199542999268,-0.010148520581424236,0.49700525403022766,0.747589647769928,-0.026471730321645737,0.4834548532962799,0.7411635518074036,-0.05043438822031021,0.5206769108772278,0.6718126535415649,-0.007412023842334747,0.5052215456962585,0.6439976692199707,-0.01892474852502346,0.4961763918399811,0.6186140775680542,-0.026807347312569618,0.4886763393878937,0.597092866897583,-0.03289873152971268,0.5347511768341064,0.6570521593093872,-0.023102564737200737,0.5073963403701782,0.6741915345191956,-0.04611141234636307,0.5009971261024475,0.7197030186653137,-0.05482245609164238,0.5041939616203308,0.7615833282470703,-0.05783058702945709,0.5504459738731384,0.6600606441497803,-0.0398617684841156,0.5225911140441895,0.6959319710731506,-0.06034955754876137,0.5220350027084351,0.7417742013931274,-0.06415750831365585,0.5276745557785034,0.7804840803146362,-0.060708921402692795,0.5647847056388855,0.676074743270874,-0.05578725412487984,0.5424075126647949,0.6995121836662292,-0.07560914009809494,0.5373075604438782,0.7350621819496155,-0.07535047084093094,0.5391888618469238,0.7654563784599304,-0.07224945724010468,0.5187159776687622,0.32209113240242004,-0.0013587628491222858,0.5364145636558533,0.27790403366088867,0.0001737923448672518,0.5473657250404358,0.27931538224220276,0.0048319208435714245,0.5582212805747986,0.28089070320129395,0.0020515285432338715,0.5037806630134583,0.2734217345714569,0.006647507660090923,0.4924834668636322,0.27193111181259155,-0.001688196207396686,0.4814302325248718,0.2705291509628296,-0.0032815446611493826,0.571837842464447,0.30184125900268555,-0.004718458279967308,0.4614522159099579,0.2881801724433899,-0.0031683212146162987,0.5360034704208374,0.37636950612068176,-0.0008043810375966132,0.49495306611061096,0.3710968792438507,-0.0035411741118878126,0.6269732117652893,0.5493378639221191,-0.014478947967290878,0.3866741955280304,0.5319801568984985,0.01436158549040556,0.7002695798873901,0.9087893962860107,-0.02120291255414486,0.3132525086402893,0.8817892670631409,-0.008485534228384495,0.5831487774848938,0.7527070045471191,-0.44197511672973633,0.40132761001586914,0.6975610852241516,-0.46282055974006653,0.5459811687469482,0.7478407621383667,0.00028778010164387524,0.4256187975406647,0.6826921105384827,-0.0027198169846087694,0.5325860381126404,0.6814418435096741,0.004506457597017288,0.4343332052230835,0.6252503395080566,-0.0001385713112540543,0.5407055020332336,0.6940079927444458,-0.0020952923223376274,0.4330854117870331,0.6420472860336304,-0.004203293938189745,0.5832124352455139,1.1071597337722778,-0.05384763330221176,0.3987780213356018,1.0967395305633545,-0.00786928553134203
1950.0000000000002,0.39538896083831787,0.6974899768829346,-3.0208253519958816e-05,0.39775705337524414,0.6395354270935059,-0.0034160702489316463,0.4147016406059265,0.5906195044517517,-0.009498641826212406,0.43798601627349854,0.5680450201034546,-0.014077313244342804,0.45607197284698486,0.5800047516822815,-0.019456909969449043,0.4361445903778076,0.6096153259277344,-0.018054692074656487,0.46179908514022827,0.5959356427192688,-0.023572728037834167,0.4786153733730316,0.5894374847412109,-0.02726769633591175,0.4907185435295105,0.5873239636421204,-0.031025033444166183,0.4443107843399048,0.6384787559509277,-0.01772029511630535,0.4694385528564453,0.6211889386177063,-0.019159706309437752,0.47566938400268555,0.6104357242584229,-0.018329117447137833,0.47399717569351196,0.6076053380966187,-0.017522819340229034,0.44683438539505005,0.6660938262939453,-0.016648149117827415,0.4693598449230194,0.6500273942947388,-0.01507880911231041,0.46746179461479187,0.6419453024864197,-0.010793653316795826,0.4581969380378723,0.6420270800590515,-0.008767738938331604,0.4453628659248352,0.6917603611946106,-0.01676051877439022,0.4644327163696289,0.6795904040336609,-0.014897238463163376,0.46343252062797546,0.6695118546485901,-0.010651940479874611,0.4557459354400635,0.6657399535179138,-0.006974029820412397,0.5695730447769165,0.7818593978881836,-5.6616994697833434e-05,0.5383375883102417,0.7791608572006226,-0.0030923420563340187,0.5133666396141052,0.7595053911209106,-0.015366487205028534,0.49673157930374146,0.7454235553741455,-0.029040692374110222,0.48296019434928894,0.732236385345459,-0.04748806357383728,0.5184615254402161,0.6746522188186646,-0.011900266632437706,0.5033140778541565,0.6392794847488403,-0.023451274260878563,0.49513959884643555,0.6135034561157227,-0.03149272873997688,0.4875861704349518,0.5923447012901306,-0.041352201253175735,0.5329058170318604,0.6600874662399292,-0.024270113557577133,0.5048483610153198,0.674336314201355,-0.044648922979831696,0.4989200830459595,0.7155410051345825,-0.058172330260276794,0.5015264749526978,0.7538725733757019,-0.06627257168292999,0.5483953952789307,0.66279137134552,-0.037767909467220306,0.5217035412788391,0.6984735727310181,-0.06108782812952995,0.52242511510849,0.7424387335777283,-0.07078222930431366,0.5278158783912659,0.7790029048919678,-0.07202839851379395,0.5634121894836426,0.6771849989891052,-0.05110197141766548,0.5413640737533569,0.7017008066177368,-0.07431123405694962,0.5367039442062378,0.735779881477356,-0.07716374099254608,0.5379474759101868,0.7644360661506653,-0.07608602941036224,0.5186774730682373,0.32267850637435913,-0.001349714701063931,0.5364707112312317,0.27847713232040405,0.00017541293345857412,0.5473979115486145,0.2799481451511383,0.004812281578779221,0.5582305192947388,0.28157830238342285,0.00205652741715312,0.5039064288139343,0.2737791836261749,0.006692111492156982,0.4926283359527588,0.2721998989582062,-0.0016679780092090368,0.48159199953079224,0.2707137167453766,-0.003311135806143284,0.5717340111732483,0.30212676525115967,-0.004710440989583731,0.46155861020088196,0.28811144828796387,-0.0031006629578769207,0.535802960395813,0.37685471773147583,-0.0008815866895020008,0.49487510323524475,0.37131038308143616,-0.0035287525970488787,0.6267618536949158,0.5492726564407349,-0.014309478923678398,0.3865680992603302,0.5299178957939148,0.014195341616868973,0.7007418870925903,0.9094982147216797,-0.02973381243646145,0.3134796917438507,0.8808017373085022,-0.013249468058347702,0.5832200646400452,0.7436001300811768,-0.45218682289123535,0.4016658067703247,0.6925573348999023,-0.4675835072994232,0.5453885197639465,0.737593948841095,0.00028769203345291317,0.42708462476730347,0.6771153211593628,-0.0027167859952896833,0.5326151847839355,0.6712563633918762,0.00447410112246871,0.43505120277404785,0.6193485856056213,-0.00013564896653406322,0.5407065153121948,0.6849092245101929,-0.0021746624261140823,0.4336104989051819,0.63667893409729,-0.004197027068585157,0.5830901861190796,1.1071356534957886,-0.05015615001320839,0.3987557590007782,1.0942182540893555,-0.004414294380694628
1966.6666666666667,0.39740484952926636,0.6976224184036255,-3.052562533412129e-05,0.39826500415802,0.6404315233230591,-0.00591061357408762,0.4141521155834198,0.591353178024292,-0.013424853794276714,0.4373987317085266,0.5696259140968323,-0.01890757866203785,0.45585447549819946,0.5796690583229065,-0.025150839239358902,0.4346732199192047,0.6069563627243042,-0.01901395060122013,0.4619090259075165,0.5944714546203613,-0.024649007245898247,0.4794878363609314,0.5902605652809143,-0.029398048296570778,0.4924817681312561,0.5893900394439697,-0.03428829461336136,0.4428533911705017,0.6361608505249023,-0.01715327426791191,0.46855437755584717,0.6201374530792236,-0.01813349686563015,0.47178977727890015,0.6141588687896729,-0.01763876900076866,0.46755528450012207,0.614855945110321,-0.01761588267982006,0.4459812641143799,0.663947582244873,-0.014958740212023258,0.46828314661979675,0.649742603302002,-0.013856553472578526,0.4650118947029114,0.6461992263793945,-0.011605456471443176,0.4546636641025543,0.6497617363929749,-0.01117133442312479,0.44576555490493774,0.6902231574058533,-0.013536136597394943,0.46451064944267273,0.6779921054840088,-0.011424037627875805,0.46234357357025146,0.6715601086616516,-0.00796228926628828,0.4537532329559326,0.6710144281387329,-0.0054583000019192696,0.5687333345413208,0.7806457281112671,-5.394444815465249e-05,0.5381391048431396,0.7785937786102295,-0.0038989249151200056,0.512706458568573,0.7575229406356812,-0.01619960367679596,0.49651411175727844,0.744740903377533,-0.030330000445246696,0.48183009028434753,0.7356798052787781,-0.04957841709256172,0.5192292928695679,0.6737489104270935,-0.013849579729139805,0.5030885934829712,0.6374121308326721,-0.026128580793738365,0.4942331612110138,0.6136783361434937,-0.03505899757146835,0.4865218698978424,0.5949195623397827,-0.045795559883117676,0.5336977243423462,0.6598604917526245,-0.026112141087651253,0.504886269569397,0.6757663488388062,-0.04826546460390091,0.49992671608924866,0.7184024453163147,-0.06181645393371582,0.5030537843704224,0.7574372887611389,-0.0700109675526619,0.5490384101867676,0.6627230048179626,-0.03952643275260925,0.5215372443199158,0.6988632082939148,-0.0655178651213646,0.5227758288383484,0.7432734966278076,-0.0754203349351883,0.5283169150352478,0.7800689339637756,-0.07633938640356064,0.5641370415687561,0.6764249205589294,-0.05291512981057167,0.5420441627502441,0.7011839747428894,-0.07699739187955856,0.538414478302002,0.7353308200836182,-0.08035647869110107,0.5401737093925476,0.7633669972419739,-0.07962485402822495,0.5183374285697937,0.3232959508895874,-0.0013491939753293991,0.5361031889915466,0.278890997171402,0.0001900527422549203,0.5470574498176575,0.28031691908836365,0.004796580411493778,0.557917594909668,0.28189617395401,0.0020616170950233936,0.5035185217857361,0.274230420589447,0.006750758271664381,0.49223077297210693,0.2726273238658905,-0.0016561562661081553,0.4811848998069763,0.27111148834228516,-0.0033457581885159016,0.5715820789337158,0.3021983206272125,-0.00470169959589839,0.46135497093200684,0.28814008831977844,-0.003030652878805995,0.5356588363647461,0.37723231315612793,-0.0009699995280243456,0.49468231201171875,0.37172654271125793,-0.003510589711368084,0.6267372965812683,0.549626350402832,-0.013794966042041779,0.3866988718509674,0.5289250016212463,0.013687986880540848,0.700801432132721,0.9121100306510925,-0.03274169936776161,0.31375062465667725,0.8806425333023071,-0.016965631395578384,0.5831966996192932,0.7426596283912659,-0.45528915524482727,0.40178340673446655,0.6889000535011292,-0.47010067105293274,0.5449660420417786,0.7364968657493591,0.000287390110315755,0.4283332824707031,0.6739535927772522,-0.0027165848296135664,0.5327023267745972,0.6701070666313171,0.0044423541985452175,0.43619826436042786,0.6157322525978088,-0.00013307422341313213,0.5409123301506042,0.6838151812553406,-0.0022532844450324774,0.4345061182975769,0.6333182454109192,-0.00419419351965189,0.5829708576202393,1.1070728302001953,-0.05296320468187332,0.3986058235168457,1.093946933746338,-0.007121088448911905
1983.3333333333335,0.39638426899909973,0.6950988173484802,-4.826520671485923e-05,0.3967575132846832,0.6328806281089783,-0.0014930926263332367,0.4130774736404419,0.5862847566604614,-0.010066702961921692,0.43666645884513855,0.5631612539291382,-0.01412084512412548,0.45616307854652405,0.571252703666687,-0.02075488679111004,0.419568806886673,0.6020617485046387,-0.05603359639644623,0.45374682545661926,0.588058590888977,-0.06775824725627899,0.47633591294288635,0.5807639956474304,-0.06768333911895752,0.49162665009498596,0.5765752196311951,-0.0660284012556076,0.43095168471336365,0.6358883380889893,-0.0502944216132164,0.4675143361091614,0.61185622215271,-0.04465433582663536,0.47793081402778625,0.596086859703064,-0.019728323444724083,0.47825226187705994,0.5856372714042664,-0.0011980176204815507,0.4398713707923889,0.6646882891654968,-0.04209655150771141,0.47286316752433777,0.6353854537010193,-0.037184879183769226,0.47784656286239624,0.6203655004501343,-0.01467258669435978,0.47311916947364807,0.6122450828552246,0.00153718504589051,0.44518107175827026,0.6874310374259949,-0.03380774334073067,0.4697503447532654,0.660804271697998,-0.025050895288586617,0.4730164706707001,0.6447330117225647,-0.00828358344733715,0.46940046548843384,0.6354445815086365,0.0055373176001012325,0.572352409362793,0.765055775642395,-3.9101516449591145e-05,0.5370508432388306,0.757337212562561,0.0017359908670186996,0.5109715461730957,0.737942636013031,-0.010668848641216755,0.49411532282829285,0.7254475951194763,-0.026207415387034416,0.48261573910713196,0.7157819271087646,-0.04809858649969101,0.5207194685935974,0.6514597535133362,-0.00654186774045229,0.5045842528343201,0.6258229613304138,-0.01957758329808712,0.4953434467315674,0.6064919829368591,-0.027693642303347588,0.4877573847770691,0.5911678671836853,-0.033293530344963074,0.5350624322891235,0.6381338238716125,-0.020777123048901558,0.507405161857605,0.6540029644966125,-0.042287349700927734,0.5000935792922974,0.6962116956710815,-0.052313413470983505,0.5019726753234863,0.736465334892273,-0.056409794837236404,0.5503569841384888,0.6419617533683777,-0.036969542503356934,0.5220550894737244,0.6764536499977112,-0.05600839853286743,0.5206210017204285,0.721329927444458,-0.060602325946092606,0.5249499082565308,0.7590276598930359,-0.05862310901284218,0.5645534992218018,0.658067524433136,-0.052500803023576736,0.541709840297699,0.6773520112037659,-0.07258306443691254,0.5355281233787537,0.7111578583717346,-0.07419031113386154,0.5361027121543884,0.7419883012771606,-0.07250488549470901,0.518330991268158,0.3233966827392578,-0.0013462090864777565,0.5361030101776123,0.2791358232498169,0.00019768328638747334,0.5470504760742188,0.2805735468864441,0.00478392094373703,0.5579060316085815,0.28215739130973816,0.002069359878078103,0.503508448600769,0.2744181156158447,0.006838181987404823,0.4922187626361847,0.27278605103492737,-0.0016483806539326906,0.4811726212501526,0.27123790979385376,-0.003378466470167041,0.5716634392738342,0.3023851215839386,-0.004694412928074598,0.46136972308158875,0.2882497012615204,-0.002934257499873638,0.535654604434967,0.3773454427719116,-0.0010750293731689453,0.4946841597557068,0.371748685836792,-0.00350598874501884,0.627168595790863,0.5497209429740906,-0.013733125291764736,0.38673025369644165,0.5292456150054932,0.013624904677271843,0.7016728520393372,0.9124400615692139,-0.04402310401201248,0.3136933147907257,0.8802459836006165,-0.020297350361943245,0.5831865668296814,0.7246679067611694,-0.46251147985458374,0.4003211557865143,0.6861715912818909,-0.4752102494239807,0.5432446002960205,0.7157316207885742,0.00028630238375626504,0.4254797101020813,0.6736744046211243,-0.00271710311062634,0.5317186713218689,0.6500251889228821,0.00443415530025959,0.4343899190425873,0.6142576336860657,-0.00011881200043717399,0.5403605103492737,0.6662691831588745,-0.0023587944451719522,0.43294692039489746,0.6319791078567505,-0.004181575961410999,0.5830954909324646,1.1078081130981445,-0.06461922079324722,0.39854133129119873,1.0934784412384033,-0.019477106630802155
2000.0,0.3963352143764496,0.692267894744873,-4.365584391052835e-05,0.39799728989601135,0.6343632340431213,-0.0017824366223067045,0.41381144523620605,0.5872963666915894,-0.010372663848102093,0.4360935389995575,0.5663715600967407,-0.014704103581607342,0.4533878266811371,0.5734488368034363,-0.0213647298514843,0.4184388816356659,0.5963056087493896,-0.052998147904872894,0.4516628086566925,0.5852494835853577,-0.06052684783935547,0.4733554422855377,0.57896488904953,-0.05801071971654892,0.4877817630767822,0.5746034383773804,-0.0548502653837204,0.4286755621433258,0.6306009292602539,-0.04775753989815712,0.4658477306365967,0.6137023568153381,-0.040281567722558975,0.47675514221191406,0.6025993824005127,-0.014051144942641258,0.4779990613460541,0.5922110676765442,0.005526688415557146,0.4368014633655548,0.6614589095115662,-0.04019409045577049,0.46951359510421753,0.637681782245636,-0.03333337604999542,0.4753325581550598,0.6254116296768188,-0.011864195577800274,0.4718536138534546,0.6167579889297485,0.003070566803216934,0.442349910736084,0.6863739490509033,-0.03187224641442299,0.4669056236743927,0.6631629467010498,-0.022219732403755188,0.47038158774375916,0.6500155925750732,-0.0058355205692350864,0.4677331745624542,0.6412212252616882,0.00720761064440012,0.5664764046669006,0.7649722695350647,-5.659201633534394e-05,0.5361608862876892,0.7597711086273193,-0.002804270014166832,0.511255145072937,0.7391184568405151,-0.015066131018102169,0.49495863914489746,0.7256046533584595,-0.028842229396104813,0.4831240773200989,0.7116673588752747,-0.047207098454236984,0.5184178948402405,0.6558038592338562,-0.009572148323059082,0.5040997862815857,0.6213085055351257,-0.0207844115793705,0.49642670154571533,0.595844566822052,-0.02850550040602684,0.48888736963272095,0.5752114057540894,-0.0383019857108593,0.5329017639160156,0.6425153613090515,-0.022268204018473625,0.5048338770866394,0.6561291813850403,-0.04378578066825867,0.4981876611709595,0.6977411508560181,-0.05790459364652634,0.5000035762786865,0.7362837791442871,-0.0654909536242485,0.5481775403022766,0.6459544897079468,-0.03610694780945778,0.5209571719169617,0.677104115486145,-0.05933922529220581,0.5202928781509399,0.7215139865875244,-0.06842349469661713,0.5243165493011475,0.758513331413269,-0.06902633607387543,0.5630038380622864,0.6604111194610596,-0.04992930591106415,0.5403895974159241,0.6801273822784424,-0.07300276309251785,0.5344212055206299,0.7135456800460815,-0.07567670196294785,0.5347039699554443,0.7419570088386536,-0.07417215406894684,0.518351674079895,0.32334667444229126,-0.0013316813856363297,0.5361565947532654,0.2791350185871124,0.00019850967510137707,0.5471174716949463,0.2805800437927246,0.004779836628586054,0.5579879879951477,0.2821729779243469,0.0020728756207972765,0.5035421848297119,0.27441760897636414,0.006876122672110796,0.492250919342041,0.27278634905815125,-0.0016298858681693673,0.48120057582855225,0.2712390422821045,-0.0033971841912716627,0.5719283223152161,0.30255696177482605,-0.004682851489633322,0.4614504277706146,0.2882591187953949,-0.0028645789716392756,0.5357497334480286,0.3773438334465027,-0.0011030155001208186,0.4947751760482788,0.37173178791999817,-0.0034987186081707478,0.6275610327720642,0.5500280261039734,-0.013726030476391315,0.38698267936706543,0.5293800830841064,0.013618326745927334,0.7021760940551758,0.9126229882240295,-0.04579051956534386,0.31361404061317444,0.8802552819252014,-0.021989621222019196,0.5831740498542786,0.7221572995185852,-0.4631357789039612,0.39881259202957153,0.6839702725410461,-0.4756617546081543,0.5421654582023621,0.7147395014762878,0.0002850848832167685,0.4253273904323578,0.6720234155654907,-0.0027171100955456495,0.531047523021698,0.6483291387557983,0.004427322652190924,0.4340658485889435,0.611548125743866,-0.00010911717981798574,0.5399957299232483,0.6644385457038879,-0.0024201113265007734,0.43240171670913696,0.6294521689414978,-0.00416886992752552,0.5835006237030029,1.1083686351776123,-0.06470721960067749,0.3984792232513428,1.0934224128723145,-0.019772261381149292
2016.6666666666665,0.39553213119506836,0.6844782829284668,-5.1899420213885605e-05,0.3970767855644226,0.6299231648445129,-0.00440830597653985,0.41511982679367065,0.5874483585357666,-0.01865553855895996,0.4393140971660614,0.5688586235046387,-0.026960061863064766,0.4585139751434326,0.5766845345497131,-0.038485243916511536,0.414053738117218,0.5898491740226746,-0.07360391318798065,0.45081472396850586,0.5758163332939148,-0.08365951478481293,0.47297656536102295,0.569666862487793,-0.07786686718463898,0.48761802911758423,0.5666446089744568,-0.0710783526301384,0.4233705997467041,0.6247174739837646,-0.06778182089328766,0.4620821177959442,0.6065518260002136,-0.06603062897920609,0.47601428627967834,0.5967105031013489,-0.036594294011592865,0.4803107976913452,0.5886244773864746,-0.015501903370022774,0.43232592940330505,0.6578825116157532,-0.05895598977804184,0.467355340719223,0.6340190172195435,-0.05391706898808479,0.47592318058013916,0.62187260389328,-0.028718646615743637,0.474470853805542,0.6155105829238892,-0.011729195713996887,0.44039037823677063,0.6833359599113464,-0.04935813322663307,0.4658068120479584,0.658231794834137,-0.03829529508948326,0.4692707061767578,0.6450667381286621,-0.018145667389035225,0.46699172258377075,0.6381091475486755,-0.0024184570647776127,0.5700679421424866,0.75449538230896,-3.9014539652271196e-05,0.5367069840431213,0.7449772953987122,-0.0009680401417426765,0.5122592449188232,0.7241637110710144,-0.014989499934017658,0.4952424168586731,0.7098580598831177,-0.030815962702035904,0.4822085201740265,0.697304368019104,-0.05246496945619583,0.5217081904411316,0.6408162713050842,-0.010435398668050766,0.5078446865081787,0.6105071306228638,-0.022347774356603622,0.4991437792778015,0.5845538377761841,-0.03107202798128128,0.4907439351081848,0.5626509189605713,-0.039938926696777344,0.5356864333152771,0.6292095184326172,-0.024032974615693092,0.5065944790840149,0.6400096416473389,-0.04630887135863304,0.4968794286251068,0.6783086657524109,-0.057868313044309616,0.49588826298713684,0.7166122794151306,-0.06422711163759232,0.5500898361206055,0.6350573301315308,-0.039183761924505234,0.5206772685050964,0.6697153449058533,-0.06061869487166405,0.5193392038345337,0.7132527828216553,-0.06681960821151733,0.5236068964004517,0.7499572038650513,-0.06587644666433334,0.5633575320243835,0.6529980897903442,-0.05367402732372284,0.5390417575836182,0.6737635731697083,-0.07516901940107346,0.5328556895256042,0.7066015005111694,-0.07592611014842987,0.5332760810852051,0.7355451583862305,-0.07345447689294815,0.518379807472229,0.3226683437824249,-0.0013258622493594885,0.5361066460609436,0.2789861857891083,0.00019898217578884214,0.5470713376998901,0.28046923875808716,0.00477973185479641,0.5579457879066467,0.2820982038974762,0.0020766633097082376,0.503464937210083,0.274242103099823,0.006908256094902754,0.49217489361763,0.2726340889930725,-0.0016145061235874891,0.4811290502548218,0.2711111009120941,-0.0034142727963626385,0.5718418955802917,0.30255845189094543,-0.004663203377276659,0.46137380599975586,0.28827396035194397,-0.0028106202371418476,0.5357635617256165,0.37707436084747314,-0.00110472715459764,0.4948081076145172,0.3714342415332794,-0.003496588673442602,0.6277100443840027,0.549733579158783,-0.014324978925287724,0.3867405951023102,0.5293087363243103,0.014215904287993908,0.7024393081665039,0.9110737442970276,-0.0486854612827301,0.3122635781764984,0.8802640438079834,-0.019616613164544106,0.5826917886734009,0.7121992707252502,-0.4601532518863678,0.3930129110813141,0.6865261197090149,-0.4740886092185974,0.540254533290863,0.7062485814094543,0.00027948294882662594,0.42241427302360535,0.6772321462631226,-0.002714612754061818,0.5293201208114624,0.6384260058403015,0.0044229826889932156,0.4298344552516937,0.614006757736206,-9.779703395906836e-05,0.5386743545532227,0.654835045337677,-0.002472211606800556,0.42789366841316223,0.6310798525810242,-0.004152433946728706,0.5840682983398438,1.1076699495315552,-0.059264060109853745,0.398587167263031,1.0926059484481812,-0.011414822190999985
2033.3333333333333,0.3972432315349579,0.6837572455406189,-4.6594439481850713e-05,0.39681684970855713,0.6295921206474304,-0.00920498464256525,0.4147503077983856,0.5877280235290527,-0.024647071957588196,0.4395701289176941,0.5716872215270996,-0.03202999383211136,0.45921510457992554,0.580643892288208,-0.041484855115413666,0.4129562973976135,0.5919342041015625,-0.08334548771381378,0.4498279392719269,0.5755943655967712,-0.097255177795887,0.47230827808380127,0.5676159858703613,-0.09514555335044861,0.48775145411491394,0.5618495941162109,-0.09069361537694931,0.4244111180305481,0.6260833740234375,-0.07428242266178131,0.4632304906845093,0.6028029918670654,-0.07505453377962112,0.4764809310436249,0.5898330211639404,-0.0474645160138607,0.48061972856521606,0.5806635022163391,-0.027802633121609688,0.43505412340164185,0.6573475003242493,-0.06201623007655144,0.4699983596801758,0.6288661956787109,-0.05792851001024246,0.47452259063720703,0.6150159239768982,-0.03122919239103794,0.46996548771858215,0.6094492077827454,-0.012736896052956581,0.44364941120147705,0.6804748177528381,-0.04953073337674141,0.4676923155784607,0.6515008807182312,-0.03981321305036545,0.46875858306884766,0.6362225413322449,-0.019583292305469513,0.4645654857158661,0.6293758749961853,-0.003606569953262806,0.5668696761131287,0.7538700699806213,-4.166015060036443e-05,0.535589337348938,0.7457817792892456,-0.0016968987183645368,0.5118592381477356,0.7233117818832397,-0.014517889358103275,0.495683491230011,0.7069379687309265,-0.028582926839590073,0.4819311797618866,0.6896419525146484,-0.04676342383027077,0.519201934337616,0.6426926255226135,-0.008839827962219715,0.5065417885780334,0.6077686548233032,-0.02016562595963478,0.4990975856781006,0.5823827981948853,-0.02884295955300331,0.49190905690193176,0.5598536133766174,-0.03923458978533745,0.5333624482154846,0.6312146186828613,-0.022246766835451126,0.5047379732131958,0.6388695240020752,-0.04351143538951874,0.49454617500305176,0.6748780012130737,-0.057325370609760284,0.4927327632904053,0.7110019326210022,-0.0651669055223465,0.547829270362854,0.6359577178955078,-0.03697560727596283,0.5202357769012451,0.6703265905380249,-0.06178348883986473,0.5184894800186157,0.7124494314193726,-0.07162300497293472,0.5218321681022644,0.7479352951049805,-0.07254215329885483,0.56166672706604,0.6520459055900574,-0.051046788692474365,0.5381727814674377,0.675820529460907,-0.07429332286119461,0.5320586562156677,0.7082969546318054,-0.0761922150850296,0.5317140817642212,0.7354739308357239,-0.07371295243501663,0.5184604525566101,0.32173460721969604,-0.0013238410465419292,0.5362131595611572,0.27857303619384766,0.0001994334888877347,0.5471938252449036,0.2800774872303009,0.004770661238580942,0.5580847859382629,0.28172534704208374,0.0020775587763637304,0.503523051738739,0.2738765776157379,0.006927554961293936,0.49223393201828003,0.27232322096824646,-0.0016130475560203195,0.48119330406188965,0.2708483934402466,-0.003416352206841111,0.5719929337501526,0.3026489317417145,-0.004633800592273474,0.4614582657814026,0.28821349143981934,-0.0027782400138676167,0.5358237028121948,0.37660959362983704,-0.001113551203161478,0.49488499760627747,0.3710097372531891,-0.0034768758341670036,0.627992570400238,0.5491877198219299,-0.014686123467981815,0.3865298628807068,0.5292115211486816,0.014576772227883339,0.703456461429596,0.9080412983894348,-0.05116511136293411,0.3105928301811218,0.8804336190223694,-0.019679570570588112,0.5817810893058777,0.7083895206451416,-0.46109655499458313,0.39101532101631165,0.6863975524902344,-0.4743000268936157,0.5385907292366028,0.7030647993087769,0.00027403474086895585,0.42094945907592773,0.6776140928268433,-0.0027121547609567642,0.5270684361457825,0.635024905204773,0.004404269624501467,0.4285850524902344,0.613483726978302,-9.041060548042879e-05,0.536702573299408,0.6515410542488098,-0.002508559264242649,0.4264713525772095,0.630548357963562,-0.004138006828725338,0.5849284529685974,1.1070929765701294,-0.058974090963602066,0.3986743688583374,1.0918262004852295,-0.008805577643215656
2050.0000000000005,0.3983183205127716,0.6831014156341553,-4.612703196471557e-05,0.3972536027431488,0.6303004026412964,-0.010193352587521076,0.4146256744861603,0.5893598794937134,-0.025424029678106308,0.43867090344429016,0.5740280151367188,-0.03244772553443909,0.457851767539978,0.5826689004898071,-0.041651248931884766,0.41291099786758423,0.5912148952484131,-0.08267126977443695,0.4489440619945526,0.5742477774620056,-0.0977095440030098,0.47171080112457275,0.5666210651397705,-0.09733015298843384,0.4878401756286621,0.5610836148262024,-0.09351679682731628,0.42378634214401245,0.6250485777854919,-0.0733300969004631,0.46209916472435,0.6028610467910767,-0.07491470128297806,0.4762685000896454,0.5914618968963623,-0.04882407560944557,0.4813157916069031,0.58279949426651,-0.030234308913350105,0.43391862511634827,0.6562796831130981,-0.06103646755218506,0.4689938426017761,0.6309019327163696,-0.058346331119537354,0.4758147895336151,0.6172861456871033,-0.034304603934288025,0.4733341336250305,0.610548734664917,-0.01752123236656189,0.44232991337776184,0.679614782333374,-0.04862622544169426,0.4663761556148529,0.6533464193344116,-0.039955396205186844,0.4683665335178375,0.6388304829597473,-0.021372538059949875,0.4652334451675415,0.6313103437423706,-0.006612686440348625,0.5666980743408203,0.7531061768531799,-3.855960312648676e-05,0.5357262492179871,0.7454720735549927,-0.0022378270514309406,0.5117572546005249,0.7221089005470276,-0.014798302203416824,0.4953928291797638,0.7064160108566284,-0.028569620102643967,0.4815858006477356,0.6911358833312988,-0.04652322828769684,0.5194146037101746,0.6417823433876038,-0.009497922845184803,0.5062768459320068,0.6062681674957275,-0.021144703030586243,0.4985855519771576,0.5811980366706848,-0.02981625124812126,0.49089157581329346,0.5592660307884216,-0.04045901075005531,0.5337607860565186,0.6308473944664001,-0.022985141724348068,0.5047703981399536,0.642005443572998,-0.04410971701145172,0.49533888697624207,0.6798053979873657,-0.058117881417274475,0.4938609302043915,0.7164161205291748,-0.06618881225585938,0.5482797026634216,0.6362083554267883,-0.037909653037786484,0.5202652812004089,0.6710972785949707,-0.06373116374015808,0.519170880317688,0.7137184143066406,-0.07466183602809906,0.5227864384651184,0.7495929598808289,-0.0761052593588829,0.562204122543335,0.6523188948631287,-0.05231911689043045,0.5384964346885681,0.6748886704444885,-0.07647880166769028,0.5321474671363831,0.7067993879318237,-0.07934534549713135,0.5312410593032837,0.7341998219490051,-0.0774669349193573,0.518500030040741,0.321377158164978,-0.0013210048200562596,0.5363243222236633,0.27842462062835693,0.00020079861860722303,0.5473219156265259,0.27994945645332336,0.0047645908780395985,0.5582298040390015,0.2816152274608612,0.0020784172229468822,0.503611147403717,0.27372512221336365,0.006940146908164024,0.4923262596130371,0.27218887209892273,-0.001612430321983993,0.4812917411327362,0.27072831988334656,-0.0034190677106380463,0.5722058415412903,0.3027755618095398,-0.004610803909599781,0.46164506673812866,0.28818127512931824,-0.002753731096163392,0.5358922481536865,0.376506507396698,-0.0011159838177263737,0.4949565529823303,0.37087777256965637,-0.003464095527306199,0.628284215927124,0.5490385890007019,-0.015134847722947598,0.3865651786327362,0.5291687846183777,0.015021982602775097,0.704181969165802,0.9073686003684998,-0.05301017314195633,0.30990326404571533,0.8806086182594299,-0.01945386454463005,0.5816215872764587,0.7073985934257507,-0.4614543914794922,0.3901849389076233,0.6867554783821106,-0.4744342267513275,0.5381900668144226,0.7018392086029053,0.00026928680017590523,0.4199382960796356,0.6779523491859436,-0.002710185945034027,0.526598334312439,0.6337966322898865,0.004386498127132654,0.4277476370334625,0.6137410998344421,-8.144218736561015e-05,0.5362719893455505,0.650416910648346,-0.002533039776608348,0.42565444111824036,0.6308245062828064,-0.00412735203281045,0.5854528546333313,1.1070022583007812,-0.05748077109456062,0.3988473415374756,1.0915659666061401,-0.00859885849058628
2066.666666666667,0.3931630849838257,0.682020902633667,-3.092092083534226e-05,0.39620792865753174,0.6309358477592468,-0.0036158740986138582,0.41728317737579346,0.5985825061798096,-0.01762489788234234,0.44105976819992065,0.5928931832313538,-0.02568885311484337,0.4570889472961426,0.5981195569038391,-0.03439490869641304,0.4119928479194641,0.5931540727615356,-0.06675407290458679,0.443806529045105,0.5689467191696167,-0.0826699286699295,0.46379387378692627,0.5551412105560303,-0.08695027232170105,0.4794073700904846,0.545190691947937,-0.0893624946475029,0.41998353600502014,0.6251917481422424,-0.06457673758268356,0.45811009407043457,0.6090384721755981,-0.06945658475160599,0.4649946689605713,0.6077606678009033,-0.0507080964744091,0.462883323431015,0.6103943586349487,-0.04009005427360535,0.4272802174091339,0.6584476828575134,-0.05954114720225334,0.4620276093482971,0.6402646899223328,-0.05610830336809158,0.4581815302371979,0.6371455192565918,-0.0374099537730217,0.4478033185005188,0.6407430171966553,-0.029671665281057358,0.43346425890922546,0.6881284117698669,-0.055223267525434494,0.45528721809387207,0.6667892336845398,-0.04511769488453865,0.4513550400733948,0.6615778207778931,-0.029491065070033073,0.44336971640586853,0.6643429398536682,-0.02244930900633335,0.5652761459350586,0.7477890253067017,-3.7797541153850034e-05,0.5341642498970032,0.7300811409950256,-0.003393976716324687,0.5112903118133545,0.7060478329658508,-0.021816959604620934,0.49505650997161865,0.6911897659301758,-0.04097574204206467,0.4812794327735901,0.677851140499115,-0.06367579102516174,0.5248671770095825,0.6239949464797974,-0.024515299126505852,0.5144107937812805,0.5855891704559326,-0.04199740290641785,0.50618577003479,0.5541598796844482,-0.053360700607299805,0.49612319469451904,0.5247768759727478,-0.06651816517114639,0.5409006476402283,0.6212247014045715,-0.038310304284095764,0.5096991658210754,0.6315121650695801,-0.06563841551542282,0.49548134207725525,0.667628288269043,-0.0754394680261612,0.48825526237487793,0.7005683779716492,-0.08072422444820404,0.5537239909172058,0.636365532875061,-0.053224846720695496,0.5217637419700623,0.6662098169326782,-0.07815569639205933,0.5140406489372253,0.7033740282058716,-0.08199789375066757,0.5119630098342896,0.7350411415100098,-0.07988401502370834,0.5641068816184998,0.6620451211929321,-0.06772028654813766,0.5384005308151245,0.6819923520088196,-0.08750095963478088,0.5285296440124512,0.707187294960022,-0.08560200780630112,0.5249766111373901,0.728341817855835,-0.0816405713558197,0.5187974572181702,0.3208707571029663,-0.0013002469204366207,0.5365262627601624,0.27815118432044983,0.00021416567324195057,0.5475566387176514,0.279712438583374,0.0047612423077225685,0.5584972500801086,0.2814105153083801,0.002079595113173127,0.5036952495574951,0.2734522223472595,0.006944664288312197,0.4923194348812103,0.271955281496048,-0.001585288206115365,0.48119261860847473,0.2705298066139221,-0.0034212851896882057,0.5721210837364197,0.30289891362190247,-0.00459037022665143,0.4612400233745575,0.28829482197761536,-0.002733617788180709,0.5361200571060181,0.37649306654930115,-0.001133300014771521,0.4949720501899719,0.37087398767471313,-0.0034531685523688793,0.6283987760543823,0.550189733505249,-0.015037279576063156,0.3853524327278137,0.5292302966117859,0.01492808386683464,0.7031300067901611,0.9107788801193237,-0.05808771029114723,0.30905604362487793,0.881550133228302,-0.01967206969857216,0.5800405144691467,0.7027959227561951,-0.46371325850486755,0.3867645561695099,0.6878688335418701,-0.47431546449661255,0.5358018279075623,0.68943852186203,0.00026766187511384487,0.4194179177284241,0.6782758831977844,-0.002702337922528386,0.5263394713401794,0.6211265921592712,0.004376648459583521,0.4249070882797241,0.6123763918876648,-7.155870844144374e-05,0.5357213020324707,0.6397224068641663,-0.002581059467047453,0.42243286967277527,0.6294117569923401,-0.0041227382607758045,0.585918128490448,1.109421730041504,-0.03173462301492691,0.3990707993507385,1.0933985710144043,0.016371777281165123
2083.3333333333335,0.39272773265838623,0.6825716495513916,-2.6372859792900272e-05,0.39606085419654846,0.6305885314941406,0.0018635482992976904,0.4183993637561798,0.5973595976829529,-0.009583696722984314,0.4434035122394562,0.5911906957626343,-0.016660179942846298,0.459555447101593,0.5948657989501953,-0.024502495303750038,0.4123321771621704,0.5897136330604553,-0.05845511704683304,0.44423967599868774,0.5672125816345215,-0.07037599384784698,0.46409955620765686,0.5545552968978882,-0.07259257137775421,0.4795816242694855,0.544937014579773,-0.07376381754875183,0.42003610730171204,0.6230451464653015,-0.05855656415224075,0.45882511138916016,0.609280526638031,-0.05915006995201111,0.4626784026622772,0.6104966998100281,-0.03796706721186638,0.45820027589797974,0.6126751899719238,-0.02530883625149727,0.4266831874847412,0.6579546928405762,-0.05547960102558136,0.46176743507385254,0.641819953918457,-0.05015227943658829,0.4577879309654236,0.6397318840026855,-0.03141915798187256,0.447744756937027,0.642690896987915,-0.023148536682128906,0.43210896849632263,0.6892125606536865,-0.05263098329305649,0.45410090684890747,0.6698622107505798,-0.041644446551799774,0.4500572085380554,0.6649833917617798,-0.02620781771838665,0.44229865074157715,0.6666778326034546,-0.01884842850267887,0.5670713782310486,0.7438889741897583,-4.907790571451187e-05,0.5345535278320312,0.7299898862838745,-0.002059812657535076,0.5107420086860657,0.7047827839851379,-0.018391814082860947,0.49367907643318176,0.6889623403549194,-0.03567477688193321,0.4788256287574768,0.6769475340843201,-0.054715003818273544,0.5236469507217407,0.6228046417236328,-0.02706766687333584,0.5105358362197876,0.5819288492202759,-0.044444553554058075,0.5017533898353577,0.5540004372596741,-0.05754439905285835,0.4924580156803131,0.5286227464675903,-0.07156555354595184,0.5397740602493286,0.6184931993484497,-0.041637834161520004,0.5071403384208679,0.6308803558349609,-0.06533677130937576,0.4937991499900818,0.6668624877929688,-0.07606474310159683,0.4876246154308319,0.6995388865470886,-0.08366725593805313,0.552539050579071,0.6327466368675232,-0.05659371241927147,0.5191065669059753,0.6656932830810547,-0.08169303834438324,0.511249840259552,0.702714741230011,-0.0866318792104721,0.5092240571975708,0.7345659732818604,-0.08595502376556396,0.5631042122840881,0.6578789949417114,-0.07127243280410767,0.5366634130477905,0.6794784665107727,-0.08940492570400238,0.5270826816558838,0.7065116167068481,-0.08772452920675278,0.523425281047821,0.729374885559082,-0.08436653017997742,0.5185443162918091,0.32017847895622253,-0.0012638254556804895,0.536181628704071,0.2778467833995819,0.0002223732735728845,0.5472429394721985,0.27936720848083496,0.004755073226988316,0.5582129955291748,0.2810257375240326,0.002078771824017167,0.5032778978347778,0.2733753025531769,0.006948096677660942,0.49186816811561584,0.2719883620738983,-0.001556052709929645,0.4807049036026001,0.27065417170524597,-0.0034291690681129694,0.5720304250717163,0.30298107862472534,-0.0045802537351846695,0.4609019160270691,0.28837940096855164,-0.002733263187110424,0.5360814332962036,0.37623220682144165,-0.0011648053769022226,0.4948178231716156,0.37090057134628296,-0.0034471102990210056,0.6287128329277039,0.5507668852806091,-0.015463248826563358,0.38544636964797974,0.529444694519043,0.015363646671175957,0.7026696801185608,0.9118879437446594,-0.05820669233798981,0.30774787068367004,0.8817155957221985,-0.017628353089094162,0.5798288583755493,0.7038578987121582,-0.4627445638179779,0.3842800557613373,0.688390851020813,-0.46942952275276184,0.5360506772994995,0.6901096105575562,0.00026407139375805855,0.41712746024131775,0.6799167394638062,-0.0026966528967022896,0.5267547965049744,0.6217502951622009,0.0043737380765378475,0.42263758182525635,0.6127421259880066,-6.964495696593076e-05,0.5359572172164917,0.6401700973510742,-0.0025967061519622803,0.4201708137989044,0.6297950148582458,-0.0041214958764612675,0.5859197378158569,1.1103854179382324,-0.02380649745464325,0.3987146317958832,1.0939061641693115,0.029886700212955475
2100.0,0.3873996138572693,0.6887189149856567,-3.335956353112124e-05,0.39337587356567383,0.6357340812683105,0.00493785971775651,0.4130057096481323,0.6005035042762756,-0.010652128607034683,0.43596285581588745,0.5887770652770996,-0.0236927792429924,0.4523533582687378,0.5895522236824036,-0.03687598928809166,0.4050162732601166,0.5931463241577148,-0.05992880463600159,0.4327808618545532,0.5655316710472107,-0.07399596273899078,0.45204541087150574,0.5529856085777283,-0.07487063854932785,0.4658798277378082,0.5455080270767212,-0.07334212958812714,0.4111632704734802,0.6235648989677429,-0.06333421170711517,0.4529249668121338,0.6080409288406372,-0.06188460439443588,0.4565717875957489,0.612873375415802,-0.035648588091135025,0.44970059394836426,0.61872398853302,-0.020675860345363617,0.41774559020996094,0.6578523516654968,-0.06455815583467484,0.45798805356025696,0.6436538696289062,-0.05561494827270508,0.4529806077480316,0.6472306251525879,-0.028336096554994583,0.4405626952648163,0.651364266872406,-0.014872093684971333,0.4242595434188843,0.690731406211853,-0.0665678083896637,0.4537656307220459,0.676245927810669,-0.05262778699398041,0.4496750235557556,0.6734852194786072,-0.032674022018909454,0.4403393268585205,0.6735768914222717,-0.022746002301573753,0.5729813575744629,0.740795910358429,-2.397190110059455e-05,0.5370022654533386,0.7160723209381104,0.007180048152804375,0.5139977931976318,0.6857296824455261,-0.010150584392249584,0.499542772769928,0.6672436594963074,-0.031286269426345825,0.48825445771217346,0.6568977236747742,-0.05361286923289299,0.5371159315109253,0.6138355135917664,-0.034366559237241745,0.5282101035118103,0.5709803104400635,-0.05881480500102043,0.5182644724845886,0.544498085975647,-0.07294744998216629,0.5082001090049744,0.5245728492736816,-0.08265252411365509,0.5529080033302307,0.6192079782485962,-0.05099403113126755,0.5123628973960876,0.628903865814209,-0.07644122838973999,0.4936104714870453,0.6618475914001465,-0.07628890872001648,0.4860699772834778,0.68980872631073,-0.07528065145015717,0.5605112910270691,0.6438884139060974,-0.06743138283491135,0.5189591646194458,0.6725349426269531,-0.08782025426626205,0.5089429616928101,0.702704668045044,-0.07835452258586884,0.5079030990600586,0.7241944074630737,-0.06855054199695587,0.5636690855026245,0.6762351989746094,-0.08255969732999802,0.5318548679351807,0.6951313018798828,-0.09220895171165466,0.5228531956672668,0.7147160172462463,-0.08223268389701843,0.5215578079223633,0.7279329895973206,-0.07261218875646591,0.5184388756752014,0.3196989595890045,-0.0012624722439795732,0.536095142364502,0.2775648236274719,0.00020924644195474684,0.5471680760383606,0.2791265845298767,0.004754821304231882,0.5581479072570801,0.28082191944122314,0.002064206637442112,0.5031666159629822,0.27308741211891174,0.006978797260671854,0.4917322099208832,0.2717263698577881,-0.0015141916228458285,0.4805382192134857,0.27041590213775635,-0.003436777275055647,0.5719335079193115,0.3030029833316803,-0.0045732236467301846,0.460755318403244,0.28838226199150085,-0.0027244777884334326,0.5360117554664612,0.37602460384368896,-0.0011857759673148394,0.4946479797363281,0.37065500020980835,-0.0034442448522895575,0.6287170648574829,0.5507405996322632,-0.01800859346985817,0.3851707875728607,0.5294888615608215,0.01793350651860237,0.7027429938316345,0.9119857549667358,-0.05969225987792015,0.3080965578556061,0.8824219703674316,-0.006635479629039764,0.5802820324897766,0.7069728374481201,-0.46098852157592773,0.38305002450942993,0.701040506362915,-0.46924450993537903,0.5367845892906189,0.6923487186431885,0.0002634614647831768,0.41312217712402344,0.6886475682258606,-0.0026799908373504877,0.5277026295661926,0.6233705878257751,0.004369506146758795,0.41741007566452026,0.6188123822212219,-5.7681270845932886e-05,0.5364415049552917,0.6411752104759216,-0.002603234024718404,0.4162781834602356,0.6347569227218628,-0.004107985645532608,0.5858140587806702,1.1103426218032837,0.017218250781297684,0.39869409799575806,1.0937753915786743,0.07782697677612305
2116.6666666666665,0.3870154917240143,0.689704418182373,-4.101348895346746e-05,0.3915117383003235,0.6400405168533325,0.008295801468193531,0.41059258580207825,0.6060596704483032,-0.004625160247087479,0.4330700933933258,0.5928955674171448,-0.016223419457674026,0.45030608773231506,0.5926587581634521,-0.028272638097405434,0.4036359190940857,0.5954846739768982,-0.05339163914322853,0.4315284490585327,0.5645604729652405,-0.06636444479227066,0.4521164894104004,0.5509965419769287,-0.06765660643577576,0.46735063195228577,0.5435832738876343,-0.0659681111574173,0.410067617893219,0.6242997646331787,-0.05793385207653046,0.45182302594184875,0.6071464419364929,-0.057609833776950836,0.45997166633605957,0.611283004283905,-0.03491957485675812,0.45582854747772217,0.6178777813911438,-0.021152174100279808,0.417098730802536,0.6579556465148926,-0.05959971249103546,0.45699626207351685,0.6427674889564514,-0.05100154131650925,0.45506325364112854,0.6474533677101135,-0.024477053433656693,0.4442457854747772,0.6535243391990662,-0.010913736186921597,0.4243536591529846,0.6906047463417053,-0.06123955175280571,0.45358923077583313,0.6744874715805054,-0.04640902206301689,0.45123785734176636,0.6726759076118469,-0.02485596388578415,0.4428350329399109,0.6744598150253296,-0.012206759303808212,0.5736472606658936,0.7376418113708496,-3.1425424822373316e-05,0.5373551845550537,0.7120939493179321,0.011849453672766685,0.514019250869751,0.6815680265426636,-0.004130454733967781,0.4992251396179199,0.6626702547073364,-0.02483627386391163,0.48654767870903015,0.6521024703979492,-0.047776591032743454,0.5358395576477051,0.6131834387779236,-0.028474921360611916,0.5287177562713623,0.5703218579292297,-0.051025308668613434,0.520084798336029,0.543988049030304,-0.06562969833612442,0.5098247528076172,0.5223343372344971,-0.07770095020532608,0.5515239238739014,0.6174873113632202,-0.04725978523492813,0.5126142501831055,0.6338478922843933,-0.07163701206445694,0.4935963749885559,0.6659936904907227,-0.07105183601379395,0.4840671122074127,0.6939511299133301,-0.06877288967370987,0.5592308044433594,0.6427240371704102,-0.06561125069856644,0.5189164280891418,0.6753661036491394,-0.08378319442272186,0.5106882452964783,0.7044486999511719,-0.07310348004102707,0.5099467635154724,0.7241993546485901,-0.06311473995447159,0.5628690719604492,0.67579185962677,-0.08275334537029266,0.5304686427116394,0.6989047527313232,-0.09054213762283325,0.5228241086006165,0.7172702550888062,-0.08005973696708679,0.5225701928138733,0.7288317084312439,-0.06945532560348511,0.5184112191200256,0.31952542066574097,-0.0012594959698617458,0.5360816717147827,0.2774675190448761,0.00020134338410571218,0.5471575856208801,0.2790497839450836,0.004752443637698889,0.5581397414207458,0.28076276183128357,0.002052037278190255,0.5031449198722839,0.2729746103286743,0.007004913873970509,0.4917036294937134,0.271620512008667,-0.001481381943449378,0.4805007576942444,0.27031582593917847,-0.003443316323682666,0.571918785572052,0.3030145764350891,-0.004569723270833492,0.4607298672199249,0.28838881850242615,-0.002714333822950721,0.5359982848167419,0.37596678733825684,-0.0012005078606307507,0.49460119009017944,0.3705698847770691,-0.0034433130640536547,0.6288074851036072,0.5507009029388428,-0.01868254877626896,0.38506582379341125,0.5295276641845703,0.018612271174788475,0.7025711536407471,0.9136313199996948,-0.05915379524230957,0.30810821056365967,0.8831896781921387,-0.005107932724058628,0.5803498029708862,0.7074249386787415,-0.4588509500026703,0.38270124793052673,0.7059425711631775,-0.46852385997772217,0.536823570728302,0.6928864121437073,0.0002618776634335518,0.41204965114593506,0.6920525431632996,-0.002671979833394289,0.529474139213562,0.6237606406211853,0.004359350074082613,0.4161187708377838,0.6219569444656372,-4.794089181814343e-05,0.5378295183181763,0.6413865089416504,-0.002615890698507428,0.4152394235134125,0.637621283531189,-0.004098400939255953,0.5857774615287781,1.110260248184204,0.014004277065396309,0.39867863059043884,1.0937259197235107,0.07336897403001785
2133.3333333333335,0.38664326071739197,0.689564049243927,-3.9043599826982245e-05,0.3912903666496277,0.639823853969574,0.00869615375995636,0.41006165742874146,0.6060851216316223,-0.0035955149214714766,0.43220919370651245,0.5935068130493164,-0.014603737741708755,0.44981545209884644,0.5944249033927917,-0.026250425726175308,0.4041995406150818,0.5962052345275879,-0.05305934324860573,0.4311806559562683,0.5644998550415039,-0.06708674132823944,0.4517350196838379,0.5504591464996338,-0.06960052251815796,0.46720874309539795,0.5427486896514893,-0.06863594800233841,0.4106474816799164,0.624569833278656,-0.05761443451046944,0.45208171010017395,0.6079868078231812,-0.05804266035556793,0.46025875210762024,0.611536979675293,-0.03668460622429848,0.4561281204223633,0.6177759766578674,-0.023791758343577385,0.41762077808380127,0.6578716039657593,-0.05912153050303459,0.4570346474647522,0.6434729695320129,-0.05117576941847801,0.45538464188575745,0.6474669575691223,-0.025361033156514168,0.4447129964828491,0.6529979109764099,-0.012027165852487087,0.4247041940689087,0.6906137466430664,-0.060505062341690063,0.45375216007232666,0.674485445022583,-0.045877814292907715,0.45186156034469604,0.6718050837516785,-0.02469186671078205,0.4437139928340912,0.6729146838188171,-0.012150421738624573,0.5732986330986023,0.737775444984436,-3.750591349671595e-05,0.5372903347015381,0.7142541408538818,0.010637262836098671,0.5140957832336426,0.6844611763954163,-0.006195551250129938,0.49971646070480347,0.664768397808075,-0.027318879961967468,0.4879399538040161,0.6520192623138428,-0.05000254511833191,0.5360226631164551,0.6146644353866577,-0.029876798391342163,0.5289303064346313,0.5703518986701965,-0.053338997066020966,0.5204662680625916,0.5420958995819092,-0.06847589462995529,0.5101999044418335,0.5198987126350403,-0.08070559054613113,0.5519363284111023,0.6186202168464661,-0.04804255813360214,0.512308657169342,0.6339519023895264,-0.07197452336549759,0.4936731457710266,0.6672573685646057,-0.07017417997121811,0.4844335913658142,0.6954357028007507,-0.06707768142223358,0.5598015785217285,0.6435679197311401,-0.0660502091050148,0.5188441276550293,0.6752537488937378,-0.08441438525915146,0.5107288956642151,0.7050809264183044,-0.07357042282819748,0.5099934339523315,0.7251812219619751,-0.06296909600496292,0.5635457038879395,0.6763932704925537,-0.08306974917650223,0.5306956768035889,0.6998627185821533,-0.09084808081388474,0.5228785276412964,0.7193107008934021,-0.07990790903568268,0.522761881351471,0.7316480278968811,-0.06847113370895386,0.5184032917022705,0.31926229596138,-0.0012544511118903756,0.5360799431800842,0.27731192111968994,0.00019545096438378096,0.547156572341919,0.2789175808429718,0.0047486755065619946,0.5581390857696533,0.2806517779827118,0.0020396176259964705,0.5031440854072571,0.27281180024147034,0.0070290472358465195,0.49170204997062683,0.27147096395492554,-0.0014488702872768044,0.4804977774620056,0.2701783776283264,-0.0034499154426157475,0.5719159841537476,0.3030182421207428,-0.004566258750855923,0.46074098348617554,0.2883937656879425,-0.0027069528587162495,0.5359975695610046,0.37585338950157166,-0.0012131101684644818,0.49458444118499756,0.37043559551239014,-0.003443296765908599,0.6289050579071045,0.5507422089576721,-0.019297858700156212,0.38503968715667725,0.5295634865760803,0.019232915714383125,0.7023312449455261,0.9145503640174866,-0.059273261576890945,0.30814316868782043,0.8834742903709412,-0.0031168675050139427,0.5806589126586914,0.7083451747894287,-0.4573116898536682,0.38235965371131897,0.7075692415237427,-0.4670487344264984,0.5372757315635681,0.6933095455169678,0.00026030372828245163,0.41126739978790283,0.6935813426971436,-0.0026621967554092407,0.5308873057365417,0.6241388320922852,0.004350848030298948,0.4153948128223419,0.6236470341682434,-3.999954788014293e-05,0.5390397310256958,0.6416527628898621,-0.002630078699439764,0.41464778780937195,0.6392118334770203,-0.004090740345418453,0.5853846669197083,1.11025869846344,0.017622845247387886,0.39856788516044617,1.0936203002929688,0.07747696340084076
2150.0,0.384581059217453,0.6971085667610168,-1.2187659194751177e-05,0.39519578218460083,0.6474974751472473,0.0010973395546898246,0.4112011790275574,0.6160827875137329,-0.018793310970067978,0.42804789543151855,0.5986224412918091,-0.036935970187187195,0.4379724860191345,0.5971896648406982,-0.05347239226102829,0.3996303677558899,0.6075742840766907,-0.06686196476221085,0.418058305978775,0.5665306448936462,-0.08881515264511108,0.4361668825149536,0.5565247535705566,-0.09185860306024551,0.44933006167411804,0.5543323159217834,-0.09133762121200562,0.39767277240753174,0.6321690082550049,-0.07287272065877914,0.4439150094985962,0.6294302344322205,-0.08441131561994553,0.4504815936088562,0.6444820761680603,-0.060921307653188705,0.4446190595626831,0.6521009206771851,-0.04714987799525261,0.39975470304489136,0.662667989730835,-0.07782890647649765,0.44451844692230225,0.6694736480712891,-0.0825604796409607,0.444490909576416,0.678237795829773,-0.05447501689195633,0.43517154455184937,0.6782956123352051,-0.04045332223176956,0.40448057651519775,0.6938967108726501,-0.08336658775806427,0.4394054412841797,0.6993228197097778,-0.08128953725099564,0.44062021374702454,0.7001611590385437,-0.06418759375810623,0.434888631105423,0.6953555345535278,-0.05341890826821327,0.5867735147476196,0.7391489148139954,9.379970833833795e-06,0.5672224164009094,0.6825935244560242,0.028878046199679375,0.5437054634094238,0.6492738723754883,0.020821966230869293,0.5235550999641418,0.6433176398277283,0.006857906933873892,0.5064241290092468,0.6475225687026978,-0.00822264514863491,0.5544694066047668,0.6159096956253052,-0.028118081390857697,0.5416044592857361,0.576610803604126,-0.04828183725476265,0.5267062783241272,0.5588937997817993,-0.05505949258804321,0.5145956873893738,0.5480013489723206,-0.05630900338292122,0.5584220886230469,0.6378620266914368,-0.046965617686510086,0.5115112662315369,0.6368423700332642,-0.06057524308562279,0.4926665127277374,0.6544166803359985,-0.0523206889629364,0.48754438757896423,0.6658819913864136,-0.04733474180102348,0.556782066822052,0.6717450022697449,-0.0627414807677269,0.5101144313812256,0.6824104189872742,-0.06197704002261162,0.5104971528053284,0.6984251737594604,-0.03900519385933876,0.5196827054023743,0.6990625262260437,-0.024919958785176277,0.5537413954734802,0.7070953845977783,-0.07700425386428833,0.5165651440620422,0.7145110368728638,-0.06844474375247955,0.5186547040939331,0.7212309837341309,-0.053093232214450836,0.5286275744438171,0.7192387580871582,-0.04480872303247452,0.5183679461479187,0.3191520571708679,-0.0012493905378505588,0.5361352562904358,0.27731573581695557,0.00017922191182151437,0.5471773147583008,0.27892956137657166,0.004738389980047941,0.5581253170967102,0.28067508339881897,0.0020350085105746984,0.5033358335494995,0.27281445264816284,0.007048163563013077,0.49196863174438477,0.27147844433784485,-0.0014443708350881934,0.48083826899528503,0.27019235491752625,-0.00345564354211092,0.5719863772392273,0.30356675386428833,-0.004561237525194883,0.4615801274776459,0.2889406681060791,-0.00269115692935884,0.5359896421432495,0.375835657119751,-0.0012069214135408401,0.49470072984695435,0.37040773034095764,-0.0034398825373500586,0.6296292543411255,0.5534481406211853,-0.02118566818535328,0.3857017457485199,0.5315714478492737,0.021079881116747856,0.701832115650177,0.9201202988624573,-0.06049465015530586,0.3098129630088806,0.8836910128593445,0.009229790419340134,0.5822466611862183,0.7150962352752686,-0.4511761963367462,0.37984511256217957,0.7179790735244751,-0.458748459815979,0.539729118347168,0.6959898471832275,0.00025892292615026236,0.4020572900772095,0.7047368288040161,-0.0026607962790876627,0.5338486433029175,0.6262312531471252,0.004350671544671059,0.40887078642845154,0.6396031379699707,-3.405737516004592e-05,0.5416779518127441,0.6438717246055603,-0.0026404138188809156,0.4101986289024353,0.6539179086685181,-0.004075119271874428,0.5851987600326538,1.1128121614456177,0.006430287845432758,0.39857831597328186,1.094860315322876,0.06561393290758133
2166.666666666667,0.3843801021575928,0.6956573128700256,-2.8520706109702587e-05,0.39727020263671875,0.6501047611236572,0.0014547465834766626,0.41650301218032837,0.6238698959350586,-0.02188071794807911,0.43516895174980164,0.6152721047401428,-0.04385678470134735,0.4445450007915497,0.6280484795570374,-0.06426624208688736,0.4008216857910156,0.6075003743171692,-0.064809650182724,0.4180193543434143,0.5667677521705627,-0.08573638647794724,0.4363958239555359,0.553472638130188,-0.08911160379648209,0.45021897554397583,0.5526933670043945,-0.08907436579465866,0.39694809913635254,0.6324750781059265,-0.07201308012008667,0.4402576982975006,0.6269801259040833,-0.08228381723165512,0.4449552297592163,0.6430580615997314,-0.060491882264614105,0.4384938180446625,0.6500949263572693,-0.048527926206588745,0.3986903727054596,0.6640856266021729,-0.07807576656341553,0.44389456510543823,0.6696444749832153,-0.07815337181091309,0.441491037607193,0.6774063110351562,-0.05118608474731445,0.4308948516845703,0.675374448299408,-0.03904395177960396,0.403717041015625,0.6958867907524109,-0.08459421247243881,0.43980446457862854,0.6996539831161499,-0.07768502086400986,0.43851912021636963,0.700209379196167,-0.06192335486412048,0.4304776191711426,0.6951678991317749,-0.05501025542616844,0.5874199271202087,0.7389441728591919,-7.317184554267442e-06,0.5713033080101013,0.6841328740119934,0.032831113785505295,0.550103485584259,0.6524677872657776,0.02604697085916996,0.5310161709785461,0.6415678262710571,0.01165496464818716,0.512755811214447,0.6414145827293396,-0.00465965922921896,0.5540552735328674,0.62154221534729,-0.019083773717284203,0.5428527593612671,0.581118643283844,-0.03875918313860893,0.5293457508087158,0.5605617165565491,-0.04752003401517868,0.5175507068634033,0.5480726361274719,-0.050345901399850845,0.55632084608078,0.6426421403884888,-0.0393189936876297,0.5116179585456848,0.6401270031929016,-0.052869971841573715,0.4910922646522522,0.6541103720664978,-0.0454472191631794,0.4826858937740326,0.6656355261802673,-0.03889435529708862,0.5541201233863831,0.6737567186355591,-0.0562855564057827,0.5104060173034668,0.6779010891914368,-0.0518093965947628,0.5103155970573425,0.6947880983352661,-0.028629645705223083,0.5180381536483765,0.7010988593101501,-0.013881871476769447,0.5511506795883179,0.7063641548156738,-0.07125658541917801,0.5171841979026794,0.7119227051734924,-0.05699947848916054,0.5180211067199707,0.719792902469635,-0.03783058375120163,0.5261260271072388,0.720535397529602,-0.02521151304244995,0.5182416439056396,0.3191433548927307,-0.0012353640049695969,0.5360466241836548,0.27732396125793457,0.0001591504260431975,0.5470531582832336,0.27894067764282227,0.004734438378363848,0.557969331741333,0.2806897461414337,0.002034554723650217,0.5033642053604126,0.2728537321090698,0.007066184654831886,0.49208688735961914,0.27154460549354553,-0.00143661187030375,0.4810567796230316,0.2702885866165161,-0.003459613537415862,0.5719277858734131,0.30380621552467346,-0.004558558110147715,0.46235737204551697,0.2893686592578888,-0.002673785900697112,0.5358786582946777,0.37582096457481384,-0.0012024915777146816,0.4947575032711029,0.37036311626434326,-0.0034366254694759846,0.6304147839546204,0.553905189037323,-0.022445280104875565,0.3866610527038574,0.5319400429725647,0.02230987511575222,0.7013852000236511,0.9224861860275269,-0.060878559947013855,0.3099896013736725,0.8837153911590576,0.006979791913181543,0.583308219909668,0.7195555567741394,-0.44969698786735535,0.37943917512893677,0.7198441624641418,-0.46030062437057495,0.5414699912071228,0.7005242705345154,0.0002582438464742154,0.39973780512809753,0.7057052254676819,-0.002659524092450738,0.5354626774787903,0.631474494934082,0.004345308057963848,0.4075736999511719,0.6430898904800415,-2.638766454765573e-05,0.5432838797569275,0.6486557126045227,-0.00265401229262352,0.4092523157596588,0.6577922105789185,-0.004049156792461872,0.585159182548523,1.112585186958313,0.008754364214837551,0.3987477123737335,1.0945736169815063,0.06910080462694168
2183.3333333333335,0.3929484188556671,0.7151915431022644,-6.304256385192275e-05,0.42057880759239197,0.6932661533355713,-0.00642017275094986,0.43762603402137756,0.6741454601287842,-0.0353059396147728,0.44748204946517944,0.6686703562736511,-0.06510810554027557,0.4497787654399872,0.6775528192520142,-0.09890983253717422,0.4210096299648285,0.6169093251228333,-0.05682897940278053,0.4247358441352844,0.5837481021881104,-0.08724668622016907,0.431285560131073,0.5648423433303833,-0.11283421516418457,0.43841442465782166,0.551366925239563,-0.12942379713058472,0.4036129117012024,0.6250972151756287,-0.06679137051105499,0.4296893775463104,0.6478673219680786,-0.09719058126211166,0.4450787305831909,0.6723264455795288,-0.10458555817604065,0.45199087262153625,0.6914035081863403,-0.10888810455799103,0.3931804597377777,0.6544859409332275,-0.07594496756792068,0.42381104826927185,0.6944666504859924,-0.10070260614156723,0.4313676953315735,0.7149935364723206,-0.09512155503034592,0.4310849606990814,0.7259896397590637,-0.08996031433343887,0.38621529936790466,0.6908257603645325,-0.08530029654502869,0.41437095403671265,0.7183814644813538,-0.09784826636314392,0.4240136444568634,0.7306150197982788,-0.09087373316287994,0.42702165246009827,0.7377276420593262,-0.08611883223056793,0.5869640111923218,0.7400400638580322,-3.320279574836604e-05,0.5731428265571594,0.6704717874526978,0.016437994316220284,0.5482082962989807,0.6345370411872864,0.006918575614690781,0.523169994354248,0.6231149435043335,-0.0031117659527808428,0.5037975311279297,0.6251789927482605,-0.015194282867014408,0.5559919476509094,0.6250759363174438,-0.0388561487197876,0.525458812713623,0.6032397150993347,-0.045243632048368454,0.5058558583259583,0.6017167568206787,-0.03687857463955879,0.4936557412147522,0.6066807508468628,-0.02823856845498085,0.5508803725242615,0.6587659120559692,-0.046687740832567215,0.5075003504753113,0.6509751081466675,-0.046162765473127365,0.49340754747390747,0.6529380083084106,-0.022643154487013817,0.49137648940086365,0.6567735075950623,-0.005539885722100735,0.5460818409919739,0.695427656173706,-0.05076748877763748,0.5038040280342102,0.6849971413612366,-0.036213938146829605,0.5048255920410156,0.6830963492393494,-0.007622047793120146,0.514376163482666,0.6821147799491882,0.008772655390202999,0.5418900847434998,0.7309028506278992,-0.05492609366774559,0.5093591809272766,0.7170824408531189,-0.037467144429683685,0.5119106769561768,0.7113311290740967,-0.018451156094670296,0.520457923412323,0.7088316082954407,-0.006648663897067308,0.5179166197776794,0.31930094957351685,-0.001237795571796596,0.5356667637825012,0.27767306566238403,0.0001332727406406775,0.5466615557670593,0.279302716255188,0.004731388762593269,0.5575740337371826,0.2810650169849396,0.0020385822281241417,0.5030719637870789,0.2731928527355194,0.007084120996296406,0.4918907582759857,0.27187809348106384,-0.0014369781129062176,0.4809771776199341,0.27061331272125244,-0.003460850566625595,0.5717451572418213,0.304196834564209,-0.004554404877126217,0.46300968527793884,0.289600133895874,-0.002649318426847458,0.5355896353721619,0.37581267952919006,-0.0011940828990191221,0.4945198595523834,0.3703683018684387,-0.0034286442678421736,0.6311558485031128,0.5541763305664062,-0.023875020444393158,0.38724634051322937,0.5328395962715149,0.023689033463597298,0.7019733786582947,0.9229402542114258,-0.06048420071601868,0.3105909526348114,0.88349848985672,0.01757502183318138,0.5860391855239868,0.7276461124420166,-0.44018664956092834,0.37982913851737976,0.7340325713157654,-0.449277400970459,0.546664297580719,0.7134513854980469,0.00025691278278827667,0.3962423801422119,0.7220925688743591,-0.0026617117691785097,0.5379981994628906,0.6459696292877197,0.00433839438483119,0.4077994227409363,0.6667245030403137,-2.1450419808388688e-05,0.5454596877098083,0.6618690490722656,-0.0026263270992785692,0.40985870361328125,0.6797754764556885,-0.003991397563368082,0.5849444270133972,1.1125227212905884,0.006738836411386728,0.39842531085014343,1.0941449403762817,0.06804581731557846
2200.0,0.3970717787742615,0.7224618196487427,-5.511305062100291e-05,0.42519065737724304,0.6975703835487366,-0.007225039880722761,0.44149547815322876,0.6747623085975647,-0.03560611605644226,0.4488452672958374,0.6668609976768494,-0.06547871977090836,0.447344571352005,0.6762164235115051,-0.09841331839561462,0.4198598861694336,0.6159133911132812,-0.05288111791014671,0.4244498312473297,0.5841867923736572,-0.0846610739827156,0.4325178861618042,0.5643814206123352,-0.10705512762069702,0.44155949354171753,0.5507822036743164,-0.1206049770116806,0.40106984972953796,0.6250290870666504,-0.06399224698543549,0.42443376779556274,0.6398162245750427,-0.0986105427145958,0.4393426179885864,0.6580042243003845,-0.11243965476751328,0.4467777907848358,0.6735795140266418,-0.11967811733484268,0.39023178815841675,0.6532655358314514,-0.07453048974275589,0.42116108536720276,0.6905593872070312,-0.10043395310640335,0.43141883611679077,0.7081273794174194,-0.0950189009308815,0.43264883756637573,0.717776894569397,-0.08875589817762375,0.38475221395492554,0.6910641193389893,-0.08565384894609451,0.41283631324768066,0.7205862998962402,-0.09668480604887009,0.4242106080055237,0.7311195135116577,-0.08737000823020935,0.42823222279548645,0.7366828322410583,-0.08003223687410355,0.5851335525512695,0.7376214265823364,-3.163687506457791e-05,0.5712648630142212,0.6718107461929321,0.01941605657339096,0.5490838289260864,0.6356459259986877,0.011962099932134151,0.5251138210296631,0.6216305494308472,0.0040406035259366035,0.5052507519721985,0.6248526573181152,-0.00610746443271637,0.5554603934288025,0.6257116198539734,-0.03872206062078476,0.5272752642631531,0.6018670797348022,-0.0453309528529644,0.507795512676239,0.6004459857940674,-0.037711720913648605,0.49567118287086487,0.6051253080368042,-0.028673065826296806,0.5499359965324402,0.65919029712677,-0.046899259090423584,0.5067487359046936,0.6500299572944641,-0.04420415312051773,0.4947270154953003,0.6527560353279114,-0.019666235893964767,0.4953138828277588,0.6575668454170227,-0.0014823400415480137,0.5442180037498474,0.6954523324966431,-0.051323629915714264,0.5021741986274719,0.6835920214653015,-0.03717826306819916,0.5027352571487427,0.681154191493988,-0.006917375605553389,0.5116450786590576,0.6798834204673767,0.011441734619438648,0.5393877029418945,0.7303297519683838,-0.05485330522060394,0.5080046653747559,0.715341329574585,-0.03928033262491226,0.5095763206481934,0.7094823718070984,-0.018866879865527153,0.5168548226356506,0.7061606049537659,-0.004648843314498663,0.5176761150360107,0.3207937777042389,-0.0012330046156421304,0.5354140400886536,0.2793722450733185,0.00010846621444215998,0.5463749766349792,0.2809521555900574,0.004725566133856773,0.5572629570960999,0.282665491104126,0.002043838147073984,0.5029043555259705,0.275031179189682,0.007089198566973209,0.4917658269405365,0.27377966046333313,-0.0014239581068977714,0.48089107871055603,0.27258017659187317,-0.0034620659425854683,0.571373701095581,0.305452823638916,-0.0045456234365701675,0.4627612829208374,0.29131439328193665,-0.0026281012687832117,0.5353294610977173,0.3767191767692566,-0.0011806866386905313,0.49438586831092834,0.3714035749435425,-0.0034147719852626324,0.6309524178504944,0.5546939373016357,-0.023790443316102028,0.3868827223777771,0.5338793992996216,0.02361184172332287,0.7016556859016418,0.9233534336090088,-0.05867961421608925,0.3103775680065155,0.8838818669319153,0.015580493025481701,0.5865946412086487,0.7311227917671204,-0.43962588906288147,0.37989112734794617,0.7392593026161194,-0.45063474774360657,0.5479544997215271,0.7177562117576599,0.00025672742049209774,0.3947181701660156,0.7271530628204346,-0.0026595413219183683,0.5386853814125061,0.6504446268081665,0.00432767067104578,0.4072667062282562,0.6717950105667114,-1.833882743085269e-05,0.5459784865379333,0.666251003742218,-0.0026191072538495064,0.4097628593444824,0.6847661733627319,-0.003958687651902437,0.5846266746520996,1.1122806072235107,0.024853240698575974,0.39841246604919434,1.0933337211608887,0.08656254410743713
2216.666666666667,0.39806294441223145,0.7297236919403076,-4.635546792997047e-05,0.4249493181705475,0.7032199501991272,-0.0032434689346700907,0.44038328528404236,0.6766146421432495,-0.026124969124794006,0.4485717713832855,0.6632563471794128,-0.05073162913322449,0.44679686427116394,0.664107620716095,-0.07805502414703369,0.41702941060066223,0.6198453903198242,-0.04297776520252228,0.4226785898208618,0.5877139568328857,-0.07361344993114471,0.4308326542377472,0.5681713223457336,-0.09702511876821518,0.43910887837409973,0.5534994006156921,-0.11154508590698242,0.39958682656288147,0.6297215819358826,-0.0543036013841629,0.4274933636188507,0.6525076627731323,-0.08551042526960373,0.4405791461467743,0.6776096224784851,-0.09005413204431534,0.4446967542171478,0.6914193630218506,-0.08954451978206635,0.39021942019462585,0.6584083437919617,-0.06682223081588745,0.4198096692562103,0.6884099245071411,-0.09162121266126633,0.42896488308906555,0.7046991586685181,-0.08818277716636658,0.4294508695602417,0.7115432024002075,-0.08345497399568558,0.38646456599235535,0.6950227618217468,-0.07927335798740387,0.4135088622570038,0.721688449382782,-0.09058952331542969,0.4241947829723358,0.730756938457489,-0.08420520275831223,0.4273386597633362,0.7332038879394531,-0.07943125069141388,0.5842910408973694,0.734808623790741,-3.0527902708854526e-05,0.5709347724914551,0.6703724265098572,0.016017375513911247,0.5488411784172058,0.6339561343193054,0.006341794040054083,0.5245979428291321,0.6193044781684875,-0.003249762812629342,0.50458824634552,0.6227433681488037,-0.015006356872618198,0.5555421710014343,0.6265735030174255,-0.04366622120141983,0.5265833139419556,0.6031357645988464,-0.051554981619119644,0.5069451928138733,0.6013443470001221,-0.04493346065282822,0.49468982219696045,0.6060656309127808,-0.036578740924596786,0.5504553914070129,0.6602814793586731,-0.05045236647129059,0.5070495009422302,0.6507842540740967,-0.0487704798579216,0.49496111273765564,0.6526429057121277,-0.023493878543376923,0.49570903182029724,0.6573081016540527,-0.00485978601500392,0.5448512434959412,0.6962816715240479,-0.05366302281618118,0.5026783347129822,0.6834401488304138,-0.04080037400126457,0.5028469562530518,0.680261492729187,-0.009660420008003712,0.5118676424026489,0.6792819499969482,0.009364510886371136,0.539923906326294,0.7308785915374756,-0.05634819716215134,0.5083454251289368,0.7146293520927429,-0.04143388196825981,0.5097318291664124,0.7083408236503601,-0.02112100087106228,0.5171560645103455,0.7057715654373169,-0.006851942278444767,0.5176780223846436,0.32108259201049805,-0.0012291191378608346,0.5354539752006531,0.27978768944740295,8.831456943880767e-05,0.5463626384735107,0.2813877463340759,0.004721545148640871,0.5572029948234558,0.2831195294857025,0.0020506682340055704,0.5030561089515686,0.2754095196723938,0.00709494948387146,0.49197542667388916,0.27415239810943604,-0.001412634621374309,0.4811515212059021,0.27294817566871643,-0.003463166067376733,0.5712999701499939,0.30585357546806335,-0.004534718114882708,0.462984561920166,0.29162150621414185,-0.0026122890412807465,0.535288393497467,0.3768693208694458,-0.0011691070394590497,0.49447101354599,0.3715052902698517,-0.0033980433363467455,0.6310408711433411,0.5551849603652954,-0.023640669882297516,0.38664183020591736,0.5343329906463623,0.023470191285014153,0.7015154957771301,0.9246213436126709,-0.057868726551532745,0.3103470206260681,0.8842810392379761,0.01627632975578308,0.5868467092514038,0.7326468825340271,-0.4399513006210327,0.3798878490924835,0.7409358024597168,-0.45049765706062317,0.5482287406921387,0.7193368673324585,0.00025653798365965486,0.39362284541130066,0.729505717754364,-0.002656516619026661,0.5389273762702942,0.6518684029579163,0.0043170396238565445,0.40661701560020447,0.6734732389450073,-1.7648715584073216e-05,0.5461883544921875,0.6678128838539124,-0.002609468996524811,0.4095035195350647,0.6862438321113586,-0.003936051391065121,0.5844310522079468,1.1118849515914917,0.03864187374711037,0.3980644941329956,1.0927654504776,0.0988154411315918
2233.3333333333335,0.39832767844200134,0.7224217653274536,-2.433170629956294e-05,0.42201438546180725,0.7032854557037354,-0.01284486148506403,0.43825989961624146,0.6732743382453918,-0.03714181110262871,0.4510480463504791,0.6426995992660522,-0.05928397551178932,0.4619414210319519,0.6176232099533081,-0.08262146264314651,0.42932236194610596,0.6489651203155518,-0.06398890167474747,0.4397411048412323,0.6294927597045898,-0.09591124206781387,0.44883882999420166,0.6093049645423889,-0.12295225262641907,0.4556259214878082,0.5868563652038574,-0.14097845554351807,0.4113481938838959,0.647774338722229,-0.06883874535560608,0.4341065287590027,0.6984307169914246,-0.0969729870557785,0.4410094916820526,0.7321697473526001,-0.09256339818239212,0.44159749150276184,0.753201961517334,-0.08909445255994797,0.39559924602508545,0.667122483253479,-0.07391470670700073,0.41953548789024353,0.719332218170166,-0.09689518064260483,0.424074649810791,0.7499953508377075,-0.09806846082210541,0.424447625875473,0.7697738409042358,-0.1025160625576973,0.38336801528930664,0.6926700472831726,-0.08252513408660889,0.4018574357032776,0.7294540405273438,-0.09651751816272736,0.40707069635391235,0.7522630095481873,-0.09348096698522568,0.40855443477630615,0.7690753936767578,-0.09043999761343002,0.5776709318161011,0.7318785190582275,-3.0696788599016145e-05,0.5650041699409485,0.6683522462844849,0.0010754293762147427,0.5397107601165771,0.630449652671814,-0.008670446462929249,0.512139081954956,0.6206281781196594,-0.014806411229074001,0.49093884229660034,0.6273406147956848,-0.02029772289097309,0.5419913530349731,0.6406674385070801,-0.04533148184418678,0.5060420632362366,0.6292772889137268,-0.047862760722637177,0.48984941840171814,0.6248096823692322,-0.033321574330329895,0.480724960565567,0.6205861568450928,-0.01958157867193222,0.5373868346214294,0.6775587201118469,-0.04256892204284668,0.4984804391860962,0.6635977029800415,-0.039883945137262344,0.4867875874042511,0.6527478098869324,-0.015304535627365112,0.483207643032074,0.6477605700492859,0.003525984240695834,0.5334845185279846,0.7112784385681152,-0.0368630513548851,0.4981901943683624,0.6929227113723755,-0.024897444993257523,0.49312883615493774,0.6746208667755127,-0.0017984736477956176,0.4956218898296356,0.6628019213676453,0.012570352293550968,0.5303187370300293,0.738901674747467,-0.031162913888692856,0.5063855648040771,0.7167059183120728,-0.016169913113117218,0.5046430826187134,0.7010135650634766,-0.0017441888339817524,0.5071218013763428,0.6912660002708435,0.008114983327686787,0.5175559520721436,0.32136666774749756,-0.0012238121125847101,0.535624086856842,0.27977505326271057,8.04647061158903e-05,0.546627938747406,0.28138288855552673,0.004714822396636009,0.5575544834136963,0.2831036448478699,0.00208980031311512,0.5029908418655396,0.27540290355682373,0.007101685740053654,0.4918205440044403,0.27414223551750183,-0.0014692058321088552,0.48090171813964844,0.272934228181839,-0.003455604426562786,0.5720558166503906,0.30553340911865234,-0.004531952552497387,0.46271881461143494,0.29155948758125305,-0.002591545693576336,0.5356392860412598,0.37690237164497375,-0.0011702771298587322,0.49438291788101196,0.37153345346450806,-0.003385616932064295,0.6312329173088074,0.5553892254829407,-0.022219451144337654,0.3867280185222626,0.534358561038971,0.022000517696142197,0.7025740146636963,0.9245615601539612,-0.057146091014146805,0.3053334057331085,0.8760988116264343,0.011205093003809452,0.5871907472610474,0.7397626042366028,-0.4453749358654022,0.38007763028144836,0.7428169250488281,-0.45552146434783936,0.5535531044006348,0.7290773391723633,0.00026216189144179225,0.39667925238609314,0.7384218573570251,-0.00265583791770041,0.5400358438491821,0.6671522259712219,0.004314928315579891,0.4070509076118469,0.6902122497558594,-1.3200933608459309e-05,0.5466578006744385,0.6831586360931396,-0.0025852248072624207,0.4110039174556732,0.7028580904006958,-0.003889953950420022,0.5846166610717773,1.1121748685836792,0.03661800175905228,0.39837926626205444,1.0924255847930908,0.08695154637098312
2250.0,0.3929479420185089,0.724432110786438,-6.48399509373121e-05,0.413740336894989,0.7253626585006714,-0.0062746405601501465,0.4300295412540436,0.7176635265350342,-0.02557421289384365,0.4408808946609497,0.7150672674179077,-0.04348917305469513,0.4511691927909851,0.712709903717041,-0.05966927856206894,0.4284106194972992,0.6535535454750061,-0.045541442930698395,0.4390876889228821,0.6232149004936218,-0.0695231482386589,0.44670236110687256,0.5995149612426758,-0.0908772200345993,0.45313963294029236,0.5770341753959656,-0.10532817244529724,0.4117281436920166,0.6473942399024963,-0.05374319478869438,0.4331754446029663,0.6886999607086182,-0.08029681444168091,0.44131147861480713,0.7344784140586853,-0.08145894855260849,0.445237934589386,0.76277095079422,-0.07839976996183395,0.397076815366745,0.6617230176925659,-0.0632375106215477,0.4197230339050293,0.713223934173584,-0.08411141484975815,0.425001859664917,0.7534037828445435,-0.08527380973100662,0.42641276121139526,0.7790472507476807,-0.0843014270067215,0.3846701979637146,0.6845979690551758,-0.07312929630279541,0.40557757019996643,0.7275519967079163,-0.07848794013261795,0.4119030833244324,0.7559458613395691,-0.07089483737945557,0.4137437045574188,0.7733700275421143,-0.06349367648363113,0.5748556852340698,0.7267922163009644,-4.086255648871884e-05,0.5638745427131653,0.6667035818099976,-0.00033192455885000527,0.5391173362731934,0.6257135272026062,-0.012989994138479233,0.5098656415939331,0.6112788915634155,-0.021370459347963333,0.48746252059936523,0.6180609464645386,-0.031434524804353714,0.5404065251350403,0.6524367928504944,-0.04935194179415703,0.5012653470039368,0.6427837610244751,-0.052352599799633026,0.4879240393638611,0.634207010269165,-0.03602259233593941,0.4813970923423767,0.6281495094299316,-0.01756882295012474,0.5347030162811279,0.6895466446876526,-0.04466383904218674,0.4966886639595032,0.6707739233970642,-0.03857269138097763,0.4894164204597473,0.6551538705825806,-0.00856833066791296,0.48883670568466187,0.6483281850814819,0.014106541872024536,0.5295888185501099,0.7198387384414673,-0.03800700604915619,0.4954691231250763,0.6948688626289368,-0.024364463984966278,0.49373313784599304,0.6744533777236938,0.00395318865776062,0.49750614166259766,0.6630977988243103,0.022729991003870964,0.5255126357078552,0.7421940565109253,-0.030858678743243217,0.502687394618988,0.7128908038139343,-0.014891643077135086,0.5030279755592346,0.6937590837478638,0.0026728203520178795,0.5066865086555481,0.6839537620544434,0.015023470856249332,0.5169198513031006,0.3220701813697815,-0.0012229549465700984,0.5354480743408203,0.2798313796520233,7.456411549355835e-05,0.5465990900993347,0.28143510222435,0.0047122822143137455,0.5576618909835815,0.2831324338912964,0.002115032635629177,0.5025050044059753,0.2754316031932831,0.007108697202056646,0.49123913049697876,0.274172842502594,-0.0015134982531890273,0.4802117645740509,0.27296629548072815,-0.003444514935836196,0.5729741454124451,0.3051598072052002,-0.004511515609920025,0.46224960684776306,0.2915078103542328,-0.002582032233476639,0.5356820821762085,0.37696871161460876,-0.0011726028751581907,0.4939391314983368,0.37166422605514526,-0.003374496940523386,0.6318844556808472,0.5565396547317505,-0.019323809072375298,0.3875695466995239,0.5346361994743347,0.019087286666035652,0.703384280204773,0.9247837662696838,-0.05640970170497894,0.30236896872520447,0.8712712526321411,0.001733877114020288,0.5880622267723083,0.7426386475563049,-0.44672366976737976,0.38373246788978577,0.7425323724746704,-0.45626750588417053,0.5567479729652405,0.7321622967720032,0.0002673551207408309,0.39781078696250916,0.7389124035835266,-0.002650931477546692,0.5402805209159851,0.6722916960716248,0.004312099888920784,0.41534724831581116,0.6925113797187805,-9.687599231256172e-06,0.5472875237464905,0.6883562207221985,-0.0025738058611750603,0.4173695743083954,0.7057011723518372,-0.0038462437223643064,0.5853480696678162,1.1130486726760864,0.02511841244995594,0.3992595672607422,1.0928722620010376,0.0850968062877655
2266.6666666666665,0.39648371934890747,0.7360703349113464,-7.290553185157478e-05,0.4175403416156769,0.7390439510345459,-0.007072416599839926,0.43106555938720703,0.7290003299713135,-0.027442608028650284,0.4414260685443878,0.7252293229103088,-0.046214938163757324,0.45135781168937683,0.7280637621879578,-0.06455356627702713,0.439593642950058,0.6781910061836243,-0.05371875688433647,0.4504860043525696,0.6499911546707153,-0.07685457915067673,0.4576447606086731,0.6439703702926636,-0.09854456782341003,0.46273088455200195,0.6393001079559326,-0.1130969226360321,0.42342495918273926,0.6724987030029297,-0.06111321598291397,0.4392557442188263,0.7153329849243164,-0.08301934599876404,0.4474048316478729,0.7571315169334412,-0.08982015401124954,0.4531959593296051,0.7851985096931458,-0.09727025777101517,0.40859633684158325,0.6855717897415161,-0.06778566539287567,0.42148861289024353,0.7384170889854431,-0.08752263337373734,0.42428895831108093,0.7715492248535156,-0.09235011041164398,0.4252541661262512,0.7949299216270447,-0.09897170960903168,0.39578649401664734,0.7022262811660767,-0.07405230402946472,0.40677711367607117,0.7435427904129028,-0.08407101780176163,0.4110839068889618,0.7677098512649536,-0.07925081253051758,0.4120956063270569,0.7832630276679993,-0.07742775976657867,0.5666775107383728,0.7325291633605957,-2.8987447876716033e-05,0.558286726474762,0.6724080443382263,-0.012419397011399269,0.5363078713417053,0.6303911805152893,-0.026152990758419037,0.5093690752983093,0.6160492897033691,-0.03374322131276131,0.4880666732788086,0.6203696727752686,-0.04395906627178192,0.5282406806945801,0.672268807888031,-0.05985517427325249,0.4903382360935211,0.6674928665161133,-0.07381177693605423,0.47094157338142395,0.6583481431007385,-0.07248171418905258,0.4594044089317322,0.653801441192627,-0.06470675021409988,0.5216888189315796,0.7086561322212219,-0.04827123135328293,0.4823288321495056,0.6878172159194946,-0.052916303277015686,0.4682002067565918,0.6668645739555359,-0.03612145408987999,0.46235108375549316,0.6535382270812988,-0.02168234810233116,0.5162606835365295,0.7340243458747864,-0.03476959839463234,0.4845665693283081,0.7037800550460815,-0.02999725192785263,0.4854055643081665,0.6782121658325195,-0.00788926612585783,0.492668092250824,0.6650691628456116,0.008218654431402683,0.5131737589836121,0.7499356865882874,-0.02204495295882225,0.4907807409763336,0.7220525145530701,-0.015524421818554401,0.491428405046463,0.7003864645957947,-0.0019267434254288673,0.4979501962661743,0.68986576795578,0.009431026875972748,0.5170027017593384,0.3242846727371216,-0.0012305107666179538,0.5353320240974426,0.28035351634025574,7.448738324455917e-05,0.5464935898780823,0.28177669644355774,0.004698530305176973,0.5575596690177917,0.28333115577697754,0.0021323102992028,0.502358078956604,0.27622154355049133,0.007115148939192295,0.49106964468955994,0.2749917507171631,-0.001581270364113152,0.4800192713737488,0.273809015750885,-0.0034403009340167046,0.5729689002037048,0.30514517426490784,-0.00450475700199604,0.4617696702480316,0.2915347218513489,-0.002568467054516077,0.5357570648193359,0.3781140446662903,-0.0011724838986992836,0.49401921033859253,0.37335559725761414,-0.0033623019699007273,0.6314166188240051,0.5530903339385986,-0.016306692734360695,0.38691163063049316,0.5340877771377563,0.0160219706594944,0.7035036087036133,0.9194022417068481,-0.05224127322435379,0.2986358106136322,0.8733540177345276,-0.0008785651880316436,0.5833370089530945,0.7407585978507996,-0.43151775002479553,0.38488954305648804,0.7527066469192505,-0.4430658221244812,0.5509405136108398,0.7331550121307373,0.0002637870202306658,0.39814019203186035,0.759797215461731,-0.002647948218509555,0.5313921570777893,0.6703404784202576,0.00430805841460824,0.4198964238166809,0.7081735134124756,-6.931034022272797e-06,0.5390335917472839,0.6855074763298035,-0.002573600737378001,0.4200352132320404,0.7177773714065552,-0.0038158518727868795,0.5859197974205017,1.1074857711791992,0.030201507732272148,0.3989737331867218,1.091363549232483,0.08183818310499191
2283.3333333333335,0.3932230472564697,0.7454781532287598,-3.59575315087568e-05,0.414622962474823,0.7473589181900024,0.00017386955732945353,0.43132075667381287,0.743422269821167,-0.01793486624956131,0.44371888041496277,0.7451411485671997,-0.036750033497810364,0.4569581151008606,0.7513651251792908,-0.05745123699307442,0.4365350604057312,0.6812195777893066,-0.04389765486121178,0.4466148316860199,0.6528179049491882,-0.06359490007162094,0.45472994446754456,0.6365706324577332,-0.0807209312915802,0.46219539642333984,0.6257061958312988,-0.09225815534591675,0.4218282997608185,0.6752373576164246,-0.05455471947789192,0.4398433566093445,0.7216549515724182,-0.07920806109905243,0.4458654522895813,0.7692557573318481,-0.07923207432031631,0.448315292596817,0.8004230260848999,-0.07749141752719879,0.40679994225502014,0.6886479258537292,-0.06574255228042603,0.4226962625980377,0.745951235294342,-0.08486366271972656,0.4229148328304291,0.7837912440299988,-0.08178077638149261,0.4212969243526459,0.8087366819381714,-0.07859748601913452,0.39215585589408875,0.7068652510643005,-0.07661687582731247,0.406371533870697,0.7527440786361694,-0.08367475122213364,0.4104417562484741,0.7789621353149414,-0.07701391726732254,0.41098660230636597,0.7952228784561157,-0.07020840048789978,0.5638405084609985,0.7284496426582336,-4.56988527730573e-05,0.5598877668380737,0.6699658632278442,-0.014803165569901466,0.5377109050750732,0.6297155022621155,-0.027267081663012505,0.510499119758606,0.615988552570343,-0.03155526518821716,0.4905644953250885,0.6213418245315552,-0.03663055971264839,0.5250543355941772,0.6827324032783508,-0.06785313040018082,0.4861436188220978,0.6727195978164673,-0.0743170753121376,0.46721404790878296,0.661418616771698,-0.06609132140874863,0.45585739612579346,0.6533860564231873,-0.05506531521677971,0.5168671011924744,0.7164727449417114,-0.053885482251644135,0.48080483078956604,0.6849325895309448,-0.05052635818719864,0.47353968024253845,0.6541406512260437,-0.029296275228261948,0.47650185227394104,0.6355320811271667,-0.01384570449590683,0.5118720531463623,0.7378391623497009,-0.03640247508883476,0.48291823267936707,0.7013851404190063,-0.029662691056728363,0.4827113747596741,0.6745660901069641,-0.01379928644746542,0.4901197552680969,0.6617025136947632,-0.00250105164013803,0.5098077058792114,0.7485228776931763,-0.019364412873983383,0.4885144531726837,0.7183060050010681,-0.013016236014664173,0.48766833543777466,0.6953483819961548,-0.003723201109096408,0.4933096766471863,0.6816971302032471,0.003640368115156889,0.5172634124755859,0.3242837190628052,-0.0012345873983576894,0.5355085134506226,0.2802768051624298,7.320970325963572e-05,0.5466540455818176,0.28164803981781006,0.004693805240094662,0.5577006340026855,0.2831433415412903,0.0021409611217677593,0.5025380849838257,0.27620211243629456,0.007118907757103443,0.49125221371650696,0.2749858796596527,-0.001623990829102695,0.48020389676094055,0.27381378412246704,-0.003436426632106304,0.573074221611023,0.30471357703208923,-0.004499900154769421,0.46166810393333435,0.29156458377838135,-0.002559059066697955,0.5359417796134949,0.3781214654445648,-0.0011730764526873827,0.4942176640033722,0.3733830153942108,-0.003356439992785454,0.6307969093322754,0.5509659051895142,-0.014874769374728203,0.3863731920719147,0.5333436131477356,0.014578829519450665,0.7035213708877563,0.9152583479881287,-0.051607806235551834,0.2966569662094116,0.8727838397026062,-0.002581424778327346,0.5801193118095398,0.738072395324707,-0.43010303378105164,0.3856962323188782,0.7567827105522156,-0.442056804895401,0.5450736880302429,0.732887327671051,0.0002635704877320677,0.40032488107681274,0.7666166424751282,-0.002643608720973134,0.5269015431404114,0.6695745587348938,0.004307428374886513,0.42279502749443054,0.714299201965332,-4.322062977735186e-06,0.5348973274230957,0.6846081614494324,-0.0025730698835104704,0.42177534103393555,0.7230985760688782,-0.0038012766744941473,0.5862202048301697,1.1051311492919922,0.024888617917895317,0.3989681005477905,1.0908700227737427,0.07495257258415222
2300.0000000000005,0.39578044414520264,0.7583551406860352,-4.376487049739808e-05,0.4181729257106781,0.7568857073783875,-0.003538821591064334,0.4363502264022827,0.752740204334259,-0.02568444423377514,0.44863057136535645,0.754544198513031,-0.048386137932538986,0.4598618149757385,0.7588756084442139,-0.07354675978422165,0.43764394521713257,0.6812316179275513,-0.044810615479946136,0.4482717216014862,0.6616804599761963,-0.07035938650369644,0.4563019275665283,0.6470542550086975,-0.092167429625988,0.4627487361431122,0.6361619830131531,-0.10699298977851868,0.42104050517082214,0.6748085021972656,-0.055123548954725266,0.4379453659057617,0.7225595712661743,-0.08410236239433289,0.44287562370300293,0.7726597189903259,-0.08534643799066544,0.4447632133960724,0.8041554093360901,-0.08305885642766953,0.40472349524497986,0.6881176233291626,-0.06665343791246414,0.4217747151851654,0.7479480504989624,-0.09156275540590286,0.4229610860347748,0.7921754717826843,-0.08916465193033218,0.4220784902572632,0.8196955919265747,-0.08487902581691742,0.3883882761001587,0.7083495855331421,-0.07795766741037369,0.40483152866363525,0.7539449334144592,-0.08708494901657104,0.40945568680763245,0.7866921424865723,-0.0784127488732338,0.4106239080429077,0.8059790730476379,-0.06969235837459564,0.5633147954940796,0.7323689460754395,-5.3231440688250586e-05,0.5591022372245789,0.6723849773406982,-0.016956917941570282,0.5352929830551147,0.6314048171043396,-0.0288475900888443,0.5074499249458313,0.6186437010765076,-0.030645333230495453,0.4868340492248535,0.6203976273536682,-0.032606057822704315,0.5238052010536194,0.6861801147460938,-0.07165853679180145,0.4850956201553345,0.6752134561538696,-0.07841899245977402,0.4663635790348053,0.6617517471313477,-0.07118899375200272,0.45503491163253784,0.6518519520759583,-0.06196940317749977,0.5157224535942078,0.7207068800926208,-0.056511491537094116,0.48070526123046875,0.6849949359893799,-0.048479873687028885,0.47785118222236633,0.6548402905464172,-0.02543102763593197,0.4848819971084595,0.639319121837616,-0.01105027087032795,0.5114284753799438,0.7419232130050659,-0.03815130889415741,0.48440584540367126,0.7038633227348328,-0.030049506574869156,0.484295129776001,0.6775824427604675,-0.015314377844333649,0.49132969975471497,0.6664090156555176,-0.0067952764220535755,0.5100196003913879,0.7523515224456787,-0.02019188366830349,0.4893989861011505,0.7235685586929321,-0.012186520732939243,0.4883616268634796,0.7013870477676392,-0.0036660493351519108,0.4937812387943268,0.6889241933822632,0.0015496864216402173,0.517666220664978,0.32431066036224365,-0.0012478817952796817,0.5356746912002563,0.2804468870162964,7.659188122488558e-05,0.5467485785484314,0.2817145586013794,0.004691205453127623,0.557722806930542,0.28308504819869995,0.002157214330509305,0.502860426902771,0.2765147089958191,0.007120964583009481,0.4916341304779053,0.2753230631351471,-0.0017019702354446054,0.4806453287601471,0.27415934205055237,-0.003435201710090041,0.5730494260787964,0.30440765619277954,-0.004484876058995724,0.46211564540863037,0.29206913709640503,-0.0025445236824452877,0.5362378358840942,0.37800705432891846,-0.0011774286394938827,0.4947037100791931,0.37354737520217896,-0.0033512739464640617,0.6306409239768982,0.5495724678039551,-0.014007729478180408,0.386691153049469,0.5323241353034973,0.013694001361727715,0.7032030820846558,0.9115349054336548,-0.046985313296318054,0.2974754273891449,0.869231104850769,0.001125055830925703,0.5813127756118774,0.7360572814941406,-0.4317377209663391,0.3874678611755371,0.7590495944023132,-0.44356223940849304,0.5450636744499207,0.7330511212348938,0.00026247359346598387,0.40346741676330566,0.7710961699485779,-0.0026449125725775957,0.5283324122428894,0.6693036556243896,0.004311510361731052,0.4253458082675934,0.7183188796043396,-1.9425133359618485e-06,0.5363377332687378,0.683825671672821,-0.0025714279618114233,0.4235536456108093,0.7260618209838867,-0.0037927706725895405,0.5862346291542053,1.1040841341018677,-0.008981565944850445,0.399208128452301,1.0902575254440308,0.028638208284974098
2316.666666666667,0.40015560388565063,0.7724566459655762,-3.913031468982808e-05,0.4218900799751282,0.7687913179397583,-0.0008690757094882429,0.43478265404701233,0.7469378113746643,-0.01740790344774723,0.4453982412815094,0.734976053237915,-0.034146059304475784,0.45413872599601746,0.7288868427276611,-0.051252346485853195,0.4424734115600586,0.704380452632904,-0.047737207263708115,0.4500007629394531,0.6705904603004456,-0.07081050425767899,0.449964702129364,0.6678652763366699,-0.08989845961332321,0.4471616744995117,0.6718370318412781,-0.10118819773197174,0.4270501434803009,0.7047078609466553,-0.057673294097185135,0.44479817152023315,0.7497476935386658,-0.08278397470712662,0.4528658390045166,0.793938159942627,-0.0874619409441948,0.45788657665252686,0.8256666660308838,-0.09214681386947632,0.4121609330177307,0.7228921055793762,-0.06715067476034164,0.42684754729270935,0.7767522931098938,-0.08625185489654541,0.42932260036468506,0.8083263635635376,-0.08747485280036926,0.43042758107185364,0.8307393193244934,-0.09092708677053452,0.39997750520706177,0.7425341606140137,-0.07670789211988449,0.41316911578178406,0.7877922654151917,-0.08157815039157867,0.41875383257865906,0.8106111884117126,-0.07491642981767654,0.4206388592720032,0.8251620531082153,-0.06988081336021423,0.5556060671806335,0.7362484335899353,-4.177503797109239e-05,0.5492261648178101,0.6733337640762329,-0.012387513183057308,0.5265847444534302,0.632903516292572,-0.020492713898420334,0.5001764893531799,0.6185131669044495,-0.02035032957792282,0.4793640375137329,0.6189026832580566,-0.02029452472925186,0.5155186057090759,0.6798892617225647,-0.0588972270488739,0.480761855840683,0.6802731156349182,-0.07351848483085632,0.45765480399131775,0.6723638772964478,-0.07825426757335663,0.4415215849876404,0.6652711629867554,-0.07622798532247543,0.5076159238815308,0.7132984399795532,-0.043947894126176834,0.4744952917098999,0.6903592944145203,-0.039633817970752716,0.47113746404647827,0.6633676886558533,-0.019022377207875252,0.47751423716545105,0.6486091613769531,-0.004474624525755644,0.5033746957778931,0.73536217212677,-0.027156364172697067,0.47544705867767334,0.7100693583488464,-0.02342744544148445,0.47308284044265747,0.6838638186454773,-0.00988419633358717,0.4788067936897278,0.6697720885276794,-0.0004956526681780815,0.5021644830703735,0.7477856874465942,-0.010754941031336784,0.48150745034217834,0.727069079875946,-0.006001397501677275,0.47761815786361694,0.7073479890823364,0.0031594622414559126,0.4798816442489624,0.6947609782218933,0.00984866637736559,0.5179793834686279,0.3243553042411804,-0.0012476545525714755,0.5356872081756592,0.2804517149925232,7.666680903639644e-05,0.5467548966407776,0.28168773651123047,0.00468881381675601,0.5577191114425659,0.2829570472240448,0.0021588862873613834,0.5028715133666992,0.27675479650497437,0.0071087307296693325,0.49163874983787537,0.27576562762260437,-0.0018046698532998562,0.48066645860671997,0.2748502194881439,-0.003384979674592614,0.5729743838310242,0.3039768636226654,-0.004483538214117289,0.4621729552745819,0.2928663194179535,-0.0025373329408466816,0.5366565585136414,0.37799322605133057,-0.0011772377183660865,0.4951282739639282,0.3737894892692566,-0.0033567866776138544,0.6306348443031311,0.5497437119483948,-0.009439853951334953,0.3867495656013489,0.5323716998100281,0.00913096871227026,0.6985654830932617,0.9138669967651367,-0.03890225663781166,0.29773831367492676,0.8722242116928101,0.003200123319402337,0.5740416646003723,0.7359873056411743,-0.4256080985069275,0.38946792483329773,0.7883158922195435,-0.4255194365978241,0.537872850894928,0.7318097949028015,0.0002524069859646261,0.4084777235984802,0.8130020499229431,-0.002644389634951949,0.5231162309646606,0.6674147248268127,0.004315242171287537,0.4300828278064728,0.7539040446281433,-1.773128815329983e-06,0.530775785446167,0.6820639967918396,-0.0025700407568365335,0.4267987906932831,0.7562962770462036,-0.0037856113631278276,0.5874007344245911,1.1047958135604858,0.005803138483315706,0.4008147120475769,1.0914256572723389,0.06357119977474213
2333.3333333333335,0.40122175216674805,0.7795524597167969,-1.9948445697082207e-05,0.42352941632270813,0.771545946598053,0.0011878249933943152,0.4376841187477112,0.755734920501709,-0.017449457198381424,0.4484058618545532,0.7467330694198608,-0.03806258738040924,0.45868465304374695,0.7441427707672119,-0.06038450077176094,0.4402764141559601,0.7059207558631897,-0.04821827635169029,0.4486065208911896,0.6794962882995605,-0.07348712533712387,0.44981297850608826,0.6646071672439575,-0.09417153149843216,0.4485098719596863,0.6568045616149902,-0.10597468912601471,0.4245743453502655,0.7049494981765747,-0.05922272056341171,0.44213059544563293,0.7525452971458435,-0.08502822369337082,0.4488218128681183,0.7949209809303284,-0.08185708522796631,0.452380895614624,0.823371946811676,-0.07769624888896942,0.40992677211761475,0.7232442498207092,-0.07018296420574188,0.42636874318122864,0.7798571586608887,-0.0900988057255745,0.42827051877975464,0.8138035535812378,-0.08373226970434189,0.429199755191803,0.8336759209632874,-0.08047491312026978,0.3969462513923645,0.7450600862503052,-0.08087977766990662,0.41092541813850403,0.7915569543838501,-0.08731373399496078,0.41633880138397217,0.8161424398422241,-0.0775361880660057,0.41893821954727173,0.8304488658905029,-0.06917425990104675,0.5527697801589966,0.732248067855835,-3.575739174266346e-05,0.5484316945075989,0.6722144484519958,-0.012191828340291977,0.5256338715553284,0.6313157081604004,-0.020512975752353668,0.49878638982772827,0.6174149513244629,-0.02031317912042141,0.47907817363739014,0.6190362572669983,-0.020874757319688797,0.5159037113189697,0.6820919513702393,-0.06171264126896858,0.48004278540611267,0.680320680141449,-0.07485677301883698,0.45690661668777466,0.672092080116272,-0.07718537002801895,0.44035136699676514,0.665576696395874,-0.07352830469608307,0.5068555474281311,0.7155662178993225,-0.04679413512349129,0.47341886162757874,0.6907593011856079,-0.03994603827595711,0.46993160247802734,0.6640474200248718,-0.015805285423994064,0.47605836391448975,0.6513046622276306,0.0016789837973192334,0.5011575818061829,0.7379806041717529,-0.030114473775029182,0.4733505845069885,0.7106276750564575,-0.02367134764790535,0.4729315936565399,0.6851861476898193,-0.006786942947655916,0.4800615906715393,0.673297643661499,0.004958624951541424,0.49904534220695496,0.7508621215820312,-0.01383319403976202,0.4784628450870514,0.728588879108429,-0.007944196462631226,0.4760304093360901,0.708682656288147,0.002222527517005801,0.4793967306613922,0.6973108649253845,0.009914997965097427,0.5187665820121765,0.3242475390434265,-0.0012472091475501657,0.5361797213554382,0.28038230538368225,7.544270920334384e-05,0.5471751689910889,0.28155598044395447,0.004681809339672327,0.5580685138702393,0.2827984690666199,0.0021630090195685625,0.5035666823387146,0.2769072353839874,0.007088097278028727,0.4923814833164215,0.27603182196617126,-0.0018519422737881541,0.4814472198486328,0.27523094415664673,-0.0033507938496768475,0.5732790231704712,0.30384114384651184,-0.004476034548133612,0.4630218744277954,0.2935134172439575,-0.0025307931937277317,0.5374233722686768,0.377861350774765,-0.0011676015565171838,0.4960209131240845,0.37390100955963135,-0.00336774461902678,0.6310563087463379,0.5497585535049438,-0.008755013346672058,0.38693171739578247,0.5335588455200195,0.008448191918432713,0.698216438293457,0.9159283638000488,-0.04092060402035713,0.2977355718612671,0.8746722340583801,0.0032202238216996193,0.5722195506095886,0.7358819246292114,-0.42521703243255615,0.39086663722991943,0.7962427139282227,-0.42171087861061096,0.534925639629364,0.731374204158783,0.0002351333969272673,0.41087043285369873,0.8203576803207397,-0.0026418250054121017,0.521527886390686,0.6671040654182434,0.004319024737924337,0.4320286214351654,0.7605176568031311,-1.141369239121559e-06,0.5292272567749023,0.6816321015357971,-0.0025694009382277727,0.42840176820755005,0.7629114985466003,-0.0037767451722174883,0.587753176689148,1.1061891317367554,0.04601045325398445,0.40126702189445496,1.0942133665084839,0.08298779278993607
2350.0,0.4029979407787323,0.7926619648933411,-5.656999928760342e-05,0.4216407537460327,0.7853822112083435,-0.001864949008449912,0.4329460859298706,0.7668439745903015,-0.019892852753400803,0.44103267788887024,0.756763756275177,-0.037985097616910934,0.4487851858139038,0.7537063360214233,-0.05788427218794823,0.43849387764930725,0.7234020233154297,-0.04849839210510254,0.44429486989974976,0.6925138235092163,-0.07531123608350754,0.4451353847980499,0.6814941763877869,-0.09718958288431168,0.4439219832420349,0.6763709187507629,-0.11018779873847961,0.4241867661476135,0.72531658411026,-0.05818738415837288,0.4420852065086365,0.756078839302063,-0.0867927297949791,0.4498845338821411,0.7923885583877563,-0.08907144516706467,0.4536958634853363,0.8195969462394714,-0.08981990814208984,0.41108593344688416,0.7448312044143677,-0.06849022954702377,0.4251566529273987,0.7904500365257263,-0.0912615954875946,0.428901344537735,0.8204916715621948,-0.08840403705835342,0.43100789189338684,0.8404603004455566,-0.08768212050199509,0.3997679352760315,0.7680217623710632,-0.07875094562768936,0.4117385745048523,0.8057743906974792,-0.08726178854703903,0.41746842861175537,0.8259920477867126,-0.08047553896903992,0.41990163922309875,0.8392893671989441,-0.0763154923915863,0.5451875329017639,0.7363564372062683,-2.8222009859746322e-05,0.538345217704773,0.6767171621322632,-0.01716247946023941,0.5162989497184753,0.6371895670890808,-0.0262156892567873,0.49194613099098206,0.6195399761199951,-0.027022739872336388,0.47309374809265137,0.620573103427887,-0.02750684879720211,0.5005109310150146,0.6954445838928223,-0.0483686588704586,0.4702315628528595,0.6942412853240967,-0.05244568735361099,0.4507857859134674,0.6852946877479553,-0.05127090960741043,0.43896639347076416,0.6781269907951355,-0.04716154932975769,0.4948509931564331,0.7249881029129028,-0.031068559736013412,0.4671630859375,0.698859453201294,-0.02429995685815811,0.46650874614715576,0.6679542064666748,-0.009130861610174179,0.47566333413124084,0.6523750424385071,0.0008062275592237711,0.4927859902381897,0.7424114942550659,-0.01197732426226139,0.4704420864582062,0.7146061658859253,-0.004492632579058409,0.4690592885017395,0.6866281032562256,0.006755100097507238,0.47586938738822937,0.6718211770057678,0.014161849394440651,0.4933475852012634,0.7504536509513855,0.006145695690065622,0.4758825898170471,0.7290146946907043,0.012100051157176495,0.47239378094673157,0.7082817554473877,0.02117341198027134,0.47526130080223083,0.6943317651748657,0.02818676270544529,0.5196676254272461,0.3240594267845154,-0.0012590845581144094,0.5368263721466064,0.28014853596687317,7.526481203967705e-05,0.5478214621543884,0.2813199758529663,0.00467735156416893,0.5587156414985657,0.28258126974105835,0.002163719618692994,0.5041229724884033,0.27669742703437805,0.007065788377076387,0.4928775429725647,0.2758348882198334,-0.0019719016272574663,0.48188018798828125,0.2750495374202728,-0.0033392906188964844,0.5736870765686035,0.30356594920158386,-0.004460946191102266,0.46304967999458313,0.293478399515152,-0.0025210429448634386,0.538284182548523,0.3776765465736389,-0.001169717637822032,0.4965941607952118,0.3737800121307373,-0.0033989576622843742,0.6313698887825012,0.5497797727584839,-0.007875540293753147,0.38696515560150146,0.5377622842788696,0.007567271124571562,0.6979242563247681,0.9232766628265381,-0.042264752089977264,0.2985713481903076,0.8902223110198975,0.002894809003919363,0.5631590485572815,0.7358729839324951,-0.42773959040641785,0.3972839117050171,0.8054875731468201,-0.4279876947402954,0.5233637094497681,0.7314360737800598,0.00020748074166476727,0.4169173240661621,0.8321587443351746,-0.002641989616677165,0.5095186829566956,0.6670990586280823,0.004336506128311157,0.4403711259365082,0.7753911018371582,-1.0328307098461664e-06,0.5186978578567505,0.681766927242279,-0.0025693532079458237,0.43619030714035034,0.7774888873100281,-0.0037646794226020575,0.5936214923858643,1.1075736284255981,0.034922678023576736,0.4051688611507416,1.0996661186218262,0.08295968919992447
2366.6666666666665,0.40300342440605164,0.8063944578170776,-4.5347391278482974e-05,0.42148488759994507,0.799848198890686,-0.004214826039969921,0.4321262538433075,0.7868143320083618,-0.02465866506099701,0.4389483630657196,0.7779006958007812,-0.04579611122608185,0.4462340474128723,0.7732256650924683,-0.06896071135997772,0.4374498426914215,0.7317784428596497,-0.04615946114063263,0.4421321749687195,0.7020427584648132,-0.06840389221906662,0.4417586326599121,0.6837084293365479,-0.08930990844964981,0.4399931728839874,0.6716993451118469,-0.10372376441955566,0.4228374660015106,0.7301682829856873,-0.055832043290138245,0.44210875034332275,0.7556565999984741,-0.08193144202232361,0.45095768570899963,0.7898126840591431,-0.08799555897712708,0.45565879344940186,0.8164522051811218,-0.09279918670654297,0.4094982445240021,0.7470239996910095,-0.06578297168016434,0.4254412353038788,0.7953308820724487,-0.08849862962961197,0.4291958212852478,0.8280795812606812,-0.0868007242679596,0.43144166469573975,0.849290132522583,-0.08711336553096771,0.3970411419868469,0.7680603861808777,-0.07591337710618973,0.41109538078308105,0.8096010684967041,-0.0849175900220871,0.41733893752098083,0.832118570804596,-0.07802240550518036,0.421171098947525,0.8457797169685364,-0.07291370630264282,0.5415496826171875,0.733875036239624,-3.929665035684593e-05,0.537853479385376,0.6769518852233887,-0.019678954035043716,0.5154941082000732,0.6377257704734802,-0.029588287696242332,0.49012839794158936,0.6223564743995667,-0.02995593473315239,0.4711586534976959,0.623288094997406,-0.029190873727202415,0.49636998772621155,0.6993498802185059,-0.051891542971134186,0.466038316488266,0.6941531896591187,-0.05332291126251221,0.44870826601982117,0.6828472018241882,-0.04971124604344368,0.4384153485298157,0.6728978753089905,-0.04562697559595108,0.48973408341407776,0.7283437848091125,-0.03408936411142349,0.4637961685657501,0.694419801235199,-0.025523480027914047,0.4656725823879242,0.665763795375824,-0.009452486410737038,0.47602003812789917,0.6535515785217285,0.0009502936736680567,0.48806068301200867,0.744457483291626,-0.014552595093846321,0.467632919549942,0.7088159322738647,-0.005261458922177553,0.469664990901947,0.6826984286308289,0.005317372735589743,0.47832220792770386,0.6718436479568481,0.011694299057126045,0.48964357376098633,0.7506791949272156,0.004198580048978329,0.47211235761642456,0.725030243396759,0.009554514661431313,0.4696800112724304,0.703533947467804,0.016607049852609634,0.4735693037509918,0.6894242167472839,0.022914068773388863,0.5186498165130615,0.3233383297920227,-0.001265953411348164,0.5361646413803101,0.2798963487148285,7.465511589543894e-05,0.5471482276916504,0.2810632586479187,0.004672015551477671,0.5580326914787292,0.28232628107070923,0.0021659662015736103,0.5036189556121826,0.2765277326107025,0.007006273604929447,0.4924914240837097,0.27571335434913635,-0.002028167713433504,0.4816153943538666,0.2749653458595276,-0.0032987503800541162,0.5735785961151123,0.3035334348678589,-0.0044589270837605,0.4637410342693329,0.2934134304523468,-0.002515917643904686,0.5374103784561157,0.37723714113235474,-0.001169698778539896,0.4959011673927307,0.373425155878067,-0.0034190171863883734,0.6316614151000977,0.5509275794029236,-0.008582919836044312,0.3872896432876587,0.5392158627510071,0.008277974091470242,0.6957350969314575,0.9325477480888367,-0.04230178892612457,0.2988041341304779,0.8937200307846069,0.003324056975543499,0.556603729724884,0.7376317977905273,-0.42447811365127563,0.39688634872436523,0.813620388507843,-0.4199928641319275,0.5159068703651428,0.731452465057373,0.00019797439745161682,0.41500797867774963,0.8404994010925293,-0.0026421723887324333,0.5041537284851074,0.6672056317329407,0.004344743676483631,0.43827512860298157,0.783760666847229,3.614003617258277e-06,0.5135969519615173,0.6822592616081238,-0.002540608635172248,0.43462780117988586,0.785417377948761,-0.0037536337040364742,0.5935927033424377,1.1087807416915894,0.051167331635951996,0.4048769772052765,1.1016329526901245,0.09285686910152435
2383.3333333333335,0.40262430906295776,0.8130019307136536,-4.228850229992531e-05,0.421720951795578,0.8063011765480042,-0.002680945908650756,0.4337215721607208,0.7921955585479736,-0.02183786779642105,0.44132331013679504,0.7824444770812988,-0.04162658378481865,0.44839775562286377,0.7781965136528015,-0.06316103786230087,0.43780678510665894,0.7351460456848145,-0.041017498821020126,0.442480206489563,0.7103390693664551,-0.060727156698703766,0.4417801797389984,0.6905738115310669,-0.07913558930158615,0.44054582715034485,0.6725398302078247,-0.09281402081251144,0.4230368137359619,0.7322755455970764,-0.052259061485528946,0.44071128964424133,0.7558155655860901,-0.0774017795920372,0.44939619302749634,0.7901561260223389,-0.08502170443534851,0.45536863803863525,0.8167120218276978,-0.09005169570446014,0.40919995307922363,0.7469531297683716,-0.06304526329040527,0.42477595806121826,0.7942031025886536,-0.0843648910522461,0.4277455806732178,0.8299129009246826,-0.08426176011562347,0.4300583600997925,0.8530985713005066,-0.0842825323343277,0.39607876539230347,0.767482340335846,-0.07379668951034546,0.4104754626750946,0.8088561296463013,-0.0827365294098854,0.4163031578063965,0.834373950958252,-0.07585521787405014,0.42029428482055664,0.8499021530151367,-0.06996377557516098,0.5402171611785889,0.7315716743469238,-4.5998483983566985e-05,0.5384124517440796,0.6762769222259521,-0.02329648844897747,0.5166729688644409,0.6391679644584656,-0.03423408046364784,0.4911435842514038,0.6256304979324341,-0.03380775824189186,0.4718358516693115,0.6231887936592102,-0.0314093753695488,0.4989836513996124,0.7015820741653442,-0.062128856778144836,0.46719789505004883,0.6952107548713684,-0.06705725193023682,0.45131003856658936,0.6830325126647949,-0.06194504350423813,0.44148313999176025,0.6710877418518066,-0.05558738112449646,0.4910523295402527,0.7309015989303589,-0.04310767352581024,0.46296554803848267,0.6925247311592102,-0.0373765230178833,0.46399950981140137,0.6631375551223755,-0.018885457888245583,0.47367697954177856,0.6498333811759949,-0.006212069187313318,0.4879474639892578,0.7463383674621582,-0.022530551999807358,0.4654477834701538,0.7057595252990723,-0.01709933951497078,0.4677453637123108,0.6791484355926514,-0.004935411270707846,0.4765128195285797,0.6683824062347412,0.003253752598538995,0.4881608188152313,0.7512556910514832,-0.0028074809815734625,0.47035226225852966,0.7209898233413696,0.0005115421372465789,0.46926888823509216,0.6982852220535278,0.007048819679766893,0.47431060671806335,0.6845385432243347,0.01369042880833149,0.517914354801178,0.323192298412323,-0.0012705523986369371,0.5356860160827637,0.2797343134880066,7.442391506629065e-05,0.5466501116752625,0.28090041875839233,0.004669432062655687,0.5575165152549744,0.2821670174598694,0.0021665324456989765,0.5032667517662048,0.2763364613056183,0.006961647421121597,0.4922109842300415,0.27549847960472107,-0.0020710101816803217,0.48140427470207214,0.27472123503685,-0.003265323815867305,0.5733007192611694,0.3034473955631256,-0.0044533186592161655,0.4639677107334137,0.2931554913520813,-0.0025118200574070215,0.5366766452789307,0.37706458568573,-0.0011694032000377774,0.49530360102653503,0.37320131063461304,-0.003431875491514802,0.6312795877456665,0.5520845055580139,-0.00915413349866867,0.38713619112968445,0.5399678945541382,0.008852030150592327,0.6939771771430969,0.9357932209968567,-0.04244547337293625,0.2983563244342804,0.8942767977714539,0.004631538409739733,0.5536414384841919,0.7385897040367126,-0.4219623804092407,0.39511731266975403,0.8128807544708252,-0.4137667715549469,0.5127789378166199,0.7312491536140442,0.00018486694898456335,0.41287216544151306,0.8394656777381897,-0.0026417996268719435,0.5014889240264893,0.6670212745666504,0.0043485634960234165,0.4358414113521576,0.7817249894142151,6.58588032820262e-06,0.51097172498703,0.6824381351470947,-0.002519232453778386,0.43244287371635437,0.7834599614143372,-0.0037440769374370575,0.5928161144256592,1.1100225448608398,0.05701450631022453,0.4043762981891632,1.102798581123352,0.09760990738868713
2400.0,0.40386703610420227,0.821690559387207,-4.1490387957310304e-05,0.4223867356777191,0.8146620392799377,-0.006454393267631531,0.4331579804420471,0.8021506071090698,-0.02742348611354828,0.43978673219680786,0.794278085231781,-0.0485161729156971,0.4466460943222046,0.7905197143554688,-0.07045688480138779,0.4347092807292938,0.7437407374382019,-0.04684014990925789,0.4406360983848572,0.7207697033882141,-0.06785286962985992,0.44219183921813965,0.7083325386047363,-0.08552491664886475,0.44217145442962646,0.6989535689353943,-0.09834317117929459,0.420350581407547,0.7430987358093262,-0.05668649449944496,0.4389024078845978,0.7608954906463623,-0.08199191093444824,0.4480190575122833,0.7936497330665588,-0.08919868618249893,0.4531150758266449,0.8172272443771362,-0.09416437894105911,0.40746936202049255,0.7585277557373047,-0.06657282263040543,0.4235454797744751,0.8008899092674255,-0.08992362022399902,0.4277321994304657,0.8372173309326172,-0.09013573080301285,0.4298763871192932,0.859558641910553,-0.09024110436439514,0.39482608437538147,0.7794029712677002,-0.07635960727930069,0.4101441204547882,0.8154258131980896,-0.08837712556123734,0.4165160655975342,0.8409879207611084,-0.08348891884088516,0.4201369285583496,0.8557776808738708,-0.07893652468919754,0.5382878184318542,0.7372623682022095,-3.668417048174888e-05,0.5349544286727905,0.6833784580230713,-0.02540242299437523,0.5126296281814575,0.6463097929954529,-0.03814542293548584,0.48824018239974976,0.6297362446784973,-0.03813237324357033,0.46857520937919617,0.6304118037223816,-0.03458212688565254,0.49862685799598694,0.7110905647277832,-0.06796745955944061,0.4674980640411377,0.7084896564483643,-0.07379217445850372,0.45270803570747375,0.6953573226928711,-0.06778723001480103,0.4453241527080536,0.68287193775177,-0.06146083399653435,0.4921641945838928,0.7377926111221313,-0.04843248054385185,0.46047312021255493,0.7028023600578308,-0.044854629784822464,0.46344518661499023,0.6704770922660828,-0.025063252076506615,0.47471973299980164,0.6583424806594849,-0.011093554086983204,0.48941075801849365,0.7517622113227844,-0.027282942086458206,0.4631179869174957,0.7161638140678406,-0.0234166719019413,0.4662196934223175,0.6866298913955688,-0.010225672274827957,0.47554802894592285,0.6755502820014954,-0.0009386974270455539,0.4890733063220978,0.7562069296836853,-0.007618182338774204,0.4689878523349762,0.7318446040153503,-0.00685630738735199,0.4646654725074768,0.7082661986351013,-0.0022232974879443645,0.46626055240631104,0.694324791431427,0.002554178237915039,0.5177791118621826,0.32213765382766724,-0.0012710219016298652,0.5355353951454163,0.2789384722709656,7.906484825070947e-05,0.5464925765991211,0.2802445888519287,0.004649203736335039,0.5573561787605286,0.2816488742828369,0.002170295687392354,0.503130316734314,0.2752462327480316,0.00688130920752883,0.49207720160484314,0.2743154764175415,-0.002112657530233264,0.48127201199531555,0.2734309136867523,-0.0032129695173352957,0.5733276009559631,0.3034447431564331,-0.004452726803719997,0.46395301818847656,0.2924039363861084,-0.002516398672014475,0.5365904569625854,0.3766879439353943,-0.0011695439461618662,0.49518030881881714,0.37239623069763184,-0.003438828280195594,0.6310542821884155,0.5538978576660156,-0.009534488432109356,0.38713017106056213,0.542565643787384,0.009232875891029835,0.6929623484611511,0.9360318779945374,-0.043460067361593246,0.2996165454387665,0.8960100412368774,0.009202869608998299,0.5520227551460266,0.7447598576545715,-0.43131116032600403,0.39425039291381836,0.820013701915741,-0.4155648946762085,0.5114101767539978,0.7361456751823425,0.0001747142378007993,0.4115813076496124,0.848263144493103,-0.002637250814586878,0.4996318221092224,0.6720440983772278,0.004348610062152147,0.4341169595718384,0.7903742790222168,7.631107109773438e-06,0.5093330144882202,0.6879212260246277,-0.0024982569739222527,0.43102920055389404,0.791058361530304,-0.003736155340448022,0.5925388932228088,1.1122814416885376,0.06423410773277283,0.4048193395137787,1.107132077217102,0.10131777822971344
2416.666666666667,0.4011412560939789,0.8281415700912476,-5.752167271566577e-05,0.4203314781188965,0.8261823058128357,-0.008020211011171341,0.4339665174484253,0.8144576549530029,-0.028203075751662254,0.4428556561470032,0.8057650923728943,-0.04888560622930527,0.4517064392566681,0.8009063005447388,-0.07080119848251343,0.4350605607032776,0.7508764266967773,-0.04198174551129341,0.44222310185432434,0.7311462759971619,-0.06229232996702194,0.4452107846736908,0.7151763439178467,-0.08034979552030563,0.4475403428077698,0.697931170463562,-0.09400566667318344,0.4210243225097656,0.7445910573005676,-0.05180806294083595,0.4382759928703308,0.7636407017707825,-0.07776688039302826,0.4473702609539032,0.7960028648376465,-0.08804596960544586,0.45302361249923706,0.8199081420898438,-0.09448003768920898,0.40731364488601685,0.7565757036209106,-0.061703845858573914,0.4234504997730255,0.8028873801231384,-0.08612566441297531,0.42692121863365173,0.8402586579322815,-0.08975685387849808,0.4284893572330475,0.863942563533783,-0.09098280221223831,0.3939862847328186,0.7771551012992859,-0.07161354273557663,0.4096581041812897,0.8172981142997742,-0.08469721674919128,0.41547077894210815,0.8445457816123962,-0.08062021434307098,0.41844213008880615,0.8605569005012512,-0.07535852491855621,0.5395798683166504,0.7364600300788879,-3.834410381386988e-05,0.5348899960517883,0.682426393032074,-0.024781404063105583,0.5132806301116943,0.6466675996780396,-0.03747052326798439,0.48932647705078125,0.6316921710968018,-0.03793860971927643,0.4698745608329773,0.6301217675209045,-0.03543232008814812,0.4999580383300781,0.7133362293243408,-0.06821855157613754,0.4698232412338257,0.707385241985321,-0.07455188781023026,0.4552329182624817,0.6948406100273132,-0.06864245235919952,0.4470064043998718,0.6830366253852844,-0.062418922781944275,0.49253562092781067,0.7411766052246094,-0.04900910705327988,0.46269693970680237,0.7048279643058777,-0.04538731649518013,0.46449407935142517,0.6748915314674377,-0.02557048760354519,0.47472360730171204,0.6629791855812073,-0.011494200676679611,0.4894241690635681,0.7553236484527588,-0.02822800725698471,0.4646480977535248,0.7161687016487122,-0.02365581877529621,0.4684846103191376,0.6889424324035645,-0.008612426929175854,0.4778915047645569,0.6792566776275635,0.002077506622299552,0.48892104625701904,0.7585657835006714,-0.00870758481323719,0.47007328271865845,0.7309706807136536,-0.008504396304488182,0.4667372703552246,0.7066861391067505,-0.003287272294983268,0.4687257707118988,0.6918240189552307,0.002924618311226368,0.5176652073860168,0.32169777154922485,-0.0012966833310201764,0.535535991191864,0.27791404724121094,8.05072850198485e-05,0.5464988350868225,0.27922776341438293,0.00463831378147006,0.5573839545249939,0.2806592285633087,0.0021757062058895826,0.5031160712242126,0.2741515338420868,0.006840123794972897,0.49205249547958374,0.2731521427631378,-0.0021235186140984297,0.4812350869178772,0.27219000458717346,-0.0032122950069606304,0.5734169483184814,0.3027261793613434,-0.004442982841283083,0.46390244364738464,0.2910045087337494,-0.0025166149716824293,0.5365480780601501,0.3764234781265259,-0.0011739882174879313,0.49498358368873596,0.37202176451683044,-0.003439380321651697,0.6310955286026001,0.5541234016418457,-0.009404252283275127,0.38676509261131287,0.5452784299850464,0.009105676785111427,0.6924960017204285,0.93791264295578,-0.04275292158126831,0.3024768829345703,0.9072972536087036,0.010098924860358238,0.5527856349945068,0.7462151050567627,-0.4338335692882538,0.39637458324432373,0.8272952437400818,-0.42071208357810974,0.5120694041252136,0.7394677400588989,0.00017133966321125627,0.41291022300720215,0.8528809547424316,-0.002637073863297701,0.499862939119339,0.6748601198196411,0.004349652212113142,0.4349687993526459,0.795482873916626,1.0431451300974004e-05,0.5094507932662964,0.6903283596038818,-0.0024797392543405294,0.4319670498371124,0.7966841459274292,-0.0037325245793908834,0.5928435325622559,1.1140632629394531,0.05829977989196777,0.4048170745372772,1.1107773780822754,0.09350001066923141
2433.3333333333335,0.40089160203933716,0.8342266082763672,-6.049530202290043e-05,0.42066314816474915,0.835396409034729,-0.014087900519371033,0.43679383397102356,0.8285990953445435,-0.03801693767309189,0.4478493928909302,0.8210838437080383,-0.06107272580265999,0.454636812210083,0.8147991895675659,-0.08490025997161865,0.43583396077156067,0.7599131464958191,-0.042621515691280365,0.4418269991874695,0.7361469864845276,-0.063837930560112,0.4435619115829468,0.7183547019958496,-0.08145356923341751,0.44534802436828613,0.7000971436500549,-0.09488511830568314,0.4208599030971527,0.753267228603363,-0.05077708140015602,0.4381187856197357,0.7638479471206665,-0.08292960375547409,0.44786298274993896,0.7944163680076599,-0.09798404574394226,0.4535403847694397,0.8183030486106873,-0.10687348246574402,0.4062396287918091,0.7637084722518921,-0.05953969806432724,0.4221935570240021,0.8042184710502625,-0.08991648256778717,0.4262353777885437,0.8424241542816162,-0.09534032642841339,0.42819035053253174,0.86780846118927,-0.0963262990117073,0.3917955160140991,0.7836611270904541,-0.06917966902256012,0.40705400705337524,0.8185722231864929,-0.08662234246730804,0.41288092732429504,0.8463256359100342,-0.08518576622009277,0.4160160422325134,0.8645622134208679,-0.08050326257944107,0.5378798246383667,0.7416154146194458,-3.7244666600599885e-05,0.5334113836288452,0.6854103803634644,-0.022924235090613365,0.5123896598815918,0.650825560092926,-0.035017043352127075,0.48955410718917847,0.6354113817214966,-0.03581934794783592,0.4694163501262665,0.6324137449264526,-0.033552952110767365,0.49959760904312134,0.7150107622146606,-0.06207624450325966,0.46972382068634033,0.709669828414917,-0.06703562289476395,0.4557862877845764,0.6984896659851074,-0.060711394995450974,0.44848859310150146,0.6887046694755554,-0.05409375950694084,0.4926735460758209,0.7416523098945618,-0.04362666606903076,0.46209555864334106,0.7034749984741211,-0.03957575187087059,0.4652445316314697,0.6736964583396912,-0.02187226712703705,0.4763859212398529,0.6639728546142578,-0.009280991740524769,0.4891570806503296,0.7565776109695435,-0.023732339963316917,0.46330881118774414,0.7172426581382751,-0.019302120432257652,0.46827444434165955,0.6886093020439148,-0.005584117956459522,0.4785785973072052,0.6790438294410706,0.0041348012164235115,0.48781508207321167,0.7616904973983765,-0.005033814813941717,0.46924424171447754,0.730978786945343,-0.0041902693919837475,0.46813443303108215,0.7065346837043762,0.0008366110268980265,0.4717382490634918,0.6936513185501099,0.006945193279534578,0.5174403190612793,0.3216530382633209,-0.0013126061530783772,0.5354999303817749,0.277566522359848,9.119750029640272e-05,0.5464314222335815,0.2788195013999939,0.004627913236618042,0.5573133826255798,0.28019535541534424,0.0021757495123893023,0.5030507445335388,0.27394354343414307,0.006813708692789078,0.4919397830963135,0.27297157049179077,-0.0021339012309908867,0.48106974363327026,0.27203837037086487,-0.0032109301537275314,0.5734802484512329,0.30243784189224243,-0.004440228920429945,0.4637953042984009,0.2909279763698578,-0.002516492735594511,0.5365294814109802,0.37640824913978577,-0.0011834193719550967,0.49478980898857117,0.3720228970050812,-0.003439720720052719,0.6312077045440674,0.5548768043518066,-0.011043037287890911,0.38675689697265625,0.5463622808456421,0.010758290067315102,0.6921147704124451,0.9374313950538635,-0.04537681117653847,0.303751677274704,0.905969500541687,0.01566566713154316,0.5499559640884399,0.7457929253578186,-0.4394974708557129,0.3961482048034668,0.8241375088691711,-0.4207122027873993,0.5088779926300049,0.7391581535339355,0.00016854818386491388,0.41293150186538696,0.8502181768417358,-0.0026370889972895384,0.49646425247192383,0.6748770475387573,0.00435058306902647,0.43500444293022156,0.7921633124351501,1.3176642823964357e-05,0.5064079165458679,0.6904746294021606,-0.0024672190193086863,0.4319629669189453,0.7935763001441956,-0.003727345960214734,0.5921409726142883,1.1165111064910889,0.04950087144970894,0.4047005772590637,1.1123400926589966,0.08891509473323822
2450.0,0.4017049968242645,0.844719409942627,-3.73696893802844e-05,0.4221627116203308,0.8436380624771118,-0.014200344681739807,0.4406208395957947,0.835846483707428,-0.040217768400907516,0.4542492926120758,0.8276755809783936,-0.06529580056667328,0.45695051550865173,0.8179203867912292,-0.09095275402069092,0.43625742197036743,0.7607645392417908,-0.043076589703559875,0.4434477686882019,0.7401081919670105,-0.06578067690134048,0.4455757439136505,0.7238364815711975,-0.08001021295785904,0.44710779190063477,0.7066229581832886,-0.09061397612094879,0.4203193187713623,0.7545598149299622,-0.052053678780794144,0.43647029995918274,0.7627503275871277,-0.08604919910430908,0.44491592049598694,0.791259229183197,-0.10455583781003952,0.44991353154182434,0.8103602528572083,-0.11560665816068649,0.4047605097293854,0.7642413973808289,-0.060699257999658585,0.4217528998851776,0.8044271469116211,-0.09220775961875916,0.42636367678642273,0.844749391078949,-0.09744569659233093,0.4283754825592041,0.8699036240577698,-0.09671789407730103,0.3905344009399414,0.7864193320274353,-0.07092398405075073,0.40643778443336487,0.8208990097045898,-0.08783212304115295,0.4132622182369232,0.8520520329475403,-0.08553239703178406,0.4169212579727173,0.8734061121940613,-0.08002858608961105,0.5363031029701233,0.7416284680366516,-3.69535518984776e-05,0.5325281023979187,0.6855353116989136,-0.025963740423321724,0.5118536949157715,0.6510607600212097,-0.03902706876397133,0.4892835319042206,0.6364123225212097,-0.039938196539878845,0.4697829782962799,0.6331787705421448,-0.03803208842873573,0.500983715057373,0.7158533930778503,-0.06739034503698349,0.4705958664417267,0.7116928100585938,-0.07523632049560547,0.45542100071907043,0.7009221911430359,-0.07127736508846283,0.4466722011566162,0.6912776231765747,-0.0662522166967392,0.4929189383983612,0.7423316240310669,-0.04774126410484314,0.4621633291244507,0.7028840780258179,-0.045210205018520355,0.4645785391330719,0.6730464696884155,-0.026705076918005943,0.47566816210746765,0.6627461314201355,-0.013268858194351196,0.4883977770805359,0.7563492059707642,-0.027198363095521927,0.46236753463745117,0.7148416638374329,-0.024628199636936188,0.4665614068508148,0.6854893565177917,-0.011260900646448135,0.476666659116745,0.6753182411193848,-0.0016715435776859522,0.48648539185523987,0.7604178190231323,-0.007816458120942116,0.4687747657299042,0.7280954718589783,-0.007891366258263588,0.46800094842910767,0.703269362449646,-0.0033844809513539076,0.471739262342453,0.6902365684509277,0.0021433355286717415,0.5172231197357178,0.3214309811592102,-0.0013175256317481399,0.535491943359375,0.27712392807006836,0.00010054031736217439,0.5464780926704407,0.27839571237564087,0.004612312186509371,0.5573990941047668,0.2797948122024536,0.0021787004079669714,0.5029959082603455,0.2734045684337616,0.006781444884836674,0.49186384677886963,0.2723623216152191,-0.002152745146304369,0.48097485303878784,0.2713533043861389,-0.0032012222800403833,0.5735131502151489,0.3020457625389099,-0.004428969230502844,0.46378734707832336,0.2899983525276184,-0.0025165972765535116,0.5363665819168091,0.37623223662376404,-0.001184368273243308,0.4945051074028015,0.37172165513038635,-0.003439852735027671,0.6311547160148621,0.5547786951065063,-0.011563488282263279,0.38652244210243225,0.5461858510971069,0.011293550953269005,0.6915309429168701,0.9373512864112854,-0.04554371535778046,0.3037979304790497,0.9063853621482849,0.016269706189632416,0.5486918091773987,0.7455047369003296,-0.4400644898414612,0.39577823877334595,0.8242542743682861,-0.42046892642974854,0.5072702765464783,0.7390485405921936,0.0001660124253248796,0.4129734933376312,0.8504331111907959,-0.00263697886839509,0.4950345754623413,0.6746406555175781,0.00435190973803401,0.4346259832382202,0.7918047308921814,1.5798770618857816e-05,0.5051096081733704,0.6902514696121216,-0.0024597598239779472,0.43151822686195374,0.7931153178215027,-0.0037226455751806498,0.5916624665260315,1.1166353225708008,0.050565678626298904,0.40429171919822693,1.1121876239776611,0.08946439623832703
2466.666666666667,0.4024508595466614,0.856004536151886,-4.137910946155898e-05,0.4236823320388794,0.8528979420661926,-0.010980327613651752,0.4427356719970703,0.8400567770004272,-0.03462311625480652,0.4561353027820587,0.8282293081283569,-0.05916314944624901,0.45746487379074097,0.8172785043716431,-0.08491309732198715,0.4357280135154724,0.7643556594848633,-0.03706523776054382,0.44698548316955566,0.7512439489364624,-0.0598144456744194,0.4468071758747101,0.7610209584236145,-0.07099813967943192,0.4439361095428467,0.7675417065620422,-0.07728979736566544,0.42019450664520264,0.7605593204498291,-0.04825478047132492,0.4385276734828949,0.7683783769607544,-0.07793797552585602,0.4442230463027954,0.7966472506523132,-0.09561525285243988,0.4468340277671814,0.8136548399925232,-0.10804309695959091,0.4051089286804199,0.7686684131622314,-0.058541081845760345,0.4247651994228363,0.8075803518295288,-0.08681298792362213,0.42656299471855164,0.8481452465057373,-0.09181810915470123,0.42572036385536194,0.8738791942596436,-0.0933975800871849,0.39165744185447693,0.7884172797203064,-0.07052074372768402,0.40821725130081177,0.8201684355735779,-0.08509966731071472,0.4122794270515442,0.8511160612106323,-0.08158744871616364,0.4133286476135254,0.8720013499259949,-0.07822822034358978,0.5342945456504822,0.7388901114463806,-4.1594536014599726e-05,0.5321396589279175,0.6849424839019775,-0.02769528143107891,0.5124006867408752,0.6505448818206787,-0.0422469899058342,0.4898420572280884,0.636077344417572,-0.04435994103550911,0.469730943441391,0.6324566602706909,-0.043518420308828354,0.5024958848953247,0.7161051034927368,-0.07415395975112915,0.4725241959095001,0.7107572555541992,-0.0848335474729538,0.4567756652832031,0.7010036706924438,-0.08295281231403351,0.44755619764328003,0.6922703981399536,-0.0798109620809555,0.492970734834671,0.7412986159324646,-0.05437804013490677,0.4619753956794739,0.6999501585960388,-0.053480830043554306,0.465130090713501,0.6715326309204102,-0.03344465419650078,0.4767995774745941,0.6631200909614563,-0.018785255029797554,0.48701420426368713,0.7548285126686096,-0.03394916653633118,0.4609668254852295,0.7102102637290955,-0.03259120509028435,0.4664163589477539,0.6826941967010498,-0.017379239201545715,0.47723978757858276,0.6749507784843445,-0.006548963487148285,0.4838447868824005,0.7588050961494446,-0.014865879900753498,0.46634402871131897,0.725524365901947,-0.017704198136925697,0.46465060114860535,0.7003320455551147,-0.014669726602733135,0.466992050409317,0.6870599389076233,-0.010389436967670918,0.5172169804573059,0.32142966985702515,-0.001318560098297894,0.5354743003845215,0.2768867015838623,0.00012184920342406258,0.546447217464447,0.27811190485954285,0.004599152132868767,0.5573633313179016,0.2794634699821472,0.0021790461614727974,0.5029805898666382,0.2732405662536621,0.006778685841709375,0.4918152093887329,0.2722078263759613,-0.0021599610336124897,0.4808902144432068,0.2712107300758362,-0.0031991295982152224,0.5734993815422058,0.30160650610923767,-0.0044288551434874535,0.4637013077735901,0.2898501753807068,-0.0025169847067445517,0.5363482236862183,0.37622153759002686,-0.0011844132095575333,0.49444904923439026,0.37171992659568787,-0.0034404920879751444,0.6311502456665039,0.5550071001052856,-0.012393923476338387,0.38633668422698975,0.546296238899231,0.012139852158725262,0.6907074451446533,0.9379059672355652,-0.045298587530851364,0.3035973906517029,0.9062739014625549,0.024179501459002495,0.5488313436508179,0.7469043731689453,-0.44237905740737915,0.39316484332084656,0.824565589427948,-0.4185290038585663,0.5070759057998657,0.7412773966789246,0.00016130291623994708,0.41139835119247437,0.8520559668540955,-0.0026366712991148233,0.49525997042655945,0.6755712032318115,0.004352642688900232,0.43246349692344666,0.7918527722358704,1.6548186977161095e-05,0.5052633881568909,0.6910169720649719,-0.0024564170744270086,0.42942187190055847,0.7928429841995239,-0.0037215473130345345,0.5908795595169067,1.1174167394638062,0.05218338966369629,0.4040500223636627,1.112444281578064,0.09349928796291351
2483.3333333333335,0.4027637541294098,0.8658636212348938,-4.6393553930101916e-05,0.4248983561992645,0.8614122867584229,-0.010692054405808449,0.4451925456523895,0.845440149307251,-0.03282126784324646,0.45846134424209595,0.8308045864105225,-0.05592221021652222,0.45828744769096375,0.8186292052268982,-0.08165270835161209,0.4362605810165405,0.7694065570831299,-0.030053045600652695,0.4464051127433777,0.7585218548774719,-0.05064006522297859,0.4483371675014496,0.7648693919181824,-0.062264811247587204,0.44738173484802246,0.7712649703025818,-0.0692470371723175,0.421341210603714,0.7640295028686523,-0.04046108201146126,0.4386897087097168,0.7733879685401917,-0.06633040308952332,0.44499462842941284,0.7986255288124084,-0.08295945078134537,0.4481143057346344,0.8160687685012817,-0.0954684242606163,0.4060036540031433,0.7716906070709229,-0.05069056525826454,0.4255273938179016,0.8091922998428345,-0.07668629288673401,0.42721039056777954,0.8500378131866455,-0.08283600956201553,0.42623990774154663,0.8781396150588989,-0.0850600004196167,0.39222481846809387,0.7911751866340637,-0.06210213527083397,0.4089140295982361,0.8217986226081848,-0.07734812796115875,0.4128316640853882,0.8528452515602112,-0.07424242049455643,0.41367945075035095,0.8747274875640869,-0.0708189457654953,0.5337706208229065,0.7411401867866516,-3.3875228837132454e-05,0.5315285325050354,0.6906029582023621,-0.026565033942461014,0.5130178332328796,0.656247615814209,-0.041879214346408844,0.4906369745731354,0.6406849026679993,-0.044661328196525574,0.4696243703365326,0.6378087401390076,-0.043893180787563324,0.502162754535675,0.7207064032554626,-0.07278338819742203,0.4727798402309418,0.7099026441574097,-0.08400477468967438,0.45761796832084656,0.7019957900047302,-0.08277560025453568,0.44852304458618164,0.6967661380767822,-0.08055079728364944,0.49301010370254517,0.7440888285636902,-0.05405927449464798,0.4608430862426758,0.7017582654953003,-0.054192718118429184,0.4653853178024292,0.6759688258171082,-0.034129027277231216,0.4765557646751404,0.669740617275238,-0.019562507048249245,0.4868107736110687,0.7562458515167236,-0.03475136682391167,0.46009939908981323,0.7122344374656677,-0.03538705036044121,0.467742919921875,0.6877049207687378,-0.020264223217964172,0.47898098826408386,0.6827876567840576,-0.009794944897294044,0.48302027583122253,0.7585166096687317,-0.01681477576494217,0.4641346037387848,0.7262622714042664,-0.0221161637455225,0.4606788456439972,0.7017385959625244,-0.021257812157273293,0.46064135432243347,0.689031183719635,-0.018978111445903778,0.5172516703605652,0.3203880488872528,-0.0013212250778451562,0.535524308681488,0.2752039134502411,0.00013567083806265146,0.5464990139007568,0.2763545513153076,0.0045935772359371185,0.5573938488960266,0.27763423323631287,0.002188268583267927,0.502983570098877,0.2716202735900879,0.006777277681976557,0.4917829930782318,0.2705787420272827,-0.002162674907594919,0.4808136224746704,0.2695728838443756,-0.0031959328334778547,0.5735576748847961,0.2996078431606293,-0.004428400658071041,0.4634539484977722,0.2881713807582855,-0.0025175814516842365,0.5363832116127014,0.3752325177192688,-0.001189419417642057,0.49444007873535156,0.3708368241786957,-0.0034415642730891705,0.6312603950500488,0.5550563931465149,-0.01103195734322071,0.38585036993026733,0.5461168885231018,0.010772034525871277,0.6899638175964355,0.9389863610267639,-0.04132029786705971,0.3030620515346527,0.9063097834587097,0.019497333094477654,0.5494881868362427,0.7480543255805969,-0.43827006220817566,0.393184095621109,0.8243163824081421,-0.42112499475479126,0.5079700946807861,0.7423873543739319,0.0001612475753063336,0.41141027212142944,0.8518692255020142,-0.002635503886267543,0.49624934792518616,0.6767610907554626,0.00435276236385107,0.43260303139686584,0.7926247119903564,1.688005249889102e-05,0.506102979183197,0.6922042369842529,-0.002453914377838373,0.42948564887046814,0.7936596274375916,-0.003718954510986805,0.5910182595252991,1.1179413795471191,0.04560495913028717,0.40380749106407166,1.112488865852356,0.07941880077123642
2500.0,0.4000224173069,0.871139645576477,-4.1232098737964407e-05,0.42203035950660706,0.8694568872451782,-0.008137717843055725,0.44422852993011475,0.8518226146697998,-0.027659283950924873,0.458280473947525,0.8340075016021729,-0.04956797882914543,0.45699286460876465,0.8188754320144653,-0.07139232754707336,0.43409380316734314,0.769908607006073,-0.025116590782999992,0.4451649487018585,0.7658093571662903,-0.04670238122344017,0.4477063715457916,0.7881855964660645,-0.05658511444926262,0.4478447437286377,0.8059011101722717,-0.0590154230594635,0.42029595375061035,0.7644148468971252,-0.03614750877022743,0.43722110986709595,0.7730104327201843,-0.06022344157099724,0.4424005448818207,0.8005924224853516,-0.07338978350162506,0.444478839635849,0.8206737637519836,-0.08201242983341217,0.40538859367370605,0.7717715501785278,-0.04794003814458847,0.4248349666595459,0.8065285086631775,-0.07240866869688034,0.42594897747039795,0.8467230200767517,-0.07675763219594955,0.4246816635131836,0.8746522068977356,-0.077543243765831,0.3921740651130676,0.7908391356468201,-0.06059690937399864,0.4085448086261749,0.8204351663589478,-0.07454322278499603,0.41222304105758667,0.850340723991394,-0.07253012806177139,0.41294771432876587,0.8715843558311462,-0.07003406435251236,0.5338523387908936,0.739127516746521,-3.7464298657141626e-05,0.5312681198120117,0.6896832585334778,-0.0243688877671957,0.5131993293762207,0.6565892100334167,-0.038353875279426575,0.49091461300849915,0.6405212879180908,-0.041186969727277756,0.4704071581363678,0.6368768215179443,-0.04073949158191681,0.5008898973464966,0.7221744060516357,-0.06301621347665787,0.4721740782260895,0.7071184515953064,-0.0711575299501419,0.4586625397205353,0.6976364254951477,-0.06786134839057922,0.4509151577949524,0.6920076608657837,-0.0647067055106163,0.49236905574798584,0.7443258762359619,-0.04614298418164253,0.46085506677627563,0.7023329734802246,-0.046678394079208374,0.46440568566322327,0.6762629747390747,-0.030998608097434044,0.47530218958854675,0.6692231893539429,-0.01859079673886299,0.4868100881576538,0.7557516098022461,-0.02883121743798256,0.4592348635196686,0.7121149897575378,-0.02955678291618824,0.4660937488079071,0.6857549548149109,-0.017419997602701187,0.4770716726779938,0.6786885857582092,-0.008411809802055359,0.48360496759414673,0.7572306394577026,-0.012631021440029144,0.46280065178871155,0.7260391116142273,-0.017981616780161858,0.4575793147087097,0.7015538811683655,-0.01840716414153576,0.45608511567115784,0.6882376670837402,-0.01666344329714775,0.5172582268714905,0.3202481269836426,-0.001326166675426066,0.5355454087257385,0.27455639839172363,0.0001415744045516476,0.5465586185455322,0.27562811970710754,0.004588982090353966,0.5575038194656372,0.276829332113266,0.002188493497669697,0.5029834508895874,0.2710668742656708,0.006769075058400631,0.4917686879634857,0.27002811431884766,-0.0021644446533173323,0.4807755947113037,0.26902273297309875,-0.0031921416521072388,0.5735933184623718,0.29847097396850586,-0.004423928912729025,0.46329307556152344,0.287386953830719,-0.0025177437346428633,0.5364107489585876,0.37498676776885986,-0.001191409071907401,0.49442458152770996,0.37072089314460754,-0.003442022018134594,0.6313005685806274,0.5551151037216187,-0.010461881756782532,0.38566046953201294,0.5459722280502319,0.010183761827647686,0.6890779137611389,0.941196084022522,-0.03930586576461792,0.3029336631298065,0.9062833189964294,0.018343990668654442,0.5496691465377808,0.7480664849281311,-0.4340410530567169,0.3936339020729065,0.8243010640144348,-0.420687198638916,0.5082935690879822,0.7424677014350891,0.00015970614913385361,0.41185733675956726,0.8518785834312439,-0.002635005861520767,0.4964986741542816,0.6768293380737305,0.004354996141046286,0.4334923028945923,0.7928200364112854,1.7425689293304458e-05,0.5063648819923401,0.6922622919082642,-0.0024524074979126453,0.43027985095977783,0.7939305305480957,-0.0037174068856984377,0.5909585952758789,1.1183580160140991,0.04147399216890335,0.40340372920036316,1.1124672889709473,0.07568315416574478
2516.6666666666665,0.3979633152484894,0.8737118244171143,-4.057734986417927e-05,0.42042112350463867,0.8755818605422974,-0.0076285796239972115,0.4434947073459625,0.8591809272766113,-0.02535928227007389,0.45855727791786194,0.8416035175323486,-0.04560384154319763,0.4592053294181824,0.8238123655319214,-0.06552067399024963,0.43540242314338684,0.7785984873771667,-0.021106574684381485,0.4455062448978424,0.7723431587219238,-0.04204264283180237,0.4482956528663635,0.7932554483413696,-0.052647531032562256,0.4484647214412689,0.8113778233528137,-0.05621324107050896,0.42216768860816956,0.7701176404953003,-0.03197099268436432,0.4381488859653473,0.7736684083938599,-0.05638083070516586,0.4440758526325226,0.798602819442749,-0.07149234414100647,0.4466986656188965,0.8192585110664368,-0.08110146969556808,0.40707927942276,0.7746009826660156,-0.04358764365315437,0.4251042306423187,0.8063653707504272,-0.06867364794015884,0.42651399970054626,0.8468523621559143,-0.0738675445318222,0.42571622133255005,0.8758246898651123,-0.07457608729600906,0.3932211399078369,0.7907292246818542,-0.05583633482456207,0.4083266854286194,0.821384608745575,-0.07143888622522354,0.41188761591911316,0.8519787192344666,-0.06994907557964325,0.4130139946937561,0.8735921382904053,-0.066925548017025,0.5340189337730408,0.741951584815979,-3.309849853394553e-05,0.5296846032142639,0.6958808898925781,-0.019389458000659943,0.5111977458000183,0.6625939011573792,-0.0329735241830349,0.4890700578689575,0.6452069878578186,-0.037117429077625275,0.4697803556919098,0.6426611542701721,-0.036205489188432693,0.4976437985897064,0.7296845316886902,-0.05659075826406479,0.4716157019138336,0.7122260928153992,-0.06510071456432343,0.46071451902389526,0.6999990940093994,-0.06185804679989815,0.45500096678733826,0.6916224956512451,-0.05863860249519348,0.48980581760406494,0.7492154240608215,-0.043027639389038086,0.4608822464942932,0.7049102783203125,-0.04485258087515831,0.46496376395225525,0.6793689131736755,-0.029913634061813354,0.4741888642311096,0.6729646325111389,-0.017809703946113586,0.4846939444541931,0.7580161690711975,-0.029291199520230293,0.4592261016368866,0.7094403505325317,-0.030602524057030678,0.4672453999519348,0.6846665143966675,-0.018565408885478973,0.47767138481140137,0.6797296404838562,-0.009350636042654514,0.4819251298904419,0.7569193840026855,-0.016980763524770737,0.4612186551094055,0.7264686822891235,-0.023999352008104324,0.453687459230423,0.7028519511222839,-0.027213364839553833,0.4498952627182007,0.6891935467720032,-0.028083013370633125,0.5172864198684692,0.31984347105026245,-0.0013304650783538818,0.5355477333068848,0.2739919424057007,0.00014315967564471066,0.5466024279594421,0.27501532435417175,0.0045875259675085545,0.5575812458992004,0.2761685848236084,0.002189885824918747,0.5029162168502808,0.27062174677848816,0.006763775367289782,0.4916554093360901,0.2696187496185303,-0.0021676698233932257,0.4806137681007385,0.2686450779438019,-0.0031827539205551147,0.57359379529953,0.29774561524391174,-0.004419239703565836,0.46299096941947937,0.2870599627494812,-0.0025167688727378845,0.5364490747451782,0.37447699904441833,-0.001190905342809856,0.49437570571899414,0.37036070227622986,-0.003442494897171855,0.6313345432281494,0.5550743937492371,-0.01054401509463787,0.38553380966186523,0.5454853177070618,0.010274787433445454,0.6883260011672974,0.94122314453125,-0.0389472059905529,0.3026696741580963,0.9068858623504639,0.017311926931142807,0.5500459671020508,0.7502917051315308,-0.42893925309181213,0.39447885751724243,0.8252797722816467,-0.41375449299812317,0.5089051723480225,0.7443591952323914,0.0001596224174136296,0.4120315909385681,0.8522993922233582,-0.0026318798772990704,0.4970807433128357,0.678226888179779,0.004355486482381821,0.4336918294429779,0.79305100440979,1.7740905605023727e-05,0.5068519711494446,0.6935179233551025,-0.0024506631307303905,0.4306446611881256,0.7941606640815735,-0.003712696023285389,0.5904658436775208,1.1184121370315552,0.06708842515945435,0.40332040190696716,1.1121102571487427,0.10737792402505875
2533.3333333333335,0.39617204666137695,0.8740323185920715,-4.609879761119373e-05,0.41876885294914246,0.8759386539459229,-0.00817728042602539,0.4436156749725342,0.8586481213569641,-0.02562681958079338,0.45936426520347595,0.8402400016784668,-0.04647791013121605,0.4592490494251251,0.8217806220054626,-0.06705207377672195,0.43249908089637756,0.7806132435798645,-0.018841411918401718,0.44511908292770386,0.7763420343399048,-0.04258520156145096,0.449168860912323,0.7983240485191345,-0.054195575416088104,0.450163334608078,0.8175531029701233,-0.057531461119651794,0.4196908175945282,0.77191561460495,-0.028406376019120216,0.4369041323661804,0.7744349837303162,-0.053671468049287796,0.4449525773525238,0.7982576489448547,-0.06867985427379608,0.4490905702114105,0.818962037563324,-0.077057845890522,0.4052431285381317,0.7756502628326416,-0.0393393374979496,0.4250909090042114,0.80330491065979,-0.06639967858791351,0.42851290106773376,0.8430202007293701,-0.07185058295726776,0.4284845292568207,0.8740858435630798,-0.0713900551199913,0.39252883195877075,0.7906361818313599,-0.05071123316884041,0.40891557931900024,0.8195275664329529,-0.06795571744441986,0.41299599409103394,0.8501368761062622,-0.06666800379753113,0.414124459028244,0.8737123608589172,-0.0626780316233635,0.5330483317375183,0.7441763281822205,-2.934887925221119e-05,0.5306804776191711,0.6938656568527222,-0.027375882491469383,0.512492299079895,0.6606143116950989,-0.04475168511271477,0.48992064595222473,0.6469224095344543,-0.04976872727274895,0.46880751848220825,0.6475899815559387,-0.05077929422259331,0.5022536516189575,0.7231102585792542,-0.07797510921955109,0.47351914644241333,0.7115031480789185,-0.09108483791351318,0.45934587717056274,0.7044824361801147,-0.09071595221757889,0.4515523612499237,0.6993196606636047,-0.08920273929834366,0.4924868047237396,0.7476037740707397,-0.06001244857907295,0.4603126049041748,0.7066229581832886,-0.06262333691120148,0.4650866985321045,0.6842353343963623,-0.04348256438970566,0.47617101669311523,0.6785038709640503,-0.029370443895459175,0.4857623875141144,0.760386049747467,-0.04135137051343918,0.4584513306617737,0.7147436738014221,-0.043056670576334,0.46736401319503784,0.691552460193634,-0.02620037831366062,0.47987547516822815,0.6869962215423584,-0.014818713068962097,0.481627881526947,0.7631117701530457,-0.024379776790738106,0.46222612261772156,0.7289942502975464,-0.03028658591210842,0.4598378837108612,0.7045989036560059,-0.028900422155857086,0.46110305190086365,0.6920914649963379,-0.02619357407093048,0.5172682404518127,0.31949499249458313,-0.0013320900034159422,0.5355377793312073,0.27367082238197327,0.0001442406210117042,0.5465968251228333,0.27470502257347107,0.004587325733155012,0.5575799345970154,0.2758706212043762,0.002190430648624897,0.502905011177063,0.2702760100364685,0.0067634591832757,0.4916505217552185,0.26926496624946594,-0.0021696898620575666,0.480609655380249,0.26828134059906006,-0.003181341104209423,0.5735958218574524,0.29753193259239197,-0.0044169677421450615,0.46293389797210693,0.2867608666419983,-0.0025167104322463274,0.5364336371421814,0.37415412068367004,-0.0011915809009224176,0.4943348169326782,0.37000179290771484,-0.0034425044432282448,0.6313257217407227,0.5549825429916382,-0.010732394643127918,0.3854794502258301,0.5452849268913269,0.01046585664153099,0.6881968379020691,0.9411646127700806,-0.03911250829696655,0.3028419017791748,0.9070795178413391,0.016824491322040558,0.5502358078956604,0.7523156404495239,-0.4282954931259155,0.3953513205051422,0.8268062472343445,-0.41285383701324463,0.5094472169876099,0.7465664148330688,0.0001589012535987422,0.4138658940792084,0.8530504107475281,-0.0026290297973901033,0.4977702498435974,0.680375874042511,0.0043556890450417995,0.4347647726535797,0.7934972643852234,1.8494947653380223e-05,0.5072690844535828,0.6953023672103882,-0.002446087310090661,0.4315476715564728,0.7945883870124817,-0.00371268461458385,0.5903264284133911,1.1184381246566772,0.06798868626356125,0.4033256769180298,1.111954689025879,0.10840722173452377
2550.0000000000005,0.39429032802581787,0.8762387633323669,-4.7961097152438015e-05,0.4174532890319824,0.8789044618606567,-0.007594633381813765,0.442977637052536,0.8599607348442078,-0.024849524721503258,0.4591883420944214,0.8403487801551819,-0.04586504027247429,0.4590017795562744,0.821173369884491,-0.06663034856319427,0.4331589937210083,0.7826899290084839,-0.016826221719384193,0.444851279258728,0.7776409983634949,-0.04026823490858078,0.4482855796813965,0.7982820868492126,-0.051777880638837814,0.44860729575157166,0.816062331199646,-0.0556810162961483,0.4203045964241028,0.7731029391288757,-0.02680833637714386,0.43672287464141846,0.7759889960289001,-0.051969803869724274,0.44502079486846924,0.798660933971405,-0.06762905418872833,0.44943660497665405,0.8191236257553101,-0.0766327753663063,0.40568605065345764,0.7757300138473511,-0.03787289187312126,0.4253188967704773,0.8051511645317078,-0.06457942724227905,0.4283440411090851,0.844606876373291,-0.0694463849067688,0.428099125623703,0.8757725358009338,-0.06855644285678864,0.3928874433040619,0.7896674275398254,-0.04952853173017502,0.40949004888534546,0.8201534748077393,-0.0664447695016861,0.4134935736656189,0.851032555103302,-0.06452077627182007,0.41465920209884644,0.8744850158691406,-0.059701718389987946,0.5341321229934692,0.7474408149719238,-3.5062847018707544e-05,0.531367301940918,0.6952453851699829,-0.02663133107125759,0.512611448764801,0.661069929599762,-0.04203842207789421,0.4900455176830292,0.6457751989364624,-0.045215483754873276,0.4692923426628113,0.6451512575149536,-0.04464470595121384,0.5027932524681091,0.72471022605896,-0.07267077267169952,0.4726601839065552,0.7124297022819519,-0.08208279311656952,0.4595264196395874,0.7041001915931702,-0.07772861421108246,0.45302408933639526,0.699822723865509,-0.07325007021427155,0.49432551860809326,0.7506976127624512,-0.05441435053944588,0.4604942500591278,0.713452160358429,-0.05657118931412697,0.4622906446456909,0.687940776348114,-0.039651308208703995,0.4728511571884155,0.6804817318916321,-0.027017313987016678,0.4886140823364258,0.7646015882492065,-0.034751635044813156,0.459635853767395,0.7233178019523621,-0.03506054729223251,0.4645124673843384,0.6975977420806885,-0.020146097987890244,0.47465309500694275,0.6909531950950623,-0.009399695321917534,0.4855351448059082,0.768057107925415,-0.016543110832571983,0.4654662311077118,0.7368788123130798,-0.019334910437464714,0.46312958002090454,0.7131116390228271,-0.016210000962018967,0.4649438261985779,0.7011175155639648,-0.011592745780944824,0.5172263383865356,0.31940358877182007,-0.0013342112069949508,0.5355106592178345,0.27360787987709045,0.00014566926984116435,0.5465802550315857,0.27463391423225403,0.004585195332765579,0.5575739741325378,0.2757919728755951,0.0021906381007283926,0.5028769969940186,0.27024129033088684,0.006759692449122667,0.4916273057460785,0.2692405879497528,-0.002171618863940239,0.4805947244167328,0.2682650089263916,-0.0031760672573000193,0.5735875964164734,0.2975158989429474,-0.0044158282689750195,0.46291929483413696,0.2867628335952759,-0.0025166263803839684,0.53640216588974,0.37406638264656067,-0.0011916108196601272,0.49428680539131165,0.3699650168418884,-0.0034434807021170855,0.6312918066978455,0.5549428462982178,-0.010784323327243328,0.38546591997146606,0.5452721118927002,0.010519858449697495,0.6879127025604248,0.941125750541687,-0.03819660842418671,0.3028612434864044,0.9072396755218506,0.016666095703840256,0.5503075122833252,0.753728449344635,-0.42431193590164185,0.3963458836078644,0.8279624581336975,-0.41084522008895874,0.5097496509552002,0.747814953327179,0.00015675667964387685,0.41521820425987244,0.8537509441375732,-0.0026268099900335073,0.49840614199638367,0.6815835237503052,0.00435778871178627,0.43593722581863403,0.7939429879188538,1.940095899044536e-05,0.5076730251312256,0.6963533163070679,-0.0024402823764830828,0.43264225125312805,0.7949974536895752,-0.0037112857680767775,0.5903232097625732,1.1183855533599854,0.07236715406179428,0.40332481265068054,1.1118947267532349,0.11340468376874924
2566.666666666667,0.3924028277397156,0.879314661026001,-5.6212713388958946e-05,0.4166119694709778,0.8805489540100098,-0.006042136810719967,0.4414614140987396,0.8631044626235962,-0.022036809474229813,0.45796164870262146,0.8478192687034607,-0.041081320494413376,0.4618026316165924,0.8303935527801514,-0.05999456346035004,0.43270882964134216,0.7829708456993103,-0.0200441163033247,0.44612807035446167,0.7852274179458618,-0.04355407506227493,0.44944271445274353,0.8122013211250305,-0.05466616526246071,0.45006701350212097,0.834925651550293,-0.05770665779709816,0.4198479652404785,0.7761128544807434,-0.030935389921069145,0.43800675868988037,0.7869154810905457,-0.05395892634987831,0.44424551725387573,0.818568766117096,-0.06557705998420715,0.4475870728492737,0.844383716583252,-0.07190520316362381,0.405687153339386,0.7823096513748169,-0.0429142527282238,0.42563873529434204,0.8149468898773193,-0.06661204248666763,0.4275951385498047,0.8557519912719727,-0.07075341790914536,0.4272342324256897,0.8855064511299133,-0.07068856060504913,0.3936491012573242,0.7990109920501709,-0.05531910061836243,0.40987926721572876,0.8311396837234497,-0.06967824697494507,0.4128640294075012,0.8613621592521667,-0.06691587716341019,0.4136999249458313,0.8830808997154236,-0.0631980374455452,0.5326958298683167,0.7539648413658142,-2.4983090042951517e-05,0.5284560918807983,0.7046910524368286,-0.02396690845489502,0.5094618797302246,0.6757516860961914,-0.03748336806893349,0.48672255873680115,0.6634344458580017,-0.04117317497730255,0.46789515018463135,0.6605768799781799,-0.04091187193989754,0.4912385642528534,0.7280601263046265,-0.050301481038331985,0.46319717168807983,0.7094578146934509,-0.0527874231338501,0.4598257541656494,0.6994438171386719,-0.04421718791127205,0.46230968832969666,0.6961590647697449,-0.035740651190280914,0.4849478304386139,0.7513208389282227,-0.03377297893166542,0.45724228024482727,0.7162753939628601,-0.03447071835398674,0.4662635624408722,0.6966335773468018,-0.023206213489174843,0.47749438881874084,0.6940019726753235,-0.012825959362089634,0.4825412333011627,0.7656896710395813,-0.016759468242526054,0.4590209424495697,0.7291964888572693,-0.01649879664182663,0.4696410000324249,0.7075846791267395,-0.0070942845195531845,0.4808042049407959,0.7031427025794983,0.0012159931939095259,0.4829815924167633,0.771406888961792,-0.0009936254937201738,0.4652353823184967,0.7422309517860413,-0.0012344216229394078,0.4695005416870117,0.72393399477005,0.0037029387895017862,0.47627291083335876,0.7169697284698486,0.011133944615721703,0.5171393156051636,0.31913289427757263,-0.0013347433414310217,0.535464346408844,0.2734634578227997,0.00014648142678197473,0.5465546250343323,0.2745191752910614,0.004581573884934187,0.5575656890869141,0.2757067382335663,0.002191669074818492,0.5027979016304016,0.2700080871582031,0.00675898278132081,0.4915357530117035,0.2689756155014038,-0.0021738423965871334,0.4804932177066803,0.2679647207260132,-0.0031752721406519413,0.5735552906990051,0.2974972426891327,-0.004414712078869343,0.4627726078033447,0.28646913170814514,-0.0025176398921757936,0.5362882614135742,0.3738718032836914,-0.0011916295625269413,0.49412351846694946,0.3696504831314087,-0.003441352630034089,0.6311228275299072,0.5547353625297546,-0.01101501751691103,0.38527795672416687,0.544744074344635,0.010752133093774319,0.6880440711975098,0.9404602646827698,-0.034894682466983795,0.3027927279472351,0.9069994688034058,0.013911073096096516,0.5503357648849487,0.760766863822937,-0.41178688406944275,0.3961004316806793,0.8275210857391357,-0.4050165116786957,0.5104420185089111,0.7577662467956543,0.00015169093967415392,0.41479116678237915,0.8530539274215698,-0.002618226455524564,0.4986054599285126,0.6928269863128662,0.004358247853815556,0.4356432259082794,0.7933295965194702,1.928756682900712e-05,0.5077958703041077,0.7058932781219482,-0.002424909034743905,0.43245288729667664,0.7944445610046387,-0.0037100641056895256,0.5900806784629822,1.1182864904403687,0.06933905184268951,0.4027802050113678,1.111283779144287,0.11101886630058289
2583.3333333333335,0.3921589255332947,0.8800960779190063,-4.656469536712393e-05,0.4162302613258362,0.8821130990982056,-0.006839287467300892,0.44173166155815125,0.8652134537696838,-0.021866191178560257,0.4579165279865265,0.8491609692573547,-0.04023836925625801,0.46051159501075745,0.8323421478271484,-0.058795228600502014,0.4324759244918823,0.7872704267501831,-0.017962494865059853,0.44613441824913025,0.7879464030265808,-0.04432845115661621,0.4512522220611572,0.8120985627174377,-0.058548279106616974,0.45310941338539124,0.8345919847488403,-0.06394694000482559,0.4198075830936432,0.778946042060852,-0.027654534205794334,0.43821120262145996,0.7841748595237732,-0.053140539675951004,0.4454832971096039,0.8159505724906921,-0.06611809879541397,0.44874307513237,0.8450430035591125,-0.071798175573349,0.4056086838245392,0.7830771803855896,-0.03907512128353119,0.4255835711956024,0.8112246990203857,-0.06555875390768051,0.4289216995239258,0.8524940013885498,-0.06993961334228516,0.42905041575431824,0.8849741220474243,-0.06839346885681152,0.39305174350738525,0.7980732917785645,-0.05071265250444412,0.4096457064151764,0.8284859657287598,-0.06816542893648148,0.4132038950920105,0.8595176339149475,-0.06568626314401627,0.4143963158130646,0.8820626735687256,-0.06102266535162926,0.5344772338867188,0.7591365575790405,-2.8921787816216238e-05,0.5296114087104797,0.7038094401359558,-0.023785647004842758,0.5087456107139587,0.6730701923370361,-0.035661809146404266,0.4853057265281677,0.6628476977348328,-0.037548042833805084,0.46796098351478577,0.6674162149429321,-0.03628820180892944,0.48993611335754395,0.7348343729972839,-0.048424433916807175,0.46072113513946533,0.7151776552200317,-0.04745576158165932,0.45992839336395264,0.7001609206199646,-0.03626633435487747,0.46576017141342163,0.6956959366798401,-0.027071138843894005,0.48592323064804077,0.7627594470977783,-0.031527839601039886,0.45833924412727356,0.7275248765945435,-0.027218904346227646,0.4661948084831238,0.7045989036560059,-0.015622350387275219,0.4782126545906067,0.7002766132354736,-0.006941452156752348,0.4856204390525818,0.778551459312439,-0.013516820967197418,0.4614905118942261,0.7419830560684204,-0.008667206391692162,0.46935269236564636,0.7175927758216858,0.0010395311983302236,0.4800521731376648,0.7108963131904602,0.007289251312613487,0.48799043893814087,0.7844438552856445,0.0030023022554814816,0.4692104458808899,0.755503237247467,0.006840319372713566,0.471037894487381,0.734707772731781,0.013210007920861244,0.47716185450553894,0.7257882952690125,0.020151017233729362,0.5170866847038269,0.3190171420574188,-0.001335266511887312,0.5354275703430176,0.27342361211776733,0.0001508822460891679,0.5465318560600281,0.274494469165802,0.004573061130940914,0.5575549602508545,0.2757004201412201,0.0021936141420155764,0.5027426481246948,0.2699379622936249,0.006747654173523188,0.49147722125053406,0.26889967918395996,-0.002181022195145488,0.4804340898990631,0.26788443326950073,-0.00317056430503726,0.5735470056533813,0.2975652515888214,-0.004410021938383579,0.46273073554039,0.2863979935646057,-0.0025196457281708717,0.5362425446510315,0.37377694249153137,-0.0011922988342121243,0.49406468868255615,0.36953532695770264,-0.0034363081213086843,0.631083607673645,0.554735541343689,-0.010933103039860725,0.3851832151412964,0.5447257161140442,0.010670945979654789,0.6882678270339966,0.9403834342956543,-0.032887741923332214,0.30302661657333374,0.908153772354126,0.013379361480474472,0.5504232048988342,0.765249490737915,-0.40805914998054504,0.3968510925769806,0.827274739742279,-0.40385061502456665,0.5108062028884888,0.7629109025001526,0.0001489618152845651,0.4154123365879059,0.8527615666389465,-0.002616237150505185,0.49875789880752563,0.6984089612960815,0.004358577076345682,0.4359246790409088,0.7932642102241516,1.954270373971667e-05,0.5079475045204163,0.7109635472297668,-0.0024171650875359774,0.4328097403049469,0.7943974733352661,-0.003709172597154975,0.5900691747665405,1.1183826923370361,0.060009073466062546,0.4027445316314697,1.1113477945327759,0.09797637909650803
2600.0,0.39910873770713806,0.8902220726013184,-5.6652344937901944e-05,0.42294085025787354,0.8878567218780518,-0.012303035706281662,0.44282039999961853,0.8742510080337524,-0.03180705010890961,0.4558625817298889,0.8655896186828613,-0.051094941794872284,0.4625401496887207,0.8558881282806396,-0.07147745788097382,0.4342024028301239,0.7945504784584045,-0.03556910902261734,0.4414988160133362,0.7852435111999512,-0.05921713635325432,0.4461950659751892,0.781463623046875,-0.07314570993185043,0.44948700070381165,0.7819697260856628,-0.08247779309749603,0.419423371553421,0.7898544669151306,-0.04376237839460373,0.43643373250961304,0.7992745041847229,-0.07231519371271133,0.4467518627643585,0.8303003907203674,-0.08591784536838531,0.4527469277381897,0.8591645956039429,-0.09449092298746109,0.4041999876499176,0.8001426458358765,-0.0522574745118618,0.42172154784202576,0.837174117565155,-0.08067360520362854,0.42755356431007385,0.8769740462303162,-0.084311842918396,0.42999041080474854,0.9074079990386963,-0.08357979357242584,0.3904586434364319,0.8203456997871399,-0.06089840456843376,0.4056907892227173,0.8492586016654968,-0.07729796320199966,0.4120122194290161,0.8782573342323303,-0.07108039408922195,0.41476479172706604,0.9010071158409119,-0.06335929036140442,0.5357877612113953,0.7710262537002563,-3.269398439442739e-05,0.5312115550041199,0.7240779995918274,-0.027811050415039062,0.5112067461013794,0.6954886317253113,-0.039915781468153,0.4882090091705322,0.682087242603302,-0.04046082869172096,0.46861931681632996,0.6796461343765259,-0.03620901703834534,0.4977366328239441,0.7581623196601868,-0.05469620227813721,0.4685322642326355,0.7480762600898743,-0.061616551131010056,0.4576977789402008,0.728104293346405,-0.056343305855989456,0.4532894492149353,0.714073896408081,-0.05097402632236481,0.4909099042415619,0.7768898606300354,-0.03681521490216255,0.4609193801879883,0.7434011697769165,-0.04176227003335953,0.464219331741333,0.7124996185302734,-0.0320516899228096,0.47395458817481995,0.7025675177574158,-0.022933609783649445,0.48702287673950195,0.7853638529777527,-0.019569840282201767,0.4611752927303314,0.7476896643638611,-0.024210916832089424,0.46880605816841125,0.7181620597839355,-0.016702333465218544,0.4801386594772339,0.7102463841438293,-0.008982913568615913,0.48577165603637695,0.7862087488174438,-0.0038954741321504116,0.46541547775268555,0.756595253944397,-0.009131239727139473,0.4658428430557251,0.7317212820053101,-0.008260838687419891,0.47072866559028625,0.7200192213058472,-0.004181239288300276,0.5170263051986694,0.3189411163330078,-0.0013329724315553904,0.5353729128837585,0.2734948396682739,0.00018320424715057015,0.5464929938316345,0.27462038397789,0.004545366391539574,0.5575318932533264,0.27589187026023865,0.002194500295445323,0.5026678442955017,0.26992714405059814,0.006711612921208143,0.4913986921310425,0.26886865496635437,-0.002190657425671816,0.4803548753261566,0.2678375244140625,-0.003154180711135268,0.5735292434692383,0.2980516254901886,-0.004408861976116896,0.462656170129776,0.28644731640815735,-0.00254071201197803,0.5362051129341125,0.37368422746658325,-0.0011808322742581367,0.4940066337585449,0.3694954812526703,-0.003432957921177149,0.6308232545852661,0.5554816722869873,-0.010783541016280651,0.38513410091400146,0.5453866720199585,0.010515352711081505,0.6884178519248962,0.9392629265785217,-0.020843517035245895,0.3041192591190338,0.9062058925628662,0.022704564034938812,0.5513383150100708,0.7860896587371826,-0.4132823050022125,0.3934311270713806,0.8369616270065308,-0.4032759666442871,0.51145339012146,0.7894364595413208,0.00014602950250264257,0.41105741262435913,0.8680523037910461,-0.0026017397176474333,0.49954521656036377,0.7213042378425598,0.0043576727621257305,0.4309624433517456,0.8061875700950623,-4.723578513221582e-06,0.5089308619499207,0.7308455109596252,-0.0024104539770632982,0.4286655783653259,0.8040608167648315,-0.003716006875038147,0.5887795090675354,1.1190754175186157,0.08439415693283081,0.4026844799518585,1.1124612092971802,0.11983954161405563
2616.6666666666665,0.3969952464103699,0.8912937045097351,-5.16092695761472e-05,0.41996097564697266,0.8915213942527771,-0.010712613351643085,0.4420739710330963,0.8782881498336792,-0.028403265401721,0.45692089200019836,0.8668613433837891,-0.04615797847509384,0.46147239208221436,0.8542124629020691,-0.06475437432527542,0.43374714255332947,0.7968360185623169,-0.03371227905154228,0.44317567348480225,0.791551947593689,-0.05676752328872681,0.4492610692977905,0.7951701879501343,-0.06957513093948364,0.45340386033058167,0.8022598028182983,-0.07602102309465408,0.41957205533981323,0.7898260354995728,-0.04200831428170204,0.4365084767341614,0.8025169372558594,-0.06683745980262756,0.4455720782279968,0.8322913646697998,-0.07898104190826416,0.4508926272392273,0.8586653470993042,-0.08698458969593048,0.40420880913734436,0.7975860238075256,-0.05053330212831497,0.42275911569595337,0.8354381322860718,-0.07463233917951584,0.4271002411842346,0.8759974837303162,-0.07932775467634201,0.42833802103996277,0.906260073184967,-0.08069746941328049,0.3905879557132721,0.8163964748382568,-0.059265878051519394,0.406006783246994,0.8490157723426819,-0.07376883178949356,0.41185539960861206,0.8788095116615295,-0.0692439079284668,0.4145738482475281,0.9010725617408752,-0.0639752522110939,0.5382340550422668,0.7743431329727173,-2.9933422410977073e-05,0.532880961894989,0.7251366972923279,-0.02293531224131584,0.5128649473190308,0.6945337057113647,-0.036420129239559174,0.4906499683856964,0.6807025671005249,-0.039544206112623215,0.47167912125587463,0.6777240037918091,-0.038867466151714325,0.5011159181594849,0.7532422542572021,-0.06103714928030968,0.47155073285102844,0.7518774271011353,-0.06705329567193985,0.4580550789833069,0.739759624004364,-0.060665834695100784,0.45101967453956604,0.7288390398025513,-0.05521510913968086,0.4950181245803833,0.7802138924598694,-0.04522795230150223,0.4640309512615204,0.7540478110313416,-0.04895086959004402,0.4630303680896759,0.7213004231452942,-0.03790362551808357,0.4707214832305908,0.705276608467102,-0.028286555781960487,0.4922533333301544,0.7953240871429443,-0.027976587414741516,0.46468183398246765,0.7637913823127747,-0.029469534754753113,0.4680054485797882,0.7344452142715454,-0.01922106184065342,0.4773208200931549,0.7233135104179382,-0.010634135454893112,0.4921451508998871,0.8011741042137146,-0.011702903546392918,0.4703918695449829,0.7763670682907104,-0.01303068920969963,0.46762725710868835,0.7530142664909363,-0.00906077865511179,0.47049248218536377,0.7405503988265991,-0.003121858462691307,0.5168330669403076,0.31845149397850037,-0.0013282884610816836,0.5352762341499329,0.2733882665634155,0.00023608849733136594,0.5464063882827759,0.27459007501602173,0.004519183188676834,0.5574535727500916,0.275860458612442,0.0022054293658584356,0.5026053786277771,0.26958581805229187,0.0066908723674714565,0.4913368225097656,0.268425852060318,-0.0021953072864562273,0.4802967607975006,0.2672884166240692,-0.003131135134026408,0.5734493732452393,0.2979651093482971,-0.004402981139719486,0.4626162052154541,0.2861023247241974,-0.0025634088087826967,0.5359918475151062,0.3733580708503723,-0.001174179487861693,0.49372225999832153,0.3687145709991455,-0.0034266547299921513,0.6302890777587891,0.5557683706283569,-0.010297884233295918,0.38506877422332764,0.5454269647598267,0.01006140187382698,0.6883839964866638,0.9384763240814209,-0.015161081217229366,0.3043287694454193,0.9037404656410217,0.02402340993285179,0.5528457164764404,0.7934216260910034,-0.4179575741291046,0.39075008034706116,0.8399420380592346,-0.4041120111942291,0.5130736827850342,0.7988406419754028,0.00014366861432790756,0.40820255875587463,0.8726020455360413,-0.0025874734856188297,0.5010542273521423,0.7296578288078308,0.004356550518423319,0.4282819628715515,0.8101634383201599,-2.6441088266437873e-05,0.5104570388793945,0.7383753657341003,-0.002404354978352785,0.426112562417984,0.8073812127113342,-0.0037204925902187824,0.5873304009437561,1.1191052198410034,0.09213671088218689,0.4022522568702698,1.1125136613845825,0.1251746565103531
2633.3333333333335,0.39547333121299744,0.897301971912384,-5.1842354878317565e-05,0.4199836850166321,0.8950035572052002,-0.00909729115664959,0.44331711530685425,0.8796745538711548,-0.027644874528050423,0.45937058329582214,0.8674160242080688,-0.04704174026846886,0.4618508815765381,0.8538954854011536,-0.0668986514210701,0.4343588054180145,0.7959084510803223,-0.03298833966255188,0.445827841758728,0.8033883571624756,-0.05657460168004036,0.44858285784721375,0.8314276933670044,-0.06668578833341599,0.45040619373321533,0.8531938791275024,-0.06982646882534027,0.4193853437900543,0.789939820766449,-0.04247834533452988,0.43702295422554016,0.805495023727417,-0.06662985682487488,0.4447995126247406,0.835868239402771,-0.0783076137304306,0.44991520047187805,0.8615123629570007,-0.08595672249794006,0.40349501371383667,0.7984063625335693,-0.05232936516404152,0.4227299988269806,0.8359609246253967,-0.07659108191728592,0.4268527328968048,0.8755070567131042,-0.08114127069711685,0.4284951686859131,0.9053213000297546,-0.082549549639225,0.3897053897380829,0.8183784484863281,-0.062352899461984634,0.4057268798351288,0.8491649031639099,-0.07657546550035477,0.412058025598526,0.8779339790344238,-0.07317645847797394,0.41574034094810486,0.9001209735870361,-0.069222591817379,0.539006233215332,0.7762605547904968,-3.633225060184486e-05,0.5317606329917908,0.7252091765403748,-0.02236388623714447,0.5105721950531006,0.6949897408485413,-0.03707802668213844,0.4881172478199005,0.6847379207611084,-0.04179837554693222,0.46967020630836487,0.6834086179733276,-0.04542183876037598,0.5036071538925171,0.7509917616844177,-0.0674661174416542,0.47247523069381714,0.7509924173355103,-0.07540448009967804,0.45667216181755066,0.7423563599586487,-0.06979738175868988,0.4485470652580261,0.7323548197746277,-0.06467865407466888,0.49819669127464294,0.7828190922737122,-0.052676111459732056,0.465271532535553,0.7626618146896362,-0.058328352868556976,0.4575579762458801,0.7331275939941406,-0.048413388431072235,0.46074748039245605,0.7127713561058044,-0.039384473115205765,0.495134562253952,0.8026744723320007,-0.035169243812561035,0.4654477536678314,0.7744215726852417,-0.036958012729883194,0.46543556451797485,0.7469786405563354,-0.024044176563620567,0.47246065735816956,0.7323980331420898,-0.013398966751992702,0.49444684386253357,0.8125462532043457,-0.018612626940011978,0.47138556838035583,0.7886995077133179,-0.02029026485979557,0.4701513648033142,0.7668553590774536,-0.013222445733845234,0.474881649017334,0.753471851348877,-0.005203880835324526,0.5166749954223633,0.3183740973472595,-0.0013211595360189676,0.5352040529251099,0.2733753025531769,0.0002790489234030247,0.5463420152664185,0.2745780050754547,0.004495016764849424,0.5573959946632385,0.27587488293647766,0.002217536326497793,0.5025641918182373,0.2695145308971405,0.00667764013633132,0.4912964105606079,0.26829618215560913,-0.0022005299106240273,0.48025888204574585,0.2670897841453552,-0.0031096218153834343,0.5733729004859924,0.29812759160995483,-0.004402447491884232,0.46256908774375916,0.28594669699668884,-0.002580873901024461,0.5357836484909058,0.37332290410995483,-0.0011652433313429356,0.49346476793289185,0.36844590306282043,-0.0034232100006192923,0.6299140453338623,0.5562672019004822,-0.00995183177292347,0.38497042655944824,0.5455468893051147,0.009735950268805027,0.6883823871612549,0.9380427002906799,-0.0142965167760849,0.3044746220111847,0.9019429683685303,0.02540338598191738,0.5542494654655457,0.7950457334518433,-0.4223163425922394,0.3887922763824463,0.8417943716049194,-0.4053880572319031,0.5144005417823792,0.8009628057479858,0.00014175631804391742,0.40615108609199524,0.8749767541885376,-0.0025697387754917145,0.5022557377815247,0.7312009930610657,0.004356189165264368,0.4263111352920532,0.8126429915428162,-4.62240022898186e-05,0.5116632580757141,0.7399669885635376,-0.002399834105744958,0.4242468476295471,0.809639573097229,-0.0037240993697196245,0.5865824818611145,1.1191446781158447,0.09778648614883423,0.40202921628952026,1.1126110553741455,0.12975604832172394
2650.0,0.3928129971027374,0.9085956811904907,-1.950396654137876e-05,0.4179684817790985,0.9053554534912109,-0.009940985590219498,0.4364391565322876,0.8970270156860352,-0.032681502401828766,0.45088696479797363,0.8966278433799744,-0.053441017866134644,0.4586227834224701,0.8957231640815735,-0.07605082541704178,0.43073907494544983,0.8201410174369812,-0.0483575239777565,0.4384314715862274,0.799528181552887,-0.07637280970811844,0.4409572184085846,0.7853413820266724,-0.0980478897690773,0.4441607594490051,0.7713819742202759,-0.11312628537416458,0.4123631715774536,0.812099277973175,-0.05557061359286308,0.43004733324050903,0.836689829826355,-0.08704853057861328,0.44066405296325684,0.8754287958145142,-0.09736630320549011,0.4461670219898224,0.9054794311523438,-0.10105326771736145,0.39599284529685974,0.8257876038551331,-0.0632685199379921,0.41442328691482544,0.8737751245498657,-0.0924166813492775,0.4214189350605011,0.9140652418136597,-0.09834552556276321,0.4243198335170746,0.9422117471694946,-0.09943550825119019,0.3824634552001953,0.8510729074478149,-0.07105808705091476,0.3989414572715759,0.8918973207473755,-0.0862283781170845,0.40727025270462036,0.9202219843864441,-0.08237152546644211,0.4107277989387512,0.9385743737220764,-0.07620992511510849,0.5353747606277466,0.779735267162323,-1.4988033399276901e-05,0.5269615650177002,0.7438182234764099,-0.01455114595592022,0.508122444152832,0.7275679111480713,-0.017636947333812714,0.4896261692047119,0.7172717452049255,-0.01741405762732029,0.47351378202438354,0.7107785940170288,-0.01477348618209362,0.4911302924156189,0.7822449803352356,-0.004943659529089928,0.47074002027511597,0.7830972671508789,-0.008752086199820042,0.45923471450805664,0.7702698707580566,-0.01205965131521225,0.45167267322540283,0.7558639049530029,-0.013263201341032982,0.48735955357551575,0.7882397174835205,0.004339322447776794,0.46503767371177673,0.7784135341644287,0.00123570894356817,0.46035340428352356,0.752094566822052,-0.004359593614935875,0.4620909094810486,0.7349339723587036,-0.005346830002963543,0.48489969968795776,0.7880057692527771,0.012242401950061321,0.4640504717826843,0.7683464884757996,0.008653214201331139,0.468464732170105,0.7422115206718445,0.006297784857451916,0.47557950019836426,0.7297788262367249,0.0079618189483881,0.48363733291625977,0.7833383083343506,0.018557390198111534,0.4662270247936249,0.7659003138542175,0.015582452528178692,0.46773022413253784,0.7463099360466003,0.014183354564011097,0.4727301299571991,0.7357334494590759,0.016075147315859795,0.5167565941810608,0.3191415071487427,-0.0013163534458726645,0.5351417064666748,0.2735287845134735,0.0003674587933346629,0.5463133454322815,0.2746826112270355,0.0044892216101288795,0.5573983788490295,0.2759407162666321,0.002232911065220833,0.5024679899215698,0.26971110701560974,0.006659810896962881,0.49115148186683655,0.2684590816497803,-0.002204382559284568,0.4800783395767212,0.26722049713134766,-0.003109519835561514,0.5731595754623413,0.29806429147720337,-0.004397845361381769,0.46238186955451965,0.2859363555908203,-0.00261179031804204,0.5358291268348694,0.3734895884990692,-0.0011368963168933988,0.49342653155326843,0.36865705251693726,-0.0034229690209031105,0.629787802696228,0.5568656325340271,-0.012704900465905666,0.38509202003479004,0.5453972220420837,0.012495973147451878,0.6882224082946777,0.9400283694267273,-0.015404944308102131,0.3055746853351593,0.9024237394332886,0.04214136302471161,0.5551776885986328,0.8082294464111328,-0.4269121587276459,0.38687863945961,0.8548415899276733,-0.39890602231025696,0.5150765776634216,0.819507360458374,0.00014698805171065032,0.4049505293369293,0.893787145614624,-0.002569420961663127,0.5026358366012573,0.749614953994751,0.004369320813566446,0.42511096596717834,0.8318754434585571,-0.00010151087917620316,0.5120342969894409,0.757178544998169,-0.0023458930663764477,0.4230492413043976,0.8267921805381775,-0.0037603203672915697,0.5838110446929932,1.1207153797149658,0.07101375609636307,0.4017966091632843,1.1118857860565186,0.1277042180299759
2666.666666666667,0.39343148469924927,0.9143548011779785,-2.422342004138045e-05,0.41697901487350464,0.9110476970672607,-0.011975106783211231,0.43548423051834106,0.9014641642570496,-0.03314337879419327,0.4496632218360901,0.8971144556999207,-0.052199024707078934,0.4576724171638489,0.8933141231536865,-0.07362109422683716,0.4305102229118347,0.8246017098426819,-0.04257937893271446,0.4379217028617859,0.8029406666755676,-0.0685080885887146,0.4404465854167938,0.7852860689163208,-0.0891759842634201,0.4437633752822876,0.7675320506095886,-0.10366227477788925,0.41278573870658875,0.8164954781532288,-0.049883898347616196,0.43138137459754944,0.8388382196426392,-0.08245717734098434,0.4418157637119293,0.8761768341064453,-0.0946173295378685,0.4469378888607025,0.9058508276939392,-0.09906807541847229,0.39642030000686646,0.8294306993484497,-0.058144792914390564,0.41566798090934753,0.87370765209198,-0.0886731669306755,0.4218721091747284,0.9138160347938538,-0.09551435708999634,0.4237813353538513,0.9425140023231506,-0.0966833308339119,0.3824889659881592,0.8530856966972351,-0.06681462377309799,0.3994758129119873,0.8903729319572449,-0.08383321017026901,0.40720492601394653,0.9188276529312134,-0.08046334981918335,0.409839928150177,0.9383313655853271,-0.07451365143060684,0.5322288870811462,0.7733364701271057,-2.3816061002435163e-05,0.5220341086387634,0.7362177968025208,0.01045086421072483,0.5044997930526733,0.7241062521934509,0.015401119366288185,0.4887394905090332,0.7155398726463318,0.015225518494844437,0.4738081395626068,0.7117760181427002,0.01439416129142046,0.4892028570175171,0.7716630101203918,0.0369919016957283,0.4737795889377594,0.7700874209403992,0.0375085286796093,0.46771240234375,0.7563111782073975,0.03448263928294182,0.4661264419555664,0.7427338361740112,0.031784627586603165,0.48577868938446045,0.7802993059158325,0.029396777972579002,0.4661579728126526,0.7729527354240417,0.029730943962931633,0.46150967478752136,0.7495494484901428,0.024249490350484848,0.4630081355571747,0.7333163022994995,0.024156777188181877,0.4832296371459961,0.78676438331604,0.019824177026748657,0.46216896176338196,0.773662805557251,0.01739957369863987,0.46223270893096924,0.7493464946746826,0.014193943701684475,0.4658281207084656,0.7356752753257751,0.01516906637698412,0.4815777540206909,0.7891167402267456,0.009914718568325043,0.4622212052345276,0.7772300243377686,0.007113015744835138,0.4589889943599701,0.7601394057273865,0.004720224067568779,0.4591212272644043,0.749131441116333,0.0047824629582464695,0.5167124271392822,0.3202492594718933,-0.001314197783358395,0.5349949598312378,0.2739146947860718,0.0004233519430272281,0.5462098717689514,0.2750072181224823,0.004487646743655205,0.5573352575302124,0.27621591091156006,0.0022418126463890076,0.502269446849823,0.2701474726200104,0.006642232649028301,0.4908888339996338,0.2688499987125397,-0.0022047990933060646,0.4797607660293579,0.26756852865219116,-0.0031075128354132175,0.5728108286857605,0.29792284965515137,-0.0043936725705862045,0.4619712233543396,0.2858533561229706,-0.0026350789703428745,0.5357428789138794,0.37395089864730835,-0.0011142753064632416,0.4932361841201782,0.3691553771495819,-0.0034228982403874397,0.6293445825576782,0.5573369860649109,-0.014790395274758339,0.38511958718299866,0.5452719926834106,0.01458556018769741,0.6877310872077942,0.9412531852722168,-0.016956130042672157,0.3062152862548828,0.9033836722373962,0.046902772039175034,0.5549161434173584,0.8098209500312805,-0.43080440163612366,0.3861604332923889,0.8596888184547424,-0.39662715792655945,0.5147393941879272,0.8215406537055969,0.00015266635455191135,0.40439894795417786,0.8993796110153198,-0.0025690514594316483,0.5019749402999878,0.7520968914031982,0.004387360066175461,0.4247201979160309,0.8383215069770813,-0.000146922844578512,0.5114176273345947,0.7598229646682739,-0.002310057869181037,0.4226452112197876,0.8330817222595215,-0.0037886758800596,0.5825398564338684,1.121991515159607,0.061339277774095535,0.4013710618019104,1.1109236478805542,0.1220502182841301
2683.3333333333335,0.39175909757614136,0.9047724604606628,-4.06712424592115e-05,0.4137917160987854,0.9121246337890625,-0.011873173527419567,0.4298149049282074,0.9092270731925964,-0.03161238506436348,0.4407283067703247,0.9138289093971252,-0.04798956587910652,0.44965675473213196,0.919221043586731,-0.06572504341602325,0.425517201423645,0.8559223413467407,-0.05662798509001732,0.4337741732597351,0.8262501955032349,-0.08284825086593628,0.4390901029109955,0.8169023990631104,-0.10610265284776688,0.4452624022960663,0.8130823373794556,-0.12118565291166306,0.4097501039505005,0.8519399166107178,-0.05943721532821655,0.4214172661304474,0.8831170797348022,-0.08491464704275131,0.4269584119319916,0.9105966091156006,-0.09033162146806717,0.432307630777359,0.9302576780319214,-0.09457478672266006,0.39531460404396057,0.8652017712593079,-0.061486463993787766,0.40637803077697754,0.9106113910675049,-0.08419381082057953,0.4097079336643219,0.9341821670532227,-0.09052012115716934,0.4118415117263794,0.9519825577735901,-0.09596938639879227,0.38361358642578125,0.8834479451179504,-0.06502526998519897,0.39123690128326416,0.9184881448745728,-0.07798805832862854,0.3940387964248657,0.9377599358558655,-0.07873570173978806,0.3950392007827759,0.9537732601165771,-0.07707670331001282,,,,,,,,,,,,,,,,,,,,,,,,,,,,,,,,,,,,,,,,,,,,,,,,,,,,,,,,,,,,,,,,0.5166894197463989,0.321591317653656,-0.0013147004647180438,0.5349645614624023,0.274517685174942,0.00045277486788108945,0.5461849570274353,0.27569255232810974,0.004479666240513325,0.5573118925094604,0.2769903540611267,0.0022438380401581526,0.5022165179252625,0.27044421434402466,0.006603971589356661,0.4908120334148407,0.269001305103302,-0.0022052547428756952,0.4796735644340515,0.2676151692867279,-0.0031236642971634865,0.572795569896698,0.2979747951030731,-0.004452673252671957,0.4618338942527771,0.28570258617401123,-0.0027242861688137054,0.5356008410453796,0.3748191297054291,-0.0009884306928142905,0.4931264817714691,0.36951231956481934,-0.0034263082779943943,0.629288911819458,0.5574553608894348,-0.015938743948936462,0.38500604033470154,0.5452082753181458,0.01576797477900982,0.6866863965988159,0.940766453742981,-0.006178032141178846,0.30584466457366943,0.9031090140342712,0.06237909942865372,0.5548799633979797,0.8310544490814209,-0.43190068006515503,0.3745615780353546,0.8927373290061951,-0.38680675625801086,0.5147457122802734,0.8499649167060852,0.00019339034042786807,0.39010658860206604,0.9423501491546631,-0.0025684123393148184,0.5017206072807312,0.7804247140884399,0.004408055916428566,0.4119563102722168,0.8857683539390564,-0.0002854940539691597,0.5113515853881836,0.7849686741828918,-0.002236687345430255,0.4120594561100006,0.8753528594970703,-0.003851040033623576,0.5822147130966187,1.1225812435150146,0.05511081963777542,0.4019400477409363,1.1107810735702515,0.11128726601600647
2700.0,0.38786211609840393,0.9123639464378357,-4.489853381528519e-05,0.4087628424167633,0.9197966456413269,-0.0069384947419166565,0.4255557060241699,0.9201920032501221,-0.02032277174293995,0.43663719296455383,0.9264167547225952,-0.032532136887311935,0.4462021291255951,0.9365073442459106,-0.04725513607263565,0.42563676834106445,0.8622625470161438,-0.038266777992248535,0.43117836117744446,0.83808434009552,-0.05894825980067253,0.43565499782562256,0.8237603902816772,-0.07969415932893753,0.4415385127067566,0.8125626444816589,-0.09273014962673187,0.4125904142856598,0.8544124960899353,-0.04255017638206482,0.42232877016067505,0.8864580988883972,-0.0667647272348404,0.4285922944545746,0.9196829795837402,-0.07573409378528595,0.43410709500312805,0.9458214044570923,-0.08019963651895523,0.39982473850250244,0.86302250623703,-0.04675309732556343,0.4090098738670349,0.9096136093139648,-0.07067734748125076,0.4113858938217163,0.9380738735198975,-0.07779361307621002,0.41283172369003296,0.9599872827529907,-0.08003441989421844,0.3873482644557953,0.8780244588851929,-0.05062304437160492,0.3928787410259247,0.9126326441764832,-0.0647885799407959,0.3947852849960327,0.9347763657569885,-0.06307237595319748,0.3954892158508301,0.951779305934906,-0.058408223092556,0.5561863780021667,0.8441646099090576,-2.168277023884002e-05,0.5374871492385864,0.7887392044067383,-0.03122016228735447,0.5109832286834717,0.7658525109291077,-0.0407702773809433,0.4854477345943451,0.7595651149749756,-0.039004892110824585,0.4671252965927124,0.7626532316207886,-0.03014664724469185,0.48652705550193787,0.8434157371520996,-0.05518673360347748,0.44367483258247375,0.8482859134674072,-0.054589685052633286,0.43991515040397644,0.8124142289161682,-0.04046310484409332,0.44739195704460144,0.7913463115692139,-0.027892567217350006,0.4885774850845337,0.8715307712554932,-0.03259415924549103,0.4524898827075958,0.8476836681365967,-0.029580043628811836,0.45465782284736633,0.8066042065620422,-0.01901445910334587,0.4647521674633026,0.7901493906974792,-0.0123014897108078,0.49416229128837585,0.8840591311454773,-0.009047035127878189,0.4664287865161896,0.8489733338356018,-0.003065800992771983,0.4707079231739044,0.8140317797660828,0.0047790780663490295,0.48065584897994995,0.8027782440185547,0.009344256483018398,0.5007935166358948,0.886915385723114,0.012911515310406685,0.4761034846305847,0.8584368228912354,0.01630706526339054,0.4773939847946167,0.8283088803291321,0.017120592296123505,0.485964834690094,0.8159514665603638,0.020642781630158424,0.5168997645378113,0.3220241367816925,-0.0013150210725143552,0.5350321531295776,0.2746206223964691,0.00046090310206636786,0.546258270740509,0.27578091621398926,0.004470805171877146,0.557388186454773,0.27706506848335266,0.0022477672901004553,0.5022351145744324,0.27053844928741455,0.006598584353923798,0.49081194400787354,0.2690630257129669,-0.0022075711749494076,0.47966432571411133,0.2676481604576111,-0.0031465147621929646,0.5726749897003174,0.2978402078151703,-0.004513421095907688,0.4613993465900421,0.2855478525161743,-0.002772049279883504,0.5356716513633728,0.3750261068344116,-0.0009261602535843849,0.49314117431640625,0.3696918487548828,-0.003428974188864231,0.6292575001716614,0.5575644373893738,-0.0164173636585474,0.3847299814224243,0.545249879360199,0.01625443622469902,0.6858279705047607,0.9406710863113403,-0.0044162641279399395,0.305416077375412,0.903358519077301,0.06358341872692108,0.5549315214157104,0.8333406448364258,-0.43292003870010376,0.3720870316028595,0.8964082598686218,-0.38555628061294556,0.5148196220397949,0.8520461916923523,0.000228895281907171,0.38720807433128357,0.946650505065918,-0.0025670246686786413,0.501711905002594,0.7833885550498962,0.004439470823854208,0.4098167419433594,0.8910319805145264,-0.00036282523069530725,0.511337161064148,0.7882142663002014,-0.002168811857700348,0.41005939245224,0.8807682394981384,-0.003893558867275715,0.5824052691459656,1.1233506202697754,0.03750172629952431,0.4027223289012909,1.1109939813613892,0.09584913402795792
2716.666666666667,0.3895326256752014,0.9045037031173706,-3.5489163565216586e-05,0.40872159600257874,0.9140153527259827,-0.00648890808224678,0.42457911372184753,0.9173281192779541,-0.016484232619404793,0.4363461434841156,0.9242856502532959,-0.02525639533996582,0.44473305344581604,0.9349446892738342,-0.03632235527038574,0.4245724380016327,0.866223931312561,-0.03192996606230736,0.43027782440185547,0.8453581929206848,-0.051022134721279144,0.4356765151023865,0.830996572971344,-0.0678071677684784,0.4425410330295563,0.8213574886322021,-0.0788598284125328,0.4147266745567322,0.8570477962493896,-0.03581434115767479,0.42397063970565796,0.8865163922309875,-0.05958549678325653,0.4283267557621002,0.9208625555038452,-0.07020082324743271,0.4308967888355255,0.9495338797569275,-0.07597678899765015,0.40363940596580505,0.8626266717910767,-0.03912318870425224,0.4104496240615845,0.9056479930877686,-0.06289414316415787,0.41152796149253845,0.9350965023040771,-0.06902003288269043,0.41141054034233093,0.9573941230773926,-0.07019379734992981,0.39179638028144836,0.8745676279067993,-0.04176972806453705,0.39731988310813904,0.9058153629302979,-0.05551601201295853,0.39929574728012085,0.9277631640434265,-0.05340494588017464,0.39947158098220825,0.944427490234375,-0.04958764836192131,0.5642699599266052,0.8543011546134949,-5.458687519421801e-05,0.547127366065979,0.793838620185852,-0.029535695910453796,0.5174705982208252,0.7657591700553894,-0.0390329547226429,0.48887312412261963,0.7505938410758972,-0.0357222855091095,0.46912962198257446,0.7549792528152466,-0.0256370697170496,0.49864810705184937,0.8511778712272644,-0.06254158914089203,0.4548448920249939,0.8426291942596436,-0.056691162288188934,0.4489397406578064,0.8046112060546875,-0.039754077792167664,0.45498138666152954,0.7836134433746338,-0.02622024156153202,0.49722397327423096,0.8819840550422668,-0.0383228100836277,0.4587019085884094,0.851077675819397,-0.03076484426856041,0.4573908746242523,0.8090679049491882,-0.01779475435614586,0.4660835564136505,0.7899820804595947,-0.009608743712306023,0.49924981594085693,0.8947562575340271,-0.012196005322039127,0.46995794773101807,0.8553406596183777,-0.005263169761747122,0.46964332461357117,0.8209750652313232,0.0006382602150551975,0.4782506227493286,0.8054016828536987,0.004812923260033131,0.5031033158302307,0.894773006439209,0.013481803238391876,0.4776121973991394,0.8654277324676514,0.015539616346359253,0.47620055079460144,0.8359643220901489,0.014707646332681179,0.4837486147880554,0.8176906108856201,0.016560332849621773,0.5169674158096313,0.32299384474754333,-0.0013160877861082554,0.5350356698036194,0.2753097414970398,0.00046399966231547296,0.5462666749954224,0.276422381401062,0.004462914075702429,0.5574002265930176,0.27766191959381104,0.0022502546198666096,0.5022169947624207,0.27132341265678406,0.006594643462449312,0.49080690741539,0.2698226869106293,-0.0022090983111411333,0.4796235263347626,0.26837074756622314,-0.0031759499106556177,0.5725539326667786,0.2979029417037964,-0.004570128861814737,0.46094611287117004,0.2857351005077362,-0.002806107746437192,0.5356999039649963,0.37575197219848633,-0.0008706363150849938,0.49311497807502747,0.3705065846443176,-0.0034358364064246416,0.6292288303375244,0.5582081079483032,-0.01788480021059513,0.38464727997779846,0.54544597864151,0.017721110954880714,0.6855412125587463,0.9407557845115662,-0.005282404366880655,0.30512386560440063,0.9031808376312256,0.06786566972732544,0.5551084876060486,0.8341821432113647,-0.43940526247024536,0.3707903325557709,0.8959509134292603,-0.3877618908882141,0.5150325298309326,0.8525277376174927,0.00026024493854492903,0.38552650809288025,0.9464601278305054,-0.0025663168635219336,0.5017669200897217,0.78411865234375,0.004476002883166075,0.4087875187397003,0.8915961384773254,-0.0004331416275817901,0.5113785862922668,0.7891729474067688,-0.0021014483645558357,0.4090997576713562,0.8815004825592041,-0.003944442607462406,0.5824912190437317,1.1247962713241577,0.029452422633767128,0.4033192992210388,1.1112645864486694,0.08851518481969833
2733.3333333333335,0.5690096616744995,0.8689454793930054,-4.6789802581770346e-05,0.5430331826210022,0.824074923992157,-0.026575542986392975,0.5159332156181335,0.8065441846847534,-0.035373758524656296,0.4896343946456909,0.7973008751869202,-0.03253566846251488,0.46894571185112,0.8021476864814758,-0.024016382172703743,0.5009359121322632,0.8809959292411804,-0.04181022197008133,0.4650849997997284,0.8923401832580566,-0.03885383531451225,0.45161551237106323,0.8632451891899109,-0.032726142555475235,0.4481785297393799,0.8381481170654297,-0.02584322914481163,0.5019444823265076,0.898693323135376,-0.020577017217874527,0.46596938371658325,0.8988218903541565,-0.015174662694334984,0.4563201367855072,0.8623964190483093,-0.008499939925968647,0.4585358202457428,0.8390056490898132,-0.003273461014032364,0.5048917531967163,0.9060342907905579,0.0016478215111419559,0.4736616015434265,0.8974784016609192,0.005956707522273064,0.4665321707725525,0.8658055067062378,0.008659979328513145,0.4700363874435425,0.8457756638526917,0.012823800556361675,0.5089075565338135,0.90565425157547,0.022634010761976242,0.4841828942298889,0.8966436982154846,0.025637967512011528,0.4762096405029297,0.8739399909973145,0.027772419154644012,0.4778718054294586,0.8569463491439819,0.031350068747997284,0.39974674582481384,0.9132985472679138,-1.4144387932901736e-05,0.40699827671051025,0.9211841225624084,-0.017796626314520836,0.41490688920021057,0.9222965836524963,-0.029206646606326103,0.4216713607311249,0.9212342500686646,-0.03601417690515518,0.42675817012786865,0.9212505221366882,-0.04025106132030487,0.42131510376930237,0.8919823169708252,-0.033391620963811874,0.42941993474960327,0.8757702112197876,-0.047059182077646255,0.4339245557785034,0.8763972520828247,-0.05466566979885101,0.43631914258003235,0.8803017139434814,-0.057970643043518066,0.4228894114494324,0.8833057284355164,-0.0280135627835989,0.4310154914855957,0.8662324547767639,-0.04069400951266289,0.43477579951286316,0.870978593826294,-0.04583926498889923,0.43583980202674866,0.8778823018074036,-0.04874252527952194,0.4236014187335968,0.8784396648406982,-0.022929241880774498,0.4316434860229492,0.8614628911018372,-0.033129747956991196,0.4343973398208618,0.8672855496406555,-0.03773766756057739,0.4343785047531128,0.8749580383300781,-0.03856898471713066,0.4237869083881378,0.8768839240074158,-0.018627196550369263,0.4298035502433777,0.8658254742622375,-0.0252520814538002,0.43283024430274963,0.8682059645652771,-0.028692269697785378,0.43316978216171265,0.8722490072250366,-0.03016040474176407,0.5170941948890686,0.3234714865684509,-0.0013257772661745548,0.535040020942688,0.27584415674209595,0.00046455938718281686,0.5462729930877686,0.2771036624908447,0.004467523191124201,0.5574093461036682,0.2784995138645172,0.002259940141811967,0.5022324919700623,0.2715040147304535,0.006590009666979313,0.4908054769039154,0.26989829540252686,-0.002175678266212344,0.47957807779312134,0.26836273074150085,-0.003218532307073474,0.5717771053314209,0.2988317310810089,-0.004758730065077543,0.45977702736854553,0.2857850193977356,-0.0029732563998550177,0.5356659889221191,0.3767850399017334,-0.000561315449886024,0.4930345416069031,0.37093257904052734,-0.0034552079159766436,0.6282663345336914,0.5577884316444397,-0.017302263528108597,0.38196316361427307,0.5436196327209473,0.0170693788677454,0.6864904761314392,0.9390929937362671,0.013763067312538624,0.3051411807537079,0.9018361568450928,0.06606865674257278,0.5638636350631714,0.8639060258865356,-0.3685547113418579,0.3659667372703552,0.9256497025489807,-0.3597928583621979,0.5246601104736328,0.905140221118927,0.00029422860825434327,0.37186193466186523,0.9882612228393555,-0.0025734256487339735,0.5046271085739136,0.8325223922729492,0.004517263732850552,0.3998984396457672,0.9425070285797119,-0.0005228405352681875,0.5146965384483337,0.8299840092658997,-0.001960896421223879,0.40348291397094727,0.9273789525032043,-0.003960966598242521,0.5805754065513611,1.1243045330047607,0.030072880908846855,0.4014277458190918,1.1095197200775146,0.09103589504957199
2750.0,,,,,,,,,,,,,,,,,,,,,,,,,,,,,,,,,,,,,,,,,,,,,,,,,,,,,,,,,,,,,,,,0.5699924826622009,0.8817946314811707,-5.164551839698106e-05,0.5458385944366455,0.8304532766342163,-0.024697305634617805,0.5167165994644165,0.8083735108375549,-0.034694015979766846,0.4894685745239258,0.8014424443244934,-0.033665504306554794,0.46764513850212097,0.8047221302986145,-0.028799593448638916,0.5092558860778809,0.8906823992729187,-0.05398636311292648,0.4694907069206238,0.8962951898574829,-0.051810260862112045,0.4556311070919037,0.8672206401824951,-0.04060225561261177,0.45251426100730896,0.8418765664100647,-0.030120212584733963,0.5103133916854858,0.9201574325561523,-0.033196356147527695,0.46977826952934265,0.9131518006324768,-0.028425240889191628,0.45823389291763306,0.8767677545547485,-0.014573479071259499,0.45917007327079773,0.8492444157600403,-0.0045327553525567055,0.5118619203567505,0.934529185295105,-0.011254617013037205,0.4771885275840759,0.9232518672943115,-0.006605836562812328,0.46661141514778137,0.890278160572052,0.002486312296241522,0.4673989415168762,0.8643835783004761,0.010717685334384441,0.5138487219810486,0.9369372725486755,0.00979255884885788,0.48605114221572876,0.9297357797622681,0.013627985492348671,0.47466617822647095,0.9061976671218872,0.018469784408807755,0.47324860095977783,0.8844292759895325,0.025575963780283928,0.5174735188484192,0.32263684272766113,-0.0013339529978111386,0.5347475409507751,0.2752200663089752,0.00044128138688392937,0.5459344983100891,0.2765178382396698,0.004481585696339607,0.5570117235183716,0.27795538306236267,0.0022614039480686188,0.5018765330314636,0.27082404494285583,0.006584303919225931,0.4902932345867157,0.2692212760448456,-0.002157630166038871,0.47891566157341003,0.26767346262931824,-0.00325590162537992,0.5697553753852844,0.2985989451408386,-0.004878741689026356,0.4577915370464325,0.2856088876724243,-0.0031068020034581423,0.5355158448219299,0.3762054443359375,-0.00034289719769731164,0.49276822805404663,0.3704093396663666,-0.0034681041724979877,0.627470076084137,0.5561118721961975,-0.017067093402147293,0.3800411522388458,0.5436581373214722,0.016812438145279884,0.6868097186088562,0.9361333250999451,0.019438741728663445,0.3049111068248749,0.9034485816955566,0.061272840946912766,0.5688167214393616,0.8714865446090698,-0.3450821042060852,0.366031676530838,0.9398660063743591,-0.3508026897907257,0.5296896696090698,0.9143841862678528,0.00031859322916716337,0.37080851197242737,1.002109169960022,-0.002575151389464736,0.5063645839691162,0.8407482504844666,0.00455286493524909,0.3992461562156677,0.9580234289169312,-0.000566490285564214,0.5167564749717712,0.8374907374382019,-0.0019094720482826233,0.40326011180877686,0.9423984289169312,-0.0039613619446754456,0.581494927406311,1.1218266487121582,0.03908177837729454,0.40165653824806213,1.1092771291732788,0.09867680817842484
2766.6666666666665,0.5747452974319458,0.8969892859458923,-3.681821181089617e-05,0.5431942343711853,0.8634521961212158,-0.018084654584527016,0.5142298936843872,0.8577049374580383,-0.025030283257365227,0.48975932598114014,0.8576759696006775,-0.02367667481303215,0.46583473682403564,0.8626812696456909,-0.01836303435266018,0.5122581124305725,0.916188657283783,-0.02855498343706131,0.4852578639984131,0.942649245262146,-0.02601531893014908,0.46500909328460693,0.9397469758987427,-0.023752227425575256,0.45194265246391296,0.9316446185112,-0.021241433918476105,0.5147082209587097,0.9294121861457825,-0.011954319663345814,0.4855211079120636,0.9543601274490356,-0.006004690658301115,0.46702173352241516,0.9410855174064636,-0.0017327138921245933,0.45846813917160034,0.9263786673545837,0.0004031447460874915,0.5172230005264282,0.9350343942642212,0.006026688497513533,0.48949214816093445,0.9531164169311523,0.013275891542434692,0.4731486141681671,0.9401921629905701,0.014652902260422707,0.4665866494178772,0.9267649054527283,0.01615777425467968,0.5198975205421448,0.9328221082687378,0.02391938306391239,0.49829044938087463,0.9444043040275574,0.02907632105052471,0.48557066917419434,0.9390456080436707,0.03224867954850197,0.47923144698143005,0.9309806823730469,0.035647448152303696,,,,,,,,,,,,,,,,,,,,,,,,,,,,,,,,,,,,,,,,,,,,,,,,,,,,,,,,,,,,,,,,0.5170136094093323,0.32138413190841675,-0.001336270710453391,0.5344045162200928,0.27433598041534424,0.00039183185435831547,0.5456616282463074,0.2757413983345032,0.004614556208252907,0.5568004846572876,0.277285099029541,0.002262227237224579,0.5015767216682434,0.26975852251052856,0.0065718526020646095,0.4899708032608032,0.2680911421775818,-0.0020899970550090075,0.4785708785057068,0.2664649188518524,-0.003273238893598318,0.5696410536766052,0.29871365427970886,-0.004932616837322712,0.4578632116317749,0.28544893860816956,-0.0033314910251647234,0.5351245403289795,0.37578070163726807,-1.2566039004013874e-05,0.49218523502349854,0.369808167219162,-0.003529885085299611,0.6279395818710327,0.5577614903450012,-0.01690520904958248,0.37820637226104736,0.54500412940979,0.016652245074510574,0.6879310607910156,0.9371927380561829,0.028889302164316177,0.303232342004776,0.9058678150177002,0.06593108177185059,0.5702944397926331,0.9132296442985535,-0.34006524085998535,0.36182287335395813,0.9670406579971313,-0.33465611934661865,0.5322316884994507,0.9645968079566956,0.0003308215527795255,0.36710652709007263,1.0289559364318848,-0.0025682104751467705,0.5087264180183411,0.8924126029014587,0.004568368196487427,0.3925974667072296,0.9833160638809204,-0.000632703595329076,0.5186132788658142,0.8828420042991638,-0.001891428604722023,0.39713895320892334,0.9650977253913879,-0.00396361481398344,0.5794910788536072,1.123884677886963,0.04459267854690552,0.4005649983882904,1.1123743057250977,0.09947364777326584
2783.3333333333335,,,,,,,,,,,,,,,,,,,,,,,,,,,,,,,,,,,,,,,,,,,,,,,,,,,,,,,,,,,,,,,,0.5783858895301819,0.9192889928817749,-4.017188985017128e-05,0.5499138832092285,0.8754611015319824,-0.017340751364827156,0.5184258222579956,0.8619838953018188,-0.027728840708732605,0.4911686182022095,0.8607204556465149,-0.030885448679327965,0.4666453003883362,0.8641614317893982,-0.033523570746183395,0.52210533618927,0.9259361624717712,-0.04723633453249931,0.4903935194015503,0.9507414698600769,-0.05364968627691269,0.4679465591907501,0.9498195052146912,-0.053442105650901794,0.4527491629123688,0.9425736665725708,-0.05036339908838272,0.5266255140304565,0.9521856307983398,-0.031163359060883522,0.48967280983924866,0.9696778059005737,-0.03266159072518349,0.46786612272262573,0.9512605667114258,-0.024937951937317848,0.4579477608203888,0.9308070540428162,-0.01778125949203968,0.5296815633773804,0.9660966992378235,-0.013398529030382633,0.49501940608024597,0.9771860241889954,-0.010407434776425362,0.47700098156929016,0.9574095010757446,-0.005028233863413334,0.4711649417877197,0.936854362487793,0.00040077496669255197,0.5319270491600037,0.9707045555114746,0.0044382414780557156,0.5042061805725098,0.9769005179405212,0.008039087988436222,0.4890260696411133,0.9644085168838501,0.013231186196208,0.48229432106018066,0.9506183862686157,0.01852840557694435,0.5169418454170227,0.32038599252700806,-0.0013397615402936935,0.5342065691947937,0.27379310131073,0.0003611990250647068,0.5454446077346802,0.27517008781433105,0.0047086551785469055,0.5565614700317383,0.2766898572444916,0.002261902205646038,0.5014682412147522,0.2693555951118469,0.006568265613168478,0.4898879826068878,0.2677602767944336,-0.0020440793596208096,0.47851330041885376,0.2661948800086975,-0.003273509908467531,0.5694615840911865,0.29873454570770264,-0.004949923604726791,0.4580323398113251,0.2854745090007782,-0.0034704026766121387,0.5351243615150452,0.3751372992992401,0.00020739751926157624,0.4922184348106384,0.36938753724098206,-0.003569254884496331,0.6281694769859314,0.5583022832870483,-0.016602732241153717,0.378041535615921,0.5449939370155334,0.016341377049684525,0.6880246996879578,0.9388520121574402,0.029767999425530434,0.3026903569698334,0.9063968062400818,0.06578825414180756,0.5703431367874146,0.9189382791519165,-0.33327051997184753,0.36216041445732117,0.9740944504737854,-0.3316481411457062,0.5324175953865051,0.9668806791305542,0.000333695876179263,0.36695969104766846,1.0348557233810425,-0.002568804193288088,0.5109370350837708,0.8952340483665466,0.00458603585138917,0.39206817746162415,0.9903362989425659,-0.0006440858123824,0.5203323364257812,0.8861273527145386,-0.0018809610046446323,0.39658936858177185,0.9716914892196655,-0.003970813006162643,0.5765939354896545,1.1247375011444092,0.04614725708961487,0.3974294364452362,1.11255943775177,0.10087458789348602
2800.0000000000005,,,,,,,,,,,,,,,,,,,,,,,,,,,,,,,,,,,,,,,,,,,,,,,,,,,,,,,,,,,,,,,,0.5773860812187195,0.9218592643737793,-2.7410556867835112e-05,0.5533339977264404,0.8799198269844055,-0.017818624153733253,0.5214196443557739,0.865707278251648,-0.029035141691565514,0.49196484684944153,0.8637471795082092,-0.03315720334649086,0.4680890440940857,0.8658660650253296,-0.03812325373291969,0.5219594836235046,0.9306169152259827,-0.045517221093177795,0.4893099367618561,0.9522199034690857,-0.05162844806909561,0.4679236114025116,0.9507495760917664,-0.052708949893713,0.4533569812774658,0.9423235654830933,-0.05286041274666786,0.5257145762443542,0.9561580419540405,-0.030424058437347412,0.4903216063976288,0.9706968069076538,-0.03079083189368248,0.46898189187049866,0.9540182948112488,-0.024822838604450226,0.45781925320625305,0.9356065988540649,-0.021431293338537216,0.5290241241455078,0.9703256487846375,-0.013647204264998436,0.4974932372570038,0.9795987606048584,-0.009706078097224236,0.48033586144447327,0.9631369709968567,-0.005352382082492113,0.4730501174926758,0.944296658039093,-0.002508586272597313,0.5317249298095703,0.9754191040992737,0.0027140032034367323,0.508651852607727,0.9851866364479065,0.0063020954839885235,0.4949055016040802,0.9815535545349121,0.01073369849473238,0.48749926686286926,0.975233793258667,0.014364941976964474,0.5165983438491821,0.3201008141040802,-0.001340172835625708,0.5338127017021179,0.2736712694168091,0.00030995128327049315,0.5450732111930847,0.27501294016838074,0.004798841197043657,0.556211531162262,0.2764989137649536,0.0022594742476940155,0.5010010600090027,0.2693597674369812,0.00653848797082901,0.48939433693885803,0.26781848073005676,-0.00198697904124856,0.4779931604862213,0.2663010060787201,-0.0032754892017692327,0.5692657232284546,0.29881688952445984,-0.004976493306457996,0.457611083984375,0.28561297059059143,-0.0036028914619237185,0.5349560976028442,0.37507364153862,0.00042417063377797604,0.49192139506340027,0.36949554085731506,-0.003617563983425498,0.6287243366241455,0.5592948794364929,-0.016619393602013588,0.377524197101593,0.5451561808586121,0.016353825107216835,0.6887767910957336,0.9408391714096069,0.02735692635178566,0.3015497624874115,0.9058882594108582,0.06598585844039917,0.5695162415504456,0.9233542680740356,-0.32480669021606445,0.3597066402435303,0.9748640656471252,-0.32577669620513916,0.531143307685852,0.9694269895553589,0.0003356196393724531,0.3627949357032776,1.0357158184051514,-0.0025697581004351377,0.5110095143318176,0.8989339470863342,0.004598952829837799,0.3888794183731079,0.9921280145645142,-0.0006624608649872243,0.5204373598098755,0.8900153636932373,-0.0018806508742272854,0.39403584599494934,0.9732404351234436,-0.003980144392699003,0.5741679668426514,1.1266576051712036,0.058078277856111526,0.3939017653465271,1.1126123666763306,0.11904952675104141
2816.666666666667,,,,,,,,,,,,,,,,,,,,,,,,,,,,,,,,,,,,,,,,,,,,,,,,,,,,,,,,,,,,,,,,,,,,,,,,,,,,,,,,,,,,,,,,,,,,,,,,,,,,,,,,,,,,,,,,,,,,,,,,,,,,,,,0.5158049464225769,0.3211686909198761,-0.0013371157692745328,0.5333922505378723,0.2741723656654358,0.0002468915772624314,0.544638454914093,0.2752441167831421,0.005008072592318058,0.5557593107223511,0.27662545442581177,0.002251948695629835,0.5007242560386658,0.270171195268631,0.006529515143483877,0.48914533853530884,0.2686470150947571,-0.0019611541647464037,0.4777670204639435,0.26712265610694885,-0.003287137718871236,0.5685107707977295,0.30127739906311035,-0.004996848292648792,0.45759227871894836,0.2856259346008301,-0.003725629299879074,0.533893883228302,0.3757689297199249,0.0006747626466676593,0.49098190665245056,0.37038758397102356,-0.0037459000013768673,0.6293506622314453,0.5602304935455322,-0.016990024596452713,0.37698566913604736,0.5464217066764832,0.01671774312853813,0.6895920038223267,0.9424017667770386,0.02927752211689949,0.3003714382648468,0.9021396040916443,0.07224083691835403,0.5736837387084961,0.9571571350097656,-0.3224717974662781,0.3519870936870575,0.9924893975257874,-0.3085688054561615,0.5387642979621887,1.0124547481536865,0.0003424433816689998,0.35273298621177673,1.0634489059448242,-0.0025483700446784496,0.51800936460495,0.9442927241325378,0.004621607717126608,0.38130998611450195,1.0231904983520508,-0.0006837944965809584,0.5260589122772217,0.9320506453514099,-0.0018717838684096932,0.3877549469470978,1.0008573532104492,-0.003976256586611271,0.5783705711364746,1.128869652748108,0.0634729191660881,0.3982246220111847,1.1147708892822266,0.1262076199054718
2833.3333333333335,,,,,,,,,,,,,,,,,,,,,,,,,,,,,,,,,,,,,,,,,,,,,,,,,,,,,,,,,,,,,,,,,,,,,,,,,,,,,,,,,,,,,,,,,,,,,,,,,,,,,,,,,,,,,,,,,,,,,,,,,,,,,,,0.516926109790802,0.31956425309181213,-0.0013380886521190405,0.5343818068504333,0.2738804817199707,0.00021868530893698335,0.545616865158081,0.2752039134502411,0.0051986416801810265,0.556723952293396,0.27677029371261597,0.0022327178157866,0.5016053915023804,0.269524484872818,0.006494642235338688,0.48995816707611084,0.2679382264614105,-0.0019565902184695005,0.4785131514072418,0.2663702964782715,-0.003292558016255498,0.5689084529876709,0.30145585536956787,-0.005012788809835911,0.45796239376068115,0.2858510911464691,-0.0037804218009114265,0.5348352789878845,0.37522608041763306,0.0007631438784301281,0.4917868971824646,0.3693252503871918,-0.0038228121120482683,0.63035649061203,0.5603052377700806,-0.01712360419332981,0.37647533416748047,0.546787679195404,0.016871735453605652,0.692025899887085,0.9436213374137878,0.030648652464151382,0.2996949851512909,0.9018146395683289,0.0736507996916771,0.5746844410896301,0.9655353426933289,-0.3179280459880829,0.3509465456008911,0.9966436624526978,-0.31070926785469055,0.5389082431793213,1.0189131498336792,0.0003560605109669268,0.35207387804985046,1.0671948194503784,-0.0025115616153925657,0.51955646276474,0.9523885250091553,0.0046240477822721004,0.38037875294685364,1.0272150039672852,-0.0006847052136436105,0.5267171263694763,0.9400959610939026,-0.0018617536406964064,0.38676226139068604,1.0045833587646484,-0.003973574377596378,0.580691397190094,1.1302698850631714,0.05935433506965637,0.3987012803554535,1.1166821718215942,0.1193770095705986
2850.0,,,,,,,,,,,,,,,,,,,,,,,,,,,,,,,,,,,,,,,,,,,,,,,,,,,,,,,,,,,,,,,,,,,,,,,,,,,,,,,,,,,,,,,,,,,,,,,,,,,,,,,,,,,,,,,,,,,,,,,,,,,,,,,0.5183997750282288,0.31711968779563904,-0.0013304614694789052,0.5355386137962341,0.27174705266952515,0.00013945520913694054,0.5467723608016968,0.2733380198478699,0.005556428339332342,0.5578739047050476,0.2751179337501526,0.0021344658453017473,0.502730667591095,0.2668415307998657,0.006422755308449268,0.4910008907318115,0.26499900221824646,-0.001836689654737711,0.4794752597808838,0.2631717622280121,-0.0032946362625807524,0.5689719319343567,0.30002498626708984,-0.00502694072201848,0.45834261178970337,0.2835530638694763,-0.003931325860321522,0.5360174179077148,0.3734891712665558,0.0009403388830833137,0.49273979663848877,0.3668155074119568,-0.003931998275220394,0.6311874389648438,0.5608161091804504,-0.01729128509759903,0.3746606409549713,0.5470564365386963,0.01708362251520157,0.6916855573654175,0.941172182559967,0.03830097243189812,0.29789629578590393,0.890670120716095,0.07661297917366028,0.5758544206619263,1.0084706544876099,-0.2754221558570862,0.345578670501709,1.016187310218811,-0.26150593161582947,0.5437495112419128,1.067312479019165,0.0003908573999069631,0.34039992094039917,1.0871117115020752,-0.0023292317055165768,0.5234655141830444,1.0108346939086914,0.004627957008779049,0.3696143627166748,1.0582823753356934,-0.0006881286972202361,0.5278745889663696,0.9942263960838318,-0.0018621492199599743,0.37777408957481384,1.0340697765350342,-0.0038994804490357637,0.5829813480377197,1.1300023794174194,0.11107378453016281,0.39888009428977966,1.117627739906311,0.16212201118469238
2866.6666666666665,,,,,,,,,,,,,,,,,,,,,,,,,,,,,,,,,,,,,,,,,,,,,,,,,,,,,,,,,,,,,,,,,,,,,,,,,,,,,,,,,,,,,,,,,,,,,,,,,,,,,,,,,,,,,,,,,,,,,,,,,,,,,,,0.5165340900421143,0.31702616810798645,-0.0013205683790147305,0.5345102548599243,0.2719436585903168,0.00010213312634732574,0.5457527041435242,0.2735767960548401,0.005709527526050806,0.5568647384643555,0.2753174901008606,0.0020737878512591124,0.5021337866783142,0.266751229763031,0.006399728823453188,0.49053332209587097,0.2647627294063568,-0.0018067919882014394,0.4791243374347687,0.2627691626548767,-0.0032902618404477835,0.5685389041900635,0.3005026876926422,-0.005032262299209833,0.4587436318397522,0.2835584580898285,-0.003990320023149252,0.5341562628746033,0.3738540709018707,0.0010142623214051127,0.491170197725296,0.36662042140960693,-0.004059108439832926,0.6313062310218811,0.561111569404602,-0.018848920240998268,0.3749094307422638,0.5474541187286377,0.018711170181632042,0.6917712688446045,0.9392216801643372,0.037787918001413345,0.29745742678642273,0.8837727308273315,0.08459983021020889,0.5751157402992249,1.0114517211914062,-0.27027076482772827,0.34828171133995056,1.0156805515289307,-0.2531363070011139,0.5435820817947388,1.0744199752807617,0.0004077325575053692,0.3476555645465851,1.0890884399414062,-0.002211675513535738,0.5234358906745911,1.0127581357955933,0.004634678829461336,0.37570446729660034,1.0547255277633667,-0.0007036904571577907,0.527788519859314,0.9947683811187744,-0.0018539483426138759,0.382437527179718,1.0299787521362305,-0.003882462391629815,0.5829491019248962,1.1299388408660889,0.12756289541721344,0.40315693616867065,1.1183732748031616,0.17889943718910217
2883.3333333333335,,,,,,,,,,,,,,,,,,,,,,,,,,,,,,,,,,,,,,,,,,,,,,,,,,,,,,,,,,,,,,,,,,,,,,,,,,,,,,,,,,,,,,,,,,,,,,,,,,,,,,,,,,,,,,,,,,,,,,,,,,,,,,,0.5157651901245117,0.3171027600765228,-0.0013123061507940292,0.5339457988739014,0.2720087170600891,7.00608070474118e-05,0.545242965221405,0.2737201750278473,0.005834863521158695,0.556411623954773,0.27551987767219543,0.0020129880867898464,0.5016640424728394,0.26667508482933044,0.006378131452947855,0.4900790750980377,0.26463937759399414,-0.0017764053773134947,0.47868454456329346,0.2626049816608429,-0.0032865710090845823,0.5684288144111633,0.30063027143478394,-0.00503629120066762,0.45884472131729126,0.2837139666080475,-0.004043023567646742,0.5336284637451172,0.374141663312912,0.0010981541126966476,0.49056732654571533,0.3668060600757599,-0.004175473470240831,0.6316795349121094,0.5616428256034851,-0.01952512376010418,0.37518957257270813,0.5477266311645508,0.019417686387896538,0.6917212009429932,0.940106213092804,0.03774832561612129,0.29684996604919434,0.8819611668586731,0.08826753497123718,0.574543833732605,1.0126794576644897,-0.27333512902259827,0.3476523756980896,1.0167827606201172,-0.25472187995910645,0.5434743762016296,1.0748963356018066,0.00041884483653120697,0.34848278760910034,1.0916200876235962,-0.0020842517260462046,0.5230765342712402,1.0117110013961792,0.004642253275960684,0.37616294622421265,1.055050253868103,-0.0007151158642955124,0.5277823805809021,0.9937835931777954,-0.0018440746935084462,0.38255804777145386,1.0297253131866455,-0.003872885135933757,0.5825732946395874,1.1307591199874878,0.12881051003932953,0.4055098593235016,1.1189866065979004,0.18027980625629425
2900.0000000000005,,,,,,,,,,,,,,,,,,,,,,,,,,,,,,,,,,,,,,,,,,,,,,,,,,,,,,,,,,,,,,,,,,,,,,,,,,,,,,,,,,,,,,,,,,,,,,,,,,,,,,,,,,,,,,,,,,,,,,,,,,,,,,,0.5160857439041138,0.3168227970600128,-0.0011384444078430533,0.5340263247489929,0.27053868770599365,-3.275330163887702e-05,0.5454241037368774,0.2720552682876587,0.006302400957792997,0.5566877722740173,0.2736746668815613,0.0019264136208221316,0.5014280676841736,0.26573875546455383,0.006323612295091152,0.48973459005355835,0.26384466886520386,-0.001611738814972341,0.4782385528087616,0.2619839608669281,-0.003223278559744358,0.5690282583236694,0.29789257049560547,-0.005040335468947887,0.45861685276031494,0.28286758065223694,-0.004142367746680975,0.5344499945640564,0.37336453795433044,0.001659437664784491,0.4910319745540619,0.3667571246623993,-0.0044262586161494255,0.632114052772522,0.5617804527282715,-0.009613506495952606,0.3745984733104706,0.5461013317108154,0.00960209034383297,0.6864311099052429,0.9249818325042725,0.08801913261413574,0.29447758197784424,0.8789055347442627,0.08342408388853073,0.61988765001297,1.0656214952468872,-0.21367239952087402,0.3394770324230194,1.0457768440246582,-0.21372734010219574,0.6166578531265259,1.1334925889968872,0.0005091081256978214,0.33103832602500916,1.1222776174545288,-0.0013475146843120456,0.5952548384666443,1.0992398262023926,0.004651568830013275,0.36367934942245483,1.1042051315307617,-0.0007301154546439648,0.5894885659217834,1.0750455856323242,-0.001958198845386505,0.3730403184890747,1.0793254375457764,-0.003807317465543747,0.577941358089447,1.1310070753097534,0.1838746964931488,0.4045189619064331,1.117382287979126,0.2091255486011505
2916.666666666667,,,,,,,,,,,,,,,,,,,,,,,,,,,,,,,,,,,,,,,,,,,,,,,,,,,,,,,,,,,,,,,,,,,,,,,,,,,,,,,,,,,,,,,,,,,,,,,,,,,,,,,,,,,,,,,,,,,,,,,,,,,,,,,0.51717209815979,0.3156277537345886,-0.0010366090573370457,0.5347593426704407,0.2678242027759552,-0.00010294888488715515,0.5461931824684143,0.26900532841682434,0.006611883640289307,0.5574921369552612,0.27029651403427124,0.0018308564322069287,0.5019226670265198,0.263743132352829,0.0062541416846215725,0.4900979697704315,0.2620392143726349,-0.0014018344227224588,0.47846877574920654,0.2603892683982849,-0.003197144018486142,0.5693120360374451,0.2928459644317627,-0.00505265686661005,0.4581029415130615,0.2809616029262543,-0.004245499614626169,0.5355363488197327,0.3710128664970398,0.002040672115981579,0.4919723868370056,0.36557456851005554,-0.004497550893574953,0.63242506980896,0.563890814781189,-0.004542715847492218,0.37406495213508606,0.543073832988739,0.004555411636829376,0.6850491762161255,0.9147562384605408,0.09232205897569656,0.2944495379924774,0.8725144863128662,0.07383482903242111,0.6294909119606018,1.076920747756958,-0.20050393044948578,0.3343062698841095,1.0485974550247192,-0.1999778300523758,0.6277464628219604,1.1478891372680664,0.0006160284974612296,0.3225834369659424,1.122826337814331,-0.0009025291074067354,0.6049864888191223,1.1167954206466675,0.004666052758693695,0.35504254698753357,1.1063976287841797,-0.00076124700717628,0.5988291501998901,1.0914103984832764,-0.0020561388228088617,0.3656146824359894,1.0830098390579224,-0.003757830010727048,0.5747205018997192,1.1300249099731445,0.17421004176139832,0.4016357660293579,1.1144415140151978,0.1972321718931198
2933.3333333333335,,,,,,,,,,,,,,,,,,,,,,,,,,,,,,,,,,,,,,,,,,,,,,,,,,,,,,,,,,,,,,,,,,,,,,,,,,,,,,,,,,,,,,,,,,,,,,,,,,,,,,,,,,,,,,,,,,,,,,,,,,,,,,,0.5181372761726379,0.31248074769973755,-0.0008479094249196351,0.535558819770813,0.26578792929649353,-0.0002766706165857613,0.5470368266105652,0.26695629954338074,0.007130529265850782,0.5583881735801697,0.26824748516082764,0.0015678687486797571,0.5029730200767517,0.26184210181236267,0.006059485021978617,0.49126309156417847,0.2602192163467407,-0.0010788319632411003,0.4797574579715729,0.25867798924446106,-0.0031878578010946512,0.5709365010261536,0.29180067777633667,-0.005055825226008892,0.46060436964035034,0.27959689497947693,-0.004309050738811493,0.5372568368911743,0.36753708124160767,0.0026210735086351633,0.4935145080089569,0.36240890622138977,-0.00463769119232893,0.6331548690795898,0.570875883102417,-0.0050024110823869705,0.37562718987464905,0.5367802381515503,0.00509261479601264,0.6844087243080139,0.9232553839683533,0.08060865104198456,0.2960023283958435,0.8644881844520569,0.07448823004961014,0.6564434766769409,1.1460994482040405,-0.15056148171424866,0.33030226826667786,1.0619010925292969,-0.13647815585136414,0.6672075986862183,1.2337664365768433,0.0007675436208955944,0.3167933225631714,1.1421371698379517,-0.0003596803289838135,0.6396804451942444,1.2194223403930664,0.004727572202682495,0.35098037123680115,1.1419169902801514,-0.0008369532297365367,0.6286786794662476,1.1887962818145752,-0.0022434410639107227,0.36192163825035095,1.1185643672943115,-0.0037530383560806513,0.5643788576126099,1.130050539970398,0.17924274504184723,0.39591729640960693,1.1077288389205933,0.20265674591064453
2950.0,,,,,,,,,,,,,,,,,,,,,,,,,,,,,,,,,,,,,,,,,,,,,,,,,,,,,,,,,,,,,,,,,,,,,,,,,,,,,,,,,,,,,,,,,,,,,,,,,,,,,,,,,,,,,,,,,,,,,,,,,,,,,,,0.5198646187782288,0.3148447871208191,-0.0006720710080116987,0.5371851325035095,0.2680050730705261,-0.00040015613194555044,0.5487733483314514,0.26930248737335205,0.007480300962924957,0.5602318644523621,0.27072909474372864,0.001395859057083726,0.5043155550956726,0.2637031078338623,0.005962086375802755,0.49243825674057007,0.26196232438087463,-0.0009158228058367968,0.4807727634906769,0.2603074908256531,-0.0031861786264926195,0.5724212527275085,0.2946929633617401,-0.005067144054919481,0.4608915448188782,0.28126761317253113,-0.004319650586694479,0.5388273596763611,0.37048664689064026,0.0030650626868009567,0.4945489466190338,0.3648930788040161,-0.00476126279681921,0.6326790452003479,0.5740148425102234,-0.004083589185029268,0.37569528818130493,0.537359356880188,0.004207021556794643,0.6841751933097839,0.9257217049598694,0.0825808197259903,0.29651835560798645,0.8672378063201904,0.07251397520303726,0.6616648435592651,1.1536957025527954,-0.1446245312690735,0.329032301902771,1.069686770439148,-0.12018933147192001,0.6717309951782227,1.2419382333755493,0.0008685940410941839,0.3148515522480011,1.1579725742340088,-5.1285340305184945e-05,0.643528938293457,1.2258052825927734,0.004848245996981859,0.3497602343559265,1.1619981527328491,-0.0009597763419151306,0.6329163312911987,1.1953152418136597,-0.002482475945726037,0.3609341084957123,1.1375190019607544,-0.00375148793682456,0.564209520816803,1.1315433979034424,0.18546509742736816,0.3954509198665619,1.1088801622390747,0.20759259164333344
2966.666666666667,,,,,,,,,,,,,,,,,,,,,,,,,,,,,,,,,,,,,,,,,,,,,,,,,,,,,,,,,,,,,,,,,,,,,,,,,,,,,,,,,,,,,,,,,,,,,,,,,,,,,,,,,,,,,,,,,,,,,,,,,,,,,,,0.5204392075538635,0.3168528079986572,-0.0005284370854496956,0.5376269817352295,0.2703403830528259,-0.000489437545184046,0.5491950511932373,0.2717287540435791,0.0077958544716238976,0.5606327056884766,0.2732413113117218,0.0012511690147221088,0.5048394799232483,0.26574423909187317,0.005892305634915829,0.49297234416007996,0.2638782262802124,-0.000772376952227205,0.4813147187232971,0.26210272312164307,-0.0031870838720351458,0.5727039575576782,0.29751816391944885,-0.0050711967051029205,0.46136701107025146,0.2832021415233612,-0.004333423916250467,0.5393567681312561,0.3727516233921051,0.003441339125856757,0.49513593316078186,0.3668099343776703,-0.004827966447919607,0.6325429081916809,0.5759932994842529,-0.004932293202728033,0.3767802119255066,0.5342995524406433,0.005068506114184856,0.6849287748336792,0.9271866083145142,0.07786513864994049,0.2987406849861145,0.8589187264442444,0.0784992203116417,0.6707099676132202,1.1609139442443848,-0.14711859822273254,0.3289682865142822,1.0704381465911865,-0.11926344782114029,0.6825032830238342,1.2489253282546997,0.0009738688240759075,0.3138898015022278,1.1584757566452026,0.0002082167484331876,0.6564755439758301,1.2343076467514038,0.0049696024507284164,0.3488250970840454,1.1572481393814087,-0.0011172129306942225,0.6444720029830933,1.2051010131835938,-0.0026595769450068474,0.36041340231895447,1.133413314819336,-0.003751728218048811,0.5640553832054138,1.1318974494934082,0.17116032540798187,0.39537057280540466,1.1067734956741333,0.20592543482780457
2983.3333333333335,,,,,,,,,,,,,,,,,,,,,,,,,,,,,,,,,,,,,,,,,,,,,,,,,,,,,,,,,,,,,,,,,,,,,,,,,,,,,,,,,,,,,,,,,,,,,,,,,,,,,,,,,,,,,,,,,,,,,,,,,,,,,,,0.522172212600708,0.314036101102829,-0.0004008082614745945,0.5395100116729736,0.2672424018383026,-0.0006066818605177104,0.5512043833732605,0.2686886787414551,0.008162902668118477,0.5627757906913757,0.27026182413101196,0.0010517934570088983,0.5063441395759583,0.2623502016067505,0.005808591842651367,0.49426335096359253,0.2603536546230316,-0.0005356924957595766,0.48238688707351685,0.25846245884895325,-0.0031825704500079155,0.5746175646781921,0.29453250765800476,-0.005083795636892319,0.4617342948913574,0.27951502799987793,-0.00434480793774128,0.5409599542617798,0.3702865540981293,0.0037884614430367947,0.49612292647361755,0.36401063203811646,-0.004891326650977135,0.6324329972267151,0.5775035619735718,-0.0022141297813504934,0.3763638734817505,0.5350105166435242,0.0024246263783425093,0.681557834148407,0.9300397038459778,0.08173352479934692,0.295064240694046,0.8664220571517944,0.06577406078577042,0.6704477071762085,1.1711188554763794,-0.1316198706626892,0.3199186623096466,1.0809557437896729,-0.11660042405128479,0.6826155185699463,1.2590008974075317,0.0010712341172620654,0.3038715124130249,1.172882080078125,0.0004816435102839023,0.6573436260223389,1.2481248378753662,0.00505794957280159,0.33907774090766907,1.1817779541015625,-0.0012267553247511387,0.6451578140258789,1.2198028564453125,-0.0028652246110141277,0.35123151540756226,1.1570628881454468,-0.003750970121473074,0.5638815760612488,1.1345725059509277,0.18121294677257538,0.3957935869693756,1.108578085899353,0.20676791667938232
3000.0,,,,,,,,,,,,,,,,,,,,,,,,,,,,,,,,,,,,,,,,,,,,,,,,,,,,,,,,,,,,,,,,,,,,,,,,,,,,,,,,,,,,,,,,,,,,,,,,,,,,,,,,,,,,,,,,,,,,,,,,,,,,,,,0.5231972932815552,0.3118653893470764,-0.00036906611057929695,0.5404269099235535,0.2655128538608551,-0.0006602498469874263,0.5520297884941101,0.2670908570289612,0.008298135362565517,0.5635092854499817,0.268798291683197,0.0009333792258985341,0.5074388384819031,0.26028046011924744,0.005775245372205973,0.49541670083999634,0.2581866979598999,-0.00043953050044365227,0.4836033284664154,0.2562003433704376,-0.003179927123710513,0.5749788284301758,0.2933078706264496,-0.005098455585539341,0.46274814009666443,0.27724990248680115,-0.004369557835161686,0.5416166186332703,0.36825278401374817,0.0038617027457803488,0.4969502091407776,0.361547589302063,-0.004923019092530012,0.6327295303344727,0.577182948589325,-0.0019230286125093699,0.3756709694862366,0.5337209105491638,0.002155667869374156,0.6837341785430908,0.9293167591094971,0.0827794149518013,0.2914772033691406,0.8693176507949829,0.05914425849914551,0.6694311499595642,1.1689856052398682,-0.14231260120868683,0.3221534788608551,1.096305251121521,-0.12952439486980438,0.681536853313446,1.2550944089889526,0.0011103677097707987,0.30719664692878723,1.1843976974487305,0.0005210970412008464,0.6564919948577881,1.2408181428909302,0.005132490769028664,0.34396201372146606,1.1848472356796265,-0.0012661457294598222,0.6440978050231934,1.2119563817977905,-0.0029765083454549313,0.3553808629512787,1.1596667766571045,-0.0037508246023207903,0.5631661415100098,1.1357035636901855,0.18368121981620789,0.39508381485939026,1.1086829900741577,0.20919351279735565
3016.6666666666665,,,,,,,,,,,,,,,,,,,,,,,,,,,,,,,,,,,,,,,,,,,,,,,,,,,,,,,,,,,,,,,,,,,,,,,,,,,,,,,,,,,,,,,,,,,,,,,,,,,,,,,,,,,,,,,,,,,,,,,,,,,,,,,0.5223895311355591,0.3103841245174408,-0.0003262863028794527,0.5399024486541748,0.26408863067626953,-0.0007274795207194984,0.5514121651649475,0.2658276855945587,0.008435058407485485,0.5628050565719604,0.26768770813941956,0.0008244308992289007,0.507217526435852,0.2583824694156647,0.005752800032496452,0.4952823221683502,0.2560795545578003,-0.0003265937266405672,0.48355185985565186,0.25388526916503906,-0.0031754937954247,0.574299156665802,0.29190024733543396,-0.005127959419041872,0.4628189504146576,0.2743802070617676,-0.00441504642367363,0.5404935479164124,0.3668614625930786,0.003970013465732336,0.4961901903152466,0.3594350814819336,-0.004934247583150864,0.6313239932060242,0.5764476656913757,-0.0023735559079796076,0.3759920001029968,0.534956693649292,0.0026556935627013445,0.6825791597366333,0.9269370436668396,0.07822626084089279,0.29230186343193054,0.8714370131492615,0.058534134179353714,0.677261471748352,1.1719272136688232,-0.13803008198738098,0.31060078740119934,1.1129714250564575,-0.12174424529075623,0.6915335655212402,1.2559858560562134,0.001128026400692761,0.29202383756637573,1.2006416320800781,0.0006024618051014841,0.6672928333282471,1.2505333423614502,0.005197516642510891,0.32833611965179443,1.1884840726852417,-0.00129783118609339,0.6480252742767334,1.2228745222091675,-0.003079646499827504,0.34159550070762634,1.1654167175292969,-0.003750303527340293,0.5670132040977478,1.1363861560821533,0.17252729833126068,0.39903202652931213,1.1106083393096924,0.20469969511032104
3033.3333333333335,,,,,,,,,,,,,,,,,,,,,,,,,,,,,,,,,,,,,,,,,,,,,,,,,,,,,,,,,,,,,,,,,,,,,,,,,,,,,,,,,,,,,,,,,,,,,,,,,,,,,,,,,,,,,,,,,,,,,,,,,,,,,,,0.5221506357192993,0.31124335527420044,-0.00030667975079268217,0.5393691062927246,0.26470762491226196,-0.0007531835581175983,0.5508538484573364,0.26635411381721497,0.008467921055853367,0.562223494052887,0.2681262791156769,0.0008116509998217225,0.5066952109336853,0.25928398966789246,0.005737030413001776,0.4947623312473297,0.2570955753326416,-0.0002856861683540046,0.48303496837615967,0.2550205886363983,-0.0031674965284764767,0.5738041400909424,0.2921115458011627,-0.005136784631758928,0.46227315068244934,0.2755502760410309,-0.00443101255223155,0.5404340028762817,0.36752212047576904,0.003997796215116978,0.4961846172809601,0.36053863167762756,-0.004957171157002449,0.6315352320671082,0.576380729675293,-0.0025855819694697857,0.37651732563972473,0.5363752245903015,0.0028510550037026405,0.6825198531150818,0.926091194152832,0.07831861078739166,0.2930265963077545,0.8731723427772522,0.05761444941163063,0.678144097328186,1.1725839376449585,-0.13584013283252716,0.3116548955440521,1.1144640445709229,-0.12449882924556732,0.6952826380729675,1.2575480937957764,0.0011289058020338416,0.2936720848083496,1.2026774883270264,0.000629400834441185,0.6712632775306702,1.251476764678955,0.005203775130212307,0.3291356563568115,1.1983599662780762,-0.0013020943151786923,0.6537845134735107,1.2236549854278564,-0.003140396438539028,0.3421972692012787,1.1733158826828003,-0.0037477118894457817,0.566972553730011,1.1375812292099,0.1725517213344574,0.3992471992969513,1.1121023893356323,0.20509366691112518
3050.0000000000005,,,,,,,,,,,,,,,,,,,,,,,,,,,,,,,,,,,,,,,,,,,,,,,,,,,,,,,,,,,,,,,,,,,,,,,,,,,,,,,,,,,,,,,,,,,,,,,,,,,,,,,,,,,,,,,,,,,,,,,,,,,,,,,0.5219782590866089,0.31260716915130615,-0.0002921316190622747,0.5391594171524048,0.26580730080604553,-0.0007592869224026799,0.5506641268730164,0.2673746943473816,0.008488619700074196,0.5620535612106323,0.2690679728984833,0.0008076769881881773,0.5064716935157776,0.2605794370174408,0.005733379628509283,0.49454471468925476,0.25845539569854736,-0.00023561425041407347,0.4828263819217682,0.256442666053772,-0.00315512134693563,0.5738475322723389,0.2928313612937927,-0.005139390472322702,0.46224451065063477,0.2769213020801544,-0.00444384990260005,0.5405080318450928,0.36861953139305115,0.004006353672593832,0.496204137802124,0.3619207739830017,-0.004985762760043144,0.632301390171051,0.5769043564796448,-0.002680394798517227,0.37694188952445984,0.5373566150665283,0.002962467959150672,0.6818070411682129,0.9281399250030518,0.07884868234395981,0.29383593797683716,0.8753101229667664,0.0583222322165966,0.6786607503890991,1.1744383573532104,-0.1379796862602234,0.31235119700431824,1.1144300699234009,-0.12699760496616364,0.6961030960083008,1.2601996660232544,0.0011302157072350383,0.29433250427246094,1.2023279666900635,0.0006544647621922195,0.6723421812057495,1.2530204057693481,0.005205795168876648,0.32940930128097534,1.1991230249404907,-0.0013129737926647067,0.6558448076248169,1.2246919870376587,-0.0031628510914742947,0.3425533175468445,1.1739064455032349,-0.003741827793419361,0.567619800567627,1.1391677856445312,0.17372620105743408,0.39954137802124023,1.114066243171692,0.20643146336078644
3066.666666666667,,,,,,,,,,,,,,,,,,,,,,,,,,,,,,,,,,,,,,,,,,,,,,,,,,,,,,,,,,,,,,,,,,,,,,,,,,,,,,,,,,,,,,,,,,,,,,,,,,,,,,,,,,,,,,,,,,,,,,,,,,,,,,,0.5219259262084961,0.3137410879135132,-0.000271142169367522,0.5392241477966309,0.26665136218070984,-0.0007958185160532594,0.5507815480232239,0.26817870140075684,0.00852702371776104,0.5622212886810303,0.2698328495025635,0.0007964252727106214,0.5063806176185608,0.2615198791027069,0.005720863118767738,0.49439746141433716,0.2594158351421356,-0.00016711759963072836,0.4826241433620453,0.25741860270500183,-0.0031388518400490284,0.5740472078323364,0.2934802174568176,-0.0051500615663826466,0.46204501390457153,0.2777731120586395,-0.004465735517442226,0.5406409502029419,0.3697687089443207,0.004032881464809179,0.4961101710796356,0.36313846707344055,-0.005007146392017603,0.6327998042106628,0.5774620771408081,-0.002667226130142808,0.37649253010749817,0.5384063124656677,0.002942355815321207,0.6780377626419067,0.932674765586853,0.08072323352098465,0.2960693836212158,0.8766335844993591,0.059989720582962036,0.6779158711433411,1.1777656078338623,-0.14088599383831024,0.3133290112018585,1.1163499355316162,-0.12659145891666412,0.6958315968513489,1.2639821767807007,0.001130874501541257,0.2944338619709015,1.2054098844528198,0.0006747363950125873,0.6725054979324341,1.2560521364212036,0.005230598151683807,0.3285781443119049,1.2055100202560425,-0.0013263165019452572,0.6569553017616272,1.2276886701583862,-0.0032143588177859783,0.3423568904399872,1.1782643795013428,-0.0037184394896030426,0.5690117478370667,1.140339970588684,0.17597335577011108,0.3998947739601135,1.1169183254241943,0.20863674581050873
3083.3333333333335,,,,,,,,,,,,,,,,,,,,,,,,,,,,,,,,,,,,,,,,,,,,,,,,,,,,,,,,,,,,,,,,,,,,,,,,,,,,,,,,,,,,,,,,,,,,,,,,,,,,,,,,,,,,,,,,,,,,,,,,,,,,,,,0.5217269062995911,0.3149174749851227,-0.00024624980869702995,0.5390602946281433,0.267367959022522,-0.0008143882732838392,0.5506308674812317,0.26882341504096985,0.008528344333171844,0.5620861649513245,0.2704106271266937,0.0007818059530109167,0.5062065720558167,0.2623852789402008,0.0057155373506248,0.4942241311073303,0.26030781865119934,-0.00014742475468665361,0.48245304822921753,0.25833550095558167,-0.0031249618623405695,0.5740691423416138,0.29373398423194885,-0.005159890279173851,0.4619782269001007,0.2782811224460602,-0.0044710650108754635,0.540556013584137,0.3704923391342163,0.004052259493619204,0.4960080683231354,0.36404329538345337,-0.005018153693526983,0.6328821182250977,0.5775067806243896,-0.0026283618062734604,0.37651360034942627,0.5383838415145874,0.0028963855002075434,0.6778336763381958,0.9327836036682129,0.08466782420873642,0.29598429799079895,0.8773064613342285,0.06013162434101105,0.6778133511543274,1.1769585609436035,-0.14060187339782715,0.3126063942909241,1.1158655881881714,-0.1250634342432022,0.693835973739624,1.2620960474014282,0.0011325371451675892,0.2934165596961975,1.205552101135254,0.0006760177784599364,0.6699485778808594,1.2547378540039062,0.00524182477965951,0.3285733759403229,1.2066344022750854,-0.0013330767396837473,0.6554184556007385,1.2268010377883911,-0.003242956008762121,0.3423942029476166,1.1788753271102905,-0.003711570054292679,0.5687949061393738,1.1405155658721924,0.18519435822963715,0.39974212646484375,1.1168992519378662,0.21996356546878815
3100.0,,,,,,,,,,,,,,,,,,,,,,,,,,,,,,,,,,,,,,,,,,,,,,,,,,,,,,,,,,,,,,,,,,,,,,,,,,,,,,,,,,,,,,,,,,,,,,,,,,,,,,,,,,,,,,,,,,,,,,,,,,,,,,,0.5214102864265442,0.31468918919563293,-0.0002177476417273283,0.5387752056121826,0.2672722041606903,-0.0008435737108811736,0.5503202080726624,0.2687632739543915,0.008565790019929409,0.56175297498703,0.27039170265197754,0.0007735947729088366,0.5059743523597717,0.26222845911979675,0.00570903392508626,0.4940187335014343,0.2601507902145386,-0.00013520524953491986,0.48227328062057495,0.25818514823913574,-0.0030985844787210226,0.5738157629966736,0.2936738431453705,-0.0051864744164049625,0.4619070291519165,0.2782173156738281,-0.004499225877225399,0.5403057932853699,0.3703719973564148,0.004077632445842028,0.4958212375640869,0.3638695776462555,-0.005040689371526241,0.6330762505531311,0.5775049328804016,-0.003599511692300439,0.3765118420124054,0.5387232303619385,0.003835335373878479,0.6759979724884033,0.9336634278297424,0.08477000147104263,0.2973220646381378,0.8819793462753296,0.06370144337415695,0.6768229603767395,1.1777807474136353,-0.13689890503883362,0.31439563632011414,1.1183470487594604,-0.11395149677991867,0.6908949613571167,1.2636115550994873,0.0011361493961885571,0.2964422404766083,1.2105365991592407,0.0006953806150704622,0.6660755276679993,1.257691502571106,0.005249564535915852,0.3322417140007019,1.2141804695129395,-0.0013347489293664694,0.6523478627204895,1.229259729385376,-0.003251684131100774,0.34544363617897034,1.1847032308578491,-0.0036856818478554487,0.5695287585258484,1.141620397567749,0.1879134476184845,0.39982596039772034,1.1186732053756714,0.22644317150115967
3116.6666666666665,,,,,,,,,,,,,,,,,,,,,,,,,,,,,,,,,,,,,,,,,,,,,,,,,,,,,,,,,,,,,,,,,,,,,,,,,,,,,,,,,,,,,,,,,,,,,,,,,,,,,,,,,,,,,,,,,,,,,,,,,,,,,,,0.5211927890777588,0.31405502557754517,-0.00019725659512914717,0.5384986400604248,0.2667320668697357,-0.0008690995746292174,0.5500332117080688,0.2682000398635864,0.008610120974481106,0.5614578723907471,0.26980701088905334,0.0007593735936097801,0.5056772828102112,0.26179683208465576,0.0057031819596886635,0.49371829628944397,0.2597765028476715,-0.0001262072182726115,0.48197272419929504,0.2578659653663635,-0.0030785275157541037,0.5733376741409302,0.29328492283821106,-0.005218286532908678,0.4614601731300354,0.2780686616897583,-0.004542755428701639,0.5400487184524536,0.36980223655700684,0.00408432399854064,0.49548232555389404,0.3634418249130249,-0.005099442787468433,0.6336977481842041,0.5777425169944763,-0.0037477121222764254,0.3757266700267792,0.539679229259491,0.003972087521106005,0.6762183904647827,0.9375147819519043,0.08517979830503464,0.29671981930732727,0.88814377784729,0.06288117170333862,0.6758175492286682,1.177717685699463,-0.13955473899841309,0.3181993365287781,1.119032621383667,-0.11406287550926208,0.6903069615364075,1.2647643089294434,0.0011387845734134316,0.2997588515281677,1.2116196155548096,0.0006955636781640351,0.6653228998184204,1.2572822570800781,0.005252956412732601,0.33623525500297546,1.2152966260910034,-0.0013407559599727392,0.6518352031707764,1.228075385093689,-0.0032710207160562277,0.3497779071331024,1.1857408285140991,-0.0036670502740889788,0.5699751973152161,1.1447123289108276,0.18812988698482513,0.3993321359157562,1.1218003034591675,0.22752919793128967
3133.3333333333335,,,,,,,,,,,,,,,,,,,,,,,,,,,,,,,,,,,,,,,,,,,,,,,,,,,,,,,,,,,,,,,,,,,,,,,,,,,,,,,,,,,,,,,,,,,,,,,,,,,,,,,,,,,,,,,,,,,,,,,,,,,,,,,0.5211936831474304,0.31418725848197937,-0.00018582408665679395,0.5386139750480652,0.266904354095459,-0.0008824423421174288,0.5501419901847839,0.26841050386428833,0.008663792163133621,0.5615581274032593,0.27005812525749207,0.0007508196868002415,0.5058062672615051,0.26187682151794434,0.005696083419024944,0.4938585162162781,0.259823203086853,-0.00011439034278737381,0.4821261465549469,0.2578745186328888,-0.0030596964061260223,0.5732831954956055,0.29373258352279663,-0.0052527179941535,0.46147647500038147,0.2780086100101471,-0.004589868243783712,0.5398733019828796,0.37002724409103394,0.004092961549758911,0.4953114092350006,0.3634701371192932,-0.005149287637323141,0.633799135684967,0.5774301886558533,-0.004269974306225777,0.37551021575927734,0.5403898358345032,0.004476170055568218,0.6764642596244812,0.9366254806518555,0.08692202717065811,0.29643842577934265,0.8906334042549133,0.0631912425160408,0.6752427220344543,1.1718173027038574,-0.14428313076496124,0.3190121054649353,1.1175886392593384,-0.11535248905420303,0.6881750226020813,1.2585790157318115,0.0011470040772110224,0.3002898395061493,1.2094359397888184,0.000699666969012469,0.6607194542884827,1.2496567964553833,0.005266877822577953,0.33666735887527466,1.212751865386963,-0.0013411513064056635,0.6483007073402405,1.220552921295166,-0.003288885112851858,0.35030847787857056,1.1835031509399414,-0.003648887388408184,0.5704447031021118,1.1459705829620361,0.18654967844486237,0.399463415145874,1.1231050491333008,0.2265818566083908
3150.0000000000005,,,,,,,,,,,,,,,,,,,,,,,,,,,,,,,,,,,,,,,,,,,,,,,,,,,,,,,,,,,,,,,,,,,,,,,,,,,,,,,,,,,,,,,,,,,,,,,,,,,,,,,,,,,,,,,,,,,,,,,,,,,,,,,0.5204665660858154,0.3152925968170166,-0.0001715930411592126,0.5378416776657104,0.26742643117904663,-0.0009123945492319763,0.5493884682655334,0.2687782943248749,0.008708041161298752,0.5608322620391846,0.2702804207801819,0.0007492255535908043,0.505029559135437,0.26286840438842773,0.005690841004252434,0.4930807054042816,0.2609969973564148,-0.00010831558756763116,0.4813455641269684,0.25923147797584534,-0.003037214744836092,0.5729475021362305,0.2938961386680603,-0.005310766398906708,0.46117085218429565,0.27939608693122864,-0.004673969931900501,0.5394964218139648,0.37087205052375793,0.004136733710765839,0.4949134588241577,0.3650617301464081,-0.005221816245466471,0.6348569393157959,0.5776368975639343,-0.004335066769272089,0.37534841895103455,0.542854368686676,0.004527688026428223,0.6736651062965393,0.9360541105270386,0.0951576679944992,0.2981427311897278,0.8926817774772644,0.06762020289897919,0.675225019454956,1.169918417930603,-0.14083097875118256,0.3170880973339081,1.1266443729400635,-0.10717785358428955,0.6875156760215759,1.255827784538269,0.0011480619432404637,0.2979811429977417,1.2209436893463135,0.0007061426294967532,0.6589411497116089,1.247752070426941,0.005275363102555275,0.33368241786956787,1.2269469499588013,-0.0013443464413285255,0.6469308137893677,1.2185420989990234,-0.003291223431006074,0.3476584851741791,1.1960424184799194,-0.0036299065686762333,0.5709666013717651,1.1483341455459595,0.2034255713224411,0.39987707138061523,1.127446174621582,0.23843172192573547
3166.666666666667,,,,,,,,,,,,,,,,,,,,,,,,,,,,,,,,,,,,,,,,,,,,,,,,,,,,,,,,,,,,,,,,,,,,,,,,,,,,,,,,,,,,,,,,,,,,,,,,,,,,,,,,,,,,,,,,,,,,,,,,,,,,,,,0.5194175243377686,0.3155234456062317,-0.00015935687406454235,0.5368399620056152,0.2675406336784363,-0.000932565366383642,0.5483465790748596,0.2688034772872925,0.008730515837669373,0.5597533583641052,0.270224004983902,0.0007470504497177899,0.5041714906692505,0.26330503821372986,0.005684866104274988,0.492297887802124,0.26158371567726135,-9.913550456985831e-05,0.4806337058544159,0.25997406244277954,-0.003009404055774212,0.5721667408943176,0.2938432991504669,-0.005364971701055765,0.46103817224502563,0.28020521998405457,-0.004742164630442858,0.5385947823524475,0.3709014356136322,0.004163913894444704,0.49423372745513916,0.3655169904232025,-0.005288592539727688,0.6350587606430054,0.5783600807189941,-0.005237462464720011,0.3751453161239624,0.5446113348007202,0.005390954203903675,0.6716556549072266,0.938298225402832,0.09522531926631927,0.2986782491207123,0.8927488327026367,0.07305897027254105,0.6727591753005981,1.1742322444915771,-0.13345037400722504,0.31559988856315613,1.1287928819656372,-0.09965484589338303,0.6847214102745056,1.2601953744888306,0.0011499413521960378,0.29635170102119446,1.2230913639068604,0.0007082914235070348,0.6556577682495117,1.2534016370773315,0.00527657475322485,0.33153393864631653,1.230378270149231,-0.001360132242552936,0.6431673169136047,1.2237526178359985,-0.0033015829976648092,0.3456640839576721,1.1995455026626587,-0.0036188727244734764,0.5707061886787415,1.1505138874053955,0.2118460088968277,0.3995419144630432,1.1301268339157104,0.2482140064239502
3183.3333333333335,,,,,,,,,,,,,,,,,,,,,,,,,,,,,,,,,,,,,,,,,,,,,,,,,,,,,,,,,,,,,,,,,,,,,,,,,,,,,,,,,,,,,,,,,,,,,,,,,,,,,,,,,,,,,,,,,,,,,,,,,,,,,,,0.517890453338623,0.3152546286582947,-0.00015411872300319374,0.5360519886016846,0.2674463987350464,-0.0009594501461833715,0.5475625991821289,0.268780916929245,0.00878644548356533,0.5589757561683655,0.27028632164001465,0.0007404790376313031,0.5035408735275269,0.2630833685398102,0.005664241500198841,0.49182212352752686,0.26132282614707947,-9.621625213185325e-05,0.480312705039978,0.2596766948699951,-0.0029972533229738474,0.5720385313034058,0.29442298412323,-0.005398213863372803,0.4619460105895996,0.27976900339126587,-0.004861044697463512,0.5370886921882629,0.3706945478916168,0.004168157931417227,0.49293237924575806,0.36500367522239685,-0.005316595081239939,0.6354506611824036,0.5791757702827454,-0.007103900425136089,0.37438517808914185,0.5465176701545715,0.0072508687153458595,0.6701042652130127,0.9413492679595947,0.0943765938282013,0.30037543177604675,0.8999322652816772,0.07944649457931519,0.6677221655845642,1.1758650541305542,-0.13783380389213562,0.3176426589488983,1.1361689567565918,-0.09450758248567581,0.679720938205719,1.2615234851837158,0.0011614140821620822,0.29848816990852356,1.2276524305343628,0.0007149026496335864,0.650223970413208,1.2543365955352783,0.0052767563611269,0.3322819173336029,1.2344785928726196,-0.0013726004399359226,0.6379707455635071,1.2240889072418213,-0.003313358873128891,0.34656816720962524,1.2039616107940674,-0.00358117138966918,0.5704454183578491,1.1521978378295898,0.21715028584003448,0.3987214267253876,1.133286952972412,0.25072017312049866
3200.0,,,,,,,,,,,,,,,,,,,,,,,,,,,,,,,,,,,,,,,,,,,,,,,,,,,,,,,,,,,,,,,,0.5137996673583984,0.5237084031105042,-1.9952198272221722e-05,0.5203412771224976,0.4896053671836853,-0.010015259496867657,0.5183225870132446,0.46280696988105774,-0.02196936309337616,0.512067973613739,0.44290027022361755,-0.02972356043756008,0.5068529844284058,0.43346333503723145,-0.03603450208902359,0.5065577626228333,0.4727550745010376,-0.04928140342235565,0.4924856126308441,0.4440039396286011,-0.0640982836484909,0.4862270951271057,0.4270651638507843,-0.06756338477134705,0.483429491519928,0.4132726192474365,-0.0690172091126442,0.49689218401908875,0.4879787564277649,-0.04727832227945328,0.4795345067977905,0.4582934081554413,-0.06715507805347443,0.4718003273010254,0.4362652003765106,-0.07457711547613144,0.46773433685302734,0.4183119833469391,-0.07824185490608215,0.48864543437957764,0.5039905905723572,-0.04235323518514633,0.4729767143726349,0.4757375717163086,-0.05668109282851219,0.4667392671108246,0.45432430505752563,-0.05808880925178528,0.4638708233833313,0.4377541244029999,-0.05814456567168236,0.4827488660812378,0.518753707408905,-0.03701748698949814,0.4687189757823944,0.4993423819541931,-0.04532643407583237,0.46367907524108887,0.484165757894516,-0.04778612032532692,0.4615653157234192,0.4728921055793762,-0.04851328954100609,0.5165771842002869,0.31407254934310913,-0.000144861129228957,0.5351616144180298,0.266723096370697,-0.0009594664443284273,0.5466372966766357,0.2681657671928406,0.008809305727481842,0.5580141544342041,0.2697991132736206,0.0007327084895223379,0.5028035044670105,0.26222100853919983,0.005642626900225878,0.49121013283729553,0.2604537904262543,-8.10626515885815e-05,0.4798264801502228,0.25882187485694885,-0.0029947971925139427,0.5713917016983032,0.2945860028266907,-0.005412606056779623,0.4621334671974182,0.27888819575309753,-0.004932613577693701,0.535698413848877,0.36960726976394653,0.004172221291810274,0.4917759299278259,0.3636200726032257,-0.005318607669323683,0.6348883509635925,0.5780415534973145,-0.0086298119276762,0.3736988306045532,0.54526686668396,0.0087701715528965,0.6696905493736267,0.9406896829605103,0.09237488359212875,0.29995542764663696,0.899979293346405,0.0808405876159668,0.667582631111145,1.1722774505615234,-0.14164195954799652,0.3177016079425812,1.1323784589767456,-0.0897614061832428,0.6780354976654053,1.2576662302017212,0.0011704127537086606,0.2985161244869232,1.2230278253555298,0.0007258045952767134,0.6483704447746277,1.2501063346862793,0.005283745937049389,0.33207792043685913,1.2291511297225952,-0.0013785718474537134,0.6366420388221741,1.2201064825057983,-0.003322564298287034,0.3463713228702545,1.1987677812576294,-0.0035559048410505056,0.5705562829971313,1.1509796380996704,0.20856259763240814,0.39815324544906616,1.1321983337402344,0.2437356561422348
3216.666666666667,,,,,,,,,,,,,,,,,,,,,,,,,,,,,,,,,,,,,,,,,,,,,,,,,,,,,,,,,,,,,,,,,,,,,,,,,,,,,,,,,,,,,,,,,,,,,,,,,,,,,,,,,,,,,,,,,,,,,,,,,,,,,,,0.5150734186172485,0.31333625316619873,-0.00014069612370803952,0.5337180495262146,0.2663092017173767,-0.0009604455553926528,0.5451790690422058,0.2677428722381592,0.008816035464406013,0.5565413236618042,0.2693529427051544,0.0007266843458637595,0.501480758190155,0.26180386543273926,0.005630043335258961,0.48996642231941223,0.26002606749534607,-7.657249079784378e-05,0.4786614179611206,0.25836804509162903,-0.0029924323316663504,0.5705114603042603,0.2943110167980194,-0.005432589910924435,0.46164944767951965,0.27852508425712585,-0.004981139674782753,0.5344366431236267,0.3689523935317993,0.00418267585337162,0.4906845986843109,0.36294111609458923,-0.005329451989382505,0.635125458240509,0.5766047835350037,-0.010094651021063328,0.37418094277381897,0.5433521866798401,0.01021629385650158,0.6693689227104187,0.9397293329238892,0.0907987579703331,0.3001464605331421,0.8959928154945374,0.08273860067129135,0.6635732054710388,1.1699823141098022,-0.141424760222435,0.31923532485961914,1.124814510345459,-0.08688238263130188,0.6757562160491943,1.2550780773162842,0.0011739203473553061,0.30029767751693726,1.2152007818222046,0.0007368356455117464,0.6472288370132446,1.2469068765640259,0.0052841659635305405,0.33364713191986084,1.2204397916793823,-0.0013811994576826692,0.6350904107093811,1.2167396545410156,-0.0033372007310390472,0.3479684293270111,1.1905070543289185,-0.0035375882871448994,0.5699609518051147,1.1493606567382812,0.2105950564146042,0.39765846729278564,1.129906177520752,0.24796706438064575
3233.3333333333335,,,,,,,,,,,,,,,,,,,,,,,,,,,,,,,,,,,,,,,,,,,,,,,,,,,,,,,,,,,,,,,,,,,,,,,,,,,,,,,,,,,,,,,,,,,,,,,,,,,,,,,,,,,,,,,,,,,,,,,,,,,,,,,0.5149116516113281,0.31288427114486694,-0.00011888585868291557,0.5338171124458313,0.2662896513938904,-0.0009814167860895395,0.5452743768692017,0.2677428722381592,0.008833839558064938,0.5566323399543762,0.26936137676239014,0.0007231714553199708,0.5015588402748108,0.26171931624412537,0.005563801154494286,0.4900266230106354,0.2599366009235382,-6.500182644231245e-05,0.47868913412094116,0.2582757771015167,-0.0029855237808078527,0.5706431865692139,0.2947084903717041,-0.005436905659735203,0.46204668283462524,0.2784770727157593,-0.005054608918726444,0.5343459248542786,0.36891084909439087,0.004202351905405521,0.4906456172466278,0.36273130774497986,-0.0053599001839756966,0.6355587840080261,0.5778699517250061,-0.01061100885272026,0.37413135170936584,0.5456448793411255,0.010737039148807526,0.6697012186050415,0.9439372420310974,0.09116332978010178,0.3023768961429596,0.9046928882598877,0.0821220800280571,0.6625247597694397,1.17611825466156,-0.1457795351743698,0.3213328719139099,1.1368147134780884,-0.09608477354049683,0.675725519657135,1.2608813047409058,0.0011847431305795908,0.3029825687408447,1.2254775762557983,0.0007432236452586949,0.647798478603363,1.2536449432373047,0.0052848015911877155,0.33445870876312256,1.2301886081695557,-0.0013826002832502127,0.6353933215141296,1.2236790657043457,-0.0033546010963618755,0.3488045632839203,1.199747920036316,-0.0035018245689570904,0.5705592036247253,1.1516860723495483,0.2199195772409439,0.3975123465061188,1.1338304281234741,0.2549607455730438
3250.0,,,,,,,,,,,,,,,,,,,,,,,,,,,,,,,,,,,,,,,,,,,,,,,,,,,,,,,,,,,,,,,,0.5142837762832642,0.5252689719200134,-1.1214182450203225e-05,0.5204018354415894,0.4899158775806427,-0.008564482443034649,0.5174927115440369,0.4623340964317322,-0.019191240891814232,0.510006844997406,0.44220733642578125,-0.025636494159698486,0.5042796730995178,0.43324893712997437,-0.030829180032014847,0.5066707134246826,0.4719308912754059,-0.0456506684422493,0.49385160207748413,0.44322678446769714,-0.059734951704740524,0.4873489439487457,0.4259386658668518,-0.0634462907910347,0.484103262424469,0.4113914966583252,-0.06534868478775024,0.49667420983314514,0.48665696382522583,-0.044372182339429855,0.4804501533508301,0.4573814868927002,-0.06315361708402634,0.47235023975372314,0.435317724943161,-0.07087545096874237,0.46776461601257324,0.41715380549430847,-0.07503630965948105,0.4881000816822052,0.5025117993354797,-0.04022872820496559,0.47321373224258423,0.4749482274055481,-0.0544586181640625,0.46633049845695496,0.4537343978881836,-0.0574873648583889,0.4626361131668091,0.4369165301322937,-0.05903809517621994,0.48181676864624023,0.5177693367004395,-0.035471752285957336,0.4683242440223694,0.4988594353199005,-0.04432633891701698,0.46275413036346436,0.48407167196273804,-0.04796448349952698,0.45989277958869934,0.47271251678466797,-0.05011702701449394,0.5143049955368042,0.31231674551963806,-0.00011189321958227083,0.5337290167808533,0.2662890553474426,-0.0009855132084339857,0.5451918244361877,0.26777464151382446,0.008847982622683048,0.5565546751022339,0.26937493681907654,0.0007163638365454972,0.5014660358428955,0.26154571771621704,0.005519733764231205,0.4899769425392151,0.2596870958805084,-6.299567758105695e-05,0.47867441177368164,0.2579353451728821,-0.002980847842991352,0.5707126259803772,0.2951662540435791,-0.005453709978610277,0.46210116147994995,0.27835801243782043,-0.005097781307995319,0.5338838696479797,0.36887145042419434,0.00420865835621953,0.49027565121650696,0.36231082677841187,-0.0053633335046470165,0.6355516314506531,0.5781883597373962,-0.010754993185400963,0.37410837411880493,0.546065628528595,0.010888452641665936,0.6696144938468933,0.9456382393836975,0.09043612331151962,0.30463266372680664,0.9061517715454102,0.08290045708417892,0.6619030237197876,1.180005431175232,-0.1451697051525116,0.32299378514289856,1.1397407054901123,-0.093487948179245,0.6757038831710815,1.2650156021118164,0.0011866965796798468,0.3049129843711853,1.22774076461792,0.0007498098420910537,0.648407518863678,1.2581148147583008,0.005285667255520821,0.33535468578338623,1.2319626808166504,-0.001396219595335424,0.6358837485313416,1.2283743619918823,-0.003365348093211651,0.349662184715271,1.2014282941818237,-0.003473062301054597,0.5707010626792908,1.1518685817718506,0.21909622848033905,0.3974122405052185,1.1344040632247925,0.25385934114456177
3266.6666666666665,,,,,,,,,,,,,,,,,,,,,,,,,,,,,,,,,,,,,,,,,,,,,,,,,,,,,,,,,,,,,,,,,,,,,,,,,,,,,,,,,,,,,,,,,,,,,,,,,,,,,,,,,,,,,,,,,,,,,,,,,,,,,,,0.5141202211380005,0.3117549419403076,-9.954672714229673e-05,0.5336522459983826,0.26612797379493713,-0.0009863229934126139,0.5451219081878662,0.2677221894264221,0.008867058902978897,0.5564959645271301,0.26935702562332153,0.0007071443251334131,0.5013797283172607,0.2610928416252136,0.005503052845597267,0.4898777902126312,0.2591198980808258,-6.139701145002618e-05,0.47856637835502625,0.2572440207004547,-0.002977050608024001,0.5708627700805664,0.2952291667461395,-0.005470027215778828,0.4620218575000763,0.277953565120697,-0.005129839759320021,0.5338181853294373,0.3687807619571686,0.004224201664328575,0.4901624619960785,0.361825555562973,-0.00537028769031167,0.635587215423584,0.5784773230552673,-0.011327670887112617,0.3740866482257843,0.5466786026954651,0.011471395380795002,0.6696228384971619,0.9454028010368347,0.09009452909231186,0.30589747428894043,0.9070400595664978,0.08329451829195023,0.6613107323646545,1.1798250675201416,-0.1522788256406784,0.3240908980369568,1.1403344869613647,-0.09694518148899078,0.6764521598815918,1.2646756172180176,0.0012068510986864567,0.3058197796344757,1.2285550832748413,0.0007583050755783916,0.6509009003639221,1.2577130794525146,0.005289451219141483,0.3362767994403839,1.2327624559402466,-0.001401434768922627,0.6379132866859436,1.228073000907898,-0.0033717481419444084,0.35053643584251404,1.2023447751998901,-0.003442194079980254,0.5711155533790588,1.1522622108459473,0.2183864712715149,0.39760953187942505,1.135056495666504,0.25333163142204285
3283.3333333333335,,,,,,,,,,,,,,,,,,,,,,,,,,,,,,,,,,,,,,,,,,,,,,,,,,,,,,,,,,,,,,,,0.5153768062591553,0.5279109477996826,-1.2552784937724937e-05,0.5222505927085876,0.49352049827575684,-0.009176384657621384,0.5188444256782532,0.4660239517688751,-0.020452767610549927,0.5112418532371521,0.44564834237098694,-0.027913615107536316,0.505414605140686,0.43657681345939636,-0.03387974947690964,0.5073037147521973,0.4721086323261261,-0.045384712517261505,0.49369263648986816,0.44512608647346497,-0.06116270646452904,0.4861503839492798,0.428007036447525,-0.0670546218752861,0.48174992203712463,0.41257959604263306,-0.06993574649095535,0.4980998933315277,0.4871213734149933,-0.044461920857429504,0.48125720024108887,0.45876142382621765,-0.06512138992547989,0.47184833884239197,0.43730974197387695,-0.075711689889431,0.46555620431900024,0.4182232618331909,-0.0821683257818222,0.4900844991207123,0.5038753747940063,-0.04075941443443298,0.47449809312820435,0.4768925905227661,-0.05641781911253929,0.466478556394577,0.4566679000854492,-0.06221872568130493,0.4611751139163971,0.4389980733394623,-0.06604890525341034,0.48421210050582886,0.520275890827179,-0.03649301826953888,0.4700285792350769,0.5022661089897156,-0.04563775658607483,0.4635758697986603,0.48819300532341003,-0.04971931502223015,0.45950913429260254,0.47637325525283813,-0.05257229506969452,0.5135778188705444,0.3115327060222626,-6.239589856704697e-05,0.5334513783454895,0.266055703163147,-0.0009872788796201348,0.5449609160423279,0.2677050530910492,0.008878239430487156,0.5563724637031555,0.2693871855735779,0.0007003193022683263,0.5011466145515442,0.26090309023857117,0.0054981904104352,0.4896594285964966,0.258887380361557,-5.242388215265237e-05,0.4783661961555481,0.256965309381485,-0.0029708354268223047,0.5709225535392761,0.29529306292533875,-0.0054837786592543125,0.4619739353656769,0.2777929902076721,-0.005136970430612564,0.5334101915359497,0.3687441051006317,0.004232167266309261,0.48964402079582214,0.3616039752960205,-0.005372615996748209,0.635578453540802,0.5785877704620361,-0.011809175834059715,0.3740275502204895,0.5467358827590942,0.011951583437621593,0.6696248650550842,0.9454014301300049,0.08998676389455795,0.30574601888656616,0.9070073366165161,0.08346832543611526,0.6606183052062988,1.178940773010254,-0.15618441998958588,0.3245498239994049,1.139230728149414,-0.10081003606319427,0.6763452887535095,1.2634263038635254,0.0012190832057967782,0.3064093291759491,1.227030873298645,0.0007626725709997118,0.6513839364051819,1.2557828426361084,0.005290312226861715,0.33693253993988037,1.2307428121566772,-0.0014089021133258939,0.638194739818573,1.2263014316558838,-0.003375636413693428,0.3510833978652954,1.200583577156067,-0.0034200476948171854,0.5711181163787842,1.1523414850234985,0.2191087156534195,0.39755505323410034,1.1350702047348022,0.2554977834224701
3300.0000000000005,,,,,,,,,,,,,,,,,,,,,,,,,,,,,,,,,,,,,,,,,,,,,,,,,,,,,,,,,,,,,,,,,,,,,,,,,,,,,,,,,,,,,,,,,,,,,,,,,,,,,,,,,,,,,,,,,,,,,,,,,,,,,,,0.5134890079498291,0.311459481716156,-2.7331358069204725e-05,0.5334461331367493,0.2659849524497986,-0.0010015269508585334,0.5449414849281311,0.26765501499176025,0.008884752169251442,0.5563497543334961,0.26936426758766174,0.0006981454789638519,0.5011010766029358,0.26078516244888306,0.005496334750205278,0.4895941913127899,0.2587517201900482,-3.611077772802673e-05,0.4782807528972626,0.2568102180957794,-0.0029646686743944883,0.5710094571113586,0.29543623328208923,-0.0054920571856200695,0.46195653080940247,0.27765509486198425,-0.005139039363712072,0.5333774089813232,0.36874788999557495,0.004232834558933973,0.48959416151046753,0.36155879497528076,-0.0054112449288368225,0.6356296539306641,0.579064667224884,-0.011829414404928684,0.373897910118103,0.5468732118606567,0.01196984387934208,0.6695025563240051,0.9452200531959534,0.09064603596925735,0.3053833246231079,0.9066845774650574,0.08336616307497025,0.6593201160430908,1.1769938468933105,-0.1566212773323059,0.32618147134780884,1.1377077102661133,-0.10421542078256607,0.6748902201652527,1.2615445852279663,0.001226817723363638,0.3083762526512146,1.2259583473205566,0.0007638313691131771,0.6500140428543091,1.2535700798034668,0.005297101102769375,0.339546263217926,1.230015754699707,-0.0014147361507639289,0.6369337439537048,1.2237720489501953,-0.003378532361239195,0.35338014364242554,1.1998316049575806,-0.0034043400082737207,0.5710783004760742,1.1525999307632446,0.2231772541999817,0.3975118398666382,1.1352423429489136,0.25901004672050476
3316.666666666667,,,,,,,,,,,,,,,,,,,,,,,,,,,,,,,,,,,,,,,,,,,,,,,,,,,,,,,,,,,,,,,,,,,,,,,,,,,,,,,,,,,,,,,,,,,,,,,,,,,,,,,,,,,,,,,,,,,,,,,,,,,,,,,0.5130809545516968,0.31187134981155396,7.888320396887138e-06,0.5330917835235596,0.26610928773880005,-0.0010213055647909641,0.5446853637695312,0.26782163977622986,0.008886340074241161,0.5562013387680054,0.26960304379463196,0.0006943302578292787,0.5006731748580933,0.26086676120758057,0.005490421317517757,0.4891553223133087,0.2588149905204773,-2.332528674742207e-05,0.47784391045570374,0.2568552792072296,-0.002955981995910406,0.571203351020813,0.2961031496524811,-0.005499109160155058,0.4615633487701416,0.27777376770973206,-0.005139229819178581,0.5331084728240967,0.3694252669811249,0.004241885617375374,0.48922231793403625,0.36208322644233704,-0.005449221469461918,0.6357049942016602,0.5793682336807251,-0.011973725631833076,0.3737878203392029,0.5466519594192505,0.012106082402169704,0.6689633131027222,0.9439522624015808,0.09148982912302017,0.30469080805778503,0.9045635461807251,0.08360368758440018,0.6576671600341797,1.1738941669464111,-0.1557081788778305,0.3285275101661682,1.1318589448928833,-0.10532675683498383,0.6729574203491211,1.2584092617034912,0.0012453949311748147,0.31150251626968384,1.2205742597579956,0.0007654990185983479,0.6480600833892822,1.2511529922485352,0.005299689248204231,0.34353864192962646,1.2248430252075195,-0.001419057254679501,0.6351667642593384,1.2212164402008057,-0.003378966124728322,0.3568090796470642,1.1948623657226562,-0.0033796599600464106,0.5709110498428345,1.1528555154800415,0.23506960272789001,0.3976123631000519,1.1354267597198486,0.27099061012268066
3333.3333333333335,,,,,,,,,,,,,,,,,,,,,,,,,,,,,,,,,,,,,,,,,,,,,,,,,,,,,,,,,,,,,,,,,,,,,,,,,,,,,,,,,,,,,,,,,,,,,,,,,,,,,,,,,,,,,,,,,,,,,,,,,,,,,,,0.5128313899040222,0.31314322352409363,2.1541816749959253e-05,0.5329826474189758,0.2666974365711212,-0.0010269267950206995,0.5447055101394653,0.26843634247779846,0.008897964842617512,0.556343138217926,0.2702733278274536,0.0006912318640388548,0.5003796219825745,0.26139745116233826,0.005483071785420179,0.4887784719467163,0.2592926323413849,-1.0012309758167248e-05,0.47739163041114807,0.25727489590644836,-0.0029546970035880804,0.5715051293373108,0.2968514859676361,-0.005505898967385292,0.4609840214252472,0.2781141400337219,-0.005156686995178461,0.5330378413200378,0.37067824602127075,0.004257062915712595,0.4887269139289856,0.36328014731407166,-0.005469676107168198,0.6356933116912842,0.5791007280349731,-0.011991688050329685,0.37367504835128784,0.5461776852607727,0.012117758393287659,0.6688506603240967,0.9421143531799316,0.09175006300210953,0.30399811267852783,0.903070867061615,0.08357571065425873,0.6550101041793823,1.1728092432022095,-0.15581414103507996,0.330682635307312,1.130932331085205,-0.10718049108982086,0.6706713438034058,1.2568585872650146,0.0012499107979238033,0.3140626847743988,1.2183059453964233,0.0007694759988225996,0.6468000411987305,1.2476121187210083,0.0053052958101034164,0.3477495610713959,1.2227100133895874,-0.0014242335455492139,0.6336493492126465,1.2169321775436401,-0.003379820380359888,0.3605271577835083,1.192704677581787,-0.003374901134520769,0.5713252425193787,1.1527928113937378,0.23357896506786346,0.3985331952571869,1.1353806257247925,0.2701210081577301
3350.0,,,,,,,,,,,,,,,,,,,,,,,,,,,,,,,,,,,,,,,,,,,,,,,,,,,,,,,,,,,,,,,,,,,,,,,,,,,,,,,,,,,,,,,,,,,,,,,,,,,,,,,,,,,,,,,,,,,,,,,,,,,,,,,0.5125203132629395,0.3130533993244171,3.8091649912530556e-05,0.5326205492019653,0.2665107250213623,-0.0010276488028466702,0.544366717338562,0.2682535946369171,0.008908243849873543,0.5560214519500732,0.2701041102409363,0.000686228449922055,0.5000007152557373,0.26123589277267456,0.005477947182953358,0.48837900161743164,0.25913920998573303,2.077168346659164e-06,0.47697290778160095,0.25712788105010986,-0.0029498536605387926,0.5711516737937927,0.2966904044151306,-0.0055139739997684956,0.4605443477630615,0.2779841721057892,-0.00517228152602911,0.5327967405319214,0.37049561738967896,0.0042741321958601475,0.4883684813976288,0.36320993304252625,-0.005490154959261417,0.6357322931289673,0.5787978768348694,-0.012127186171710491,0.37364834547042847,0.5461187362670898,0.012239431031048298,0.6691256165504456,0.9411417245864868,0.09161700308322906,0.304080992937088,0.9020665884017944,0.08352699875831604,0.6541330814361572,1.1724401712417603,-0.15314486622810364,0.33168256282806396,1.1306400299072266,-0.10508991777896881,0.6699167490005493,1.2567358016967773,0.001258932170458138,0.315158486366272,1.2178540229797363,0.0007698947447352111,0.645896315574646,1.2458957433700562,0.005313029512763023,0.34912946820259094,1.2223145961761475,-0.0014364401577040553,0.6329753398895264,1.2147314548492432,-0.0033813281916081905,0.36194339394569397,1.192236065864563,-0.003371661761775613,0.5717020034790039,1.153317928314209,0.2316184788942337,0.39943695068359375,1.1360429525375366,0.26815879344940186
3366.6666666666665,,,,,,,,,,,,,,,,,,,,,,,,,,,,,,,,,,,,,,,,,,,,,,,,,,,,,,,,,,,,,,,,,,,,,,,,,,,,,,,,,,,,,,,,,,,,,,,,,,,,,,,,,,,,,,,,,,,,,,,,,,,,,,,0.5123485326766968,0.31288883090019226,5.143145608599298e-05,0.5323468446731567,0.26634660363197327,-0.0010352960089221597,0.5440848469734192,0.2680583596229553,0.008913274854421616,0.5557253360748291,0.26989248394966125,0.0006859545828774571,0.499755859375,0.26122069358825684,0.005468460265547037,0.4881364703178406,0.259191632270813,1.5056408301461488e-05,0.47672808170318604,0.2572466731071472,-0.0029488347936421633,0.570880651473999,0.296573281288147,-0.0055254073813557625,0.46039003133773804,0.27834081649780273,-0.005177841056138277,0.5327311754226685,0.3702567517757416,0.004282495006918907,0.48829951882362366,0.36325719952583313,-0.005511629860848188,0.6360741853713989,0.578578531742096,-0.012127602472901344,0.3739668130874634,0.5459224581718445,0.012239489704370499,0.6687720417976379,0.9404365420341492,0.0915311649441719,0.3045862913131714,0.9008728265762329,0.08381860703229904,0.653747022151947,1.1708840131759644,-0.14483727514743805,0.33139121532440186,1.1295546293258667,-0.10201698541641235,0.6695490479469299,1.255275845527649,0.0012601707130670547,0.31494811177253723,1.2175722122192383,0.0007714456296525896,0.6457891464233398,1.2451550960540771,0.005320962052792311,0.3485974669456482,1.2217801809310913,-0.0014419120270758867,0.6329374313354492,1.2143330574035645,-0.0033830292522907257,0.36162498593330383,1.1916033029556274,-0.003367878030985594,0.571965217590332,1.1534384489059448,0.23175173997879028,0.39989137649536133,1.1361708641052246,0.2668561339378357
3383.3333333333335,,,,,,,,,,,,,,,,,,,,,,,,,,,,,,,,,,,,,,,,,,,,,,,,,,,,,,,,,,,,,,,,,,,,,,,,,,,,,,,,,,,,,,,,,,,,,,,,,,,,,,,,,,,,,,,,,,,,,,,,,,,,,,,0.5122966170310974,0.3125828206539154,5.995635365252383e-05,0.5322647094726562,0.26616746187210083,-0.001050331280566752,0.5439936518669128,0.2678866684436798,0.008916724473237991,0.5556216239929199,0.269739031791687,0.0006818555411882699,0.4997052848339081,0.2610889673233032,0.005460907239466906,0.4881020188331604,0.2590984106063843,2.6643170713214204e-05,0.4767056107521057,0.25719693303108215,-0.0029469153378158808,0.5708708167076111,0.2964623272418976,-0.005536232143640518,0.46049150824546814,0.2784658968448639,-0.005181302782148123,0.5327629446983337,0.3699408173561096,0.0042887236922979355,0.48838841915130615,0.3630632162094116,-0.005530407186597586,0.6363754868507385,0.5784764289855957,-0.012114248238503933,0.374369353055954,0.5456503629684448,0.012220089323818684,0.6683721542358398,0.9404024481773376,0.09146314859390259,0.3050125241279602,0.900263249874115,0.08438229560852051,0.6536996364593506,1.1708966493606567,-0.13573114573955536,0.33133387565612793,1.1290161609649658,-0.0949879065155983,0.6695078015327454,1.2556788921356201,0.0012685101246461272,0.3151035010814667,1.2171417474746704,0.0007719889981672168,0.6456642150878906,1.2461669445037842,0.005331001710146666,0.348726361989975,1.2211475372314453,-0.0014454881893470883,0.6328228116035461,1.2155264616012573,-0.0033852048218250275,0.36180809140205383,1.1909323930740356,-0.0033594577107578516,0.571849524974823,1.153507113456726,0.2318321019411087,0.3997679352760315,1.136025309562683,0.26617735624313354
3400.0000000000005,,,,,,,,,,,,,,,,,,,,,,,,,,,,,,,,,,,,,,,,,,,,,,,,,,,,,,,,,,,,,,,,,,,,,,,,,,,,,,,,,,,,,,,,,,,,,,,,,,,,,,,,,,,,,,,,,,,,,,,,,,,,,,,0.5123650431632996,0.3125165104866028,6.862508598715067e-05,0.5322734713554382,0.2661537230014801,-0.0010682533029466867,0.5439939498901367,0.2678593695163727,0.008920005522668362,0.5556139945983887,0.2696622610092163,0.0006755762733519077,0.499737024307251,0.2610388994216919,0.005455168429762125,0.4881422519683838,0.259061336517334,3.406285759410821e-05,0.47675371170043945,0.2571844458580017,-0.002943123923614621,0.5708602666854858,0.296359658241272,-0.0055407448671758175,0.46055868268013,0.27852994203567505,-0.00518370745703578,0.5328356623649597,0.36992529034614563,0.004296429455280304,0.4885439872741699,0.36297446489334106,-0.005531379021704197,0.6364009380340576,0.5784040093421936,-0.012020801194012165,0.37470364570617676,0.5456463098526001,0.012117890641093254,0.6683177947998047,0.9403603076934814,0.09129460901021957,0.30558621883392334,0.8979350924491882,0.08435419946908951,0.653851330280304,1.1721749305725098,-0.12701831758022308,0.33116042613983154,1.1288137435913086,-0.09094013273715973,0.6695125699043274,1.2574268579483032,0.0012760068057104945,0.3149554133415222,1.2172693014144897,0.0007732785888947546,0.645680844783783,1.2492915391921997,0.0053416648879647255,0.3485531508922577,1.2213743925094604,-0.0014494042843580246,0.6328345537185669,1.2189387083053589,-0.003386080265045166,0.3617004454135895,1.1909348964691162,-0.0033514040987938643,0.5721426010131836,1.153533935546875,0.23082056641578674,0.40020155906677246,1.1362911462783813,0.26552098989486694
3416.666666666667,,,,,,,,,,,,,,,,,,,,,,,,,,,,,,,,,,,,,,,,,,,,,,,,,,,,,,,,,,,,,,,,,,,,,,,,,,,,,,,,,,,,,,,,,,,,,,,,,,,,,,,,,,,,,,,,,,,,,,,,,,,,,,,0.5128211379051208,0.3120877146720886,7.158891094150022e-05,0.5325654149055481,0.2657703757286072,-0.0010895909508690238,0.5442494750022888,0.2673664689064026,0.008921032771468163,0.5558269023895264,0.26906508207321167,0.0006630427669733763,0.5000491142272949,0.2609298825263977,0.0054544201120734215,0.48845067620277405,0.25902992486953735,3.490592280286364e-05,0.4770554304122925,0.25721096992492676,-0.0029355427250266075,0.5708817839622498,0.29562315344810486,-0.005542035214602947,0.4607468545436859,0.2786121666431427,-0.005187181290239096,0.5332702398300171,0.3692311942577362,0.004300661850720644,0.4889730215072632,0.3627617359161377,-0.005543526262044907,0.6364942193031311,0.5779303312301636,-0.011596116237342358,0.37487274408340454,0.5455776453018188,0.01168422307819128,0.668226420879364,0.9404624104499817,0.09094508737325668,0.3056205213069916,0.896271824836731,0.08407914638519287,0.6544110178947449,1.1727313995361328,-0.12180307507514954,0.33113548159599304,1.1290479898452759,-0.08878692239522934,0.6699561476707458,1.2583996057510376,0.0012876716209575534,0.31501829624176025,1.218487024307251,0.0007740997825749218,0.6457589268684387,1.2525148391723633,0.005348837468773127,0.3486161231994629,1.2223058938980103,-0.0014536663657054305,0.6329370141029358,1.222636342048645,-0.0033879687543958426,0.3617674708366394,1.1919925212860107,-0.003340988652780652,0.5724455714225769,1.153723120689392,0.22861821949481964,0.40030744671821594,1.1367496252059937,0.26202642917633057
