timestamps,lefthand_0_x,lefthand_0_y,lefthand_0_z,lefthand_1_x,lefthand_1_y,lefthand_1_z,lefthand_2_x,lefthand_2_y,lefthand_2_z,lefthand_3_x,lefthand_3_y,lefthand_3_z,lefthand_4_x,lefthand_4_y,lefthand_4_z,lefthand_5_x,lefthand_5_y,lefthand_5_z,lefthand_6_x,lefthand_6_y,lefthand_6_z,lefthand_7_x,lefthand_7_y,lefthand_7_z,lefthand_8_x,lefthand_8_y,lefthand_8_z,lefthand_9_x,lefthand_9_y,lefthand_9_z,lefthand_10_x,lefthand_10_y,lefthand_10_z,lefthand_11_x,lefthand_11_y,lefthand_11_z,lefthand_12_x,lefthand_12_y,lefthand_12_z,lefthand_13_x,lefthand_13_y,lefthand_13_z,lefthand_14_x,lefthand_14_y,lefthand_14_z,lefthand_15_x,lefthand_15_y,lefthand_15_z,lefthand_16_x,lefthand_16_y,lefthand_16_z,lefthand_17_x,lefthand_17_y,lefthand_17_z,lefthand_18_x,lefthand_18_y,lefthand_18_z,lefthand_19_x,lefthand_19_y,lefthand_19_z,lefthand_20_x,lefthand_20_y,lefthand_20_z,righthand_0_x,righthand_0_y,righthand_0_z,righthand_1_x,righthand_1_y,righthand_1_z,righthand_2_x,righthand_2_y,righthand_2_z,righthand_3_x,righthand_3_y,righthand_3_z,righthand_4_x,righthand_4_y,righthand_4_z,righthand_5_x,righthand_5_y,righthand_5_z,righthand_6_x,righthand_6_y,righthand_6_z,righthand_7_x,righthand_7_y,righthand_7_z,righthand_8_x,righthand_8_y,righthand_8_z,righthand_9_x,righthand_9_y,righthand_9_z,righthand_10_x,righthand_10_y,righthand_10_z,righthand_11_x,righthand_11_y,righthand_11_z,righthand_12_x,righthand_12_y,righthand_12_z,righthand_13_x,righthand_13_y,righthand_13_z,righthand_14_x,righthand_14_y,righthand_14_z,righthand_15_x,righthand_15_y,righthand_15_z,righthand_16_x,righthand_16_y,righthand_16_z,righthand_17_x,righthand_17_y,righthand_17_z,righthand_18_x,righthand_18_y,righthand_18_z,righthand_19_x,righthand_19_y,righthand_19_z,righthand_20_x,righthand_20_y,righthand_20_z,pose_0_x,pose_0_y,pose_0_z,pose_1_x,pose_1_y,pose_1_z,pose_2_x,pose_2_y,pose_2_z,pose_3_x,pose_3_y,pose_3_z,pose_4_x,pose_4_y,pose_4_z,pose_5_x,pose_5_y,pose_5_z,pose_6_x,pose_6_y,pose_6_z,pose_7_x,pose_7_y,pose_7_z,pose_8_x,pose_8_y,pose_8_z,pose_9_x,pose_9_y,pose_9_z,pose_10_x,pose_10_y,pose_10_z,pose_11_x,pose_11_y,pose_11_z,pose_12_x,pose_12_y,pose_12_z,pose_13_x,pose_13_y,pose_13_z,pose_14_x,pose_14_y,pose_14_z,pose_15_x,pose_15_y,pose_15_z,pose_16_x,pose_16_y,pose_16_z,pose_17_x,pose_17_y,pose_17_z,pose_18_x,pose_18_y,pose_18_z,pose_19_x,pose_19_y,pose_19_z,pose_20_x,pose_20_y,pose_20_z,pose_21_x,pose_21_y,pose_21_z,pose_22_x,pose_22_y,pose_22_z,pose_23_x,pose_23_y,pose_23_z,pose_24_x,pose_24_y,pose_24_z
0.0,,,,,,,,,,,,,,,,,,,,,,,,,,,,,,,,,,,,,,,,,,,,,,,,,,,,,,,,,,,,,,,,,,,,,,,,,,,,,,,,,,,,,,,,,,,,,,,,,,,,,,,,,,,,,,,,,,,,,,,,,,,,,,,0.5082409381866455,0.2712770998477936,-0.0009350519394502044,0.5206644535064697,0.22023119032382965,-0.0006905944319441915,0.5314568877220154,0.21881204843521118,0.007517405319958925,0.5422303676605225,0.2175481617450714,0.0008923997520469129,0.49107345938682556,0.22270745038986206,0.0052896663546562195,0.4800610840320587,0.22335761785507202,-0.0021466875914484262,0.4692460894584656,0.2240430861711502,-0.002391663147136569,0.5523710250854492,0.23564785718917847,-0.0044348170049488544,0.4524127244949341,0.24605152010917664,-0.004127096850425005,0.5292126536369324,0.3157961964607239,0.0015512346290051937,0.48790493607521057,0.3196585476398468,-0.006847779266536236,0.6246052980422974,0.48829296231269836,0.01436280645430088,0.3818562626838684,0.503168523311615,-0.014396119862794876,0.6736001372337341,0.8313271999359131,0.09281236678361893,0.3429628610610962,0.8552501201629639,0.015407461673021317,0.5912671685218811,1.0278937816619873,-0.08613092452287674,0.4526470899581909,1.0359750986099243,-0.12152397632598877,0.578430712223053,1.1047459840774536,0.00015862418513279408,0.47034844756126404,1.1153883934020996,-0.0003332608612254262,0.5559998750686646,1.0727427005767822,0.005202948115766048,0.49772095680236816,1.0857447385787964,-0.00010258892871206626,0.553954541683197,1.043434977531433,-0.0028825709596276283,0.4956514835357666,1.056450366973877,-0.003410782665014267,0.5891828536987305,1.0308464765548706,0.27507084608078003,0.4385190010070801,1.0455385446548462,0.27182838320732117
41.7,,,,,,,,,,,,,,,,,,,,,,,,,,,,,,,,,,,,,,,,,,,,,,,,,,,,,,,,,,,,,,,,,,,,,,,,,,,,,,,,,,,,,,,,,,,,,,,,,,,,,,,,,,,,,,,,,,,,,,,,,,,,,,,0.5073936581611633,0.2723996937274933,-0.0009218946797773242,0.5191900730133057,0.2209051549434662,-0.0006931880488991737,0.5299602150917053,0.21943093836307526,0.007519336882978678,0.5407065153121948,0.2181076854467392,0.0008530186023563147,0.48967865109443665,0.22338822484016418,0.005292499903589487,0.47856730222702026,0.22401389479637146,-0.0021461532451212406,0.46765244007110596,0.2246754765510559,-0.0024169175885617733,0.5505023002624512,0.2358289211988449,-0.004435871262103319,0.44985222816467285,0.24639198184013367,-0.004133483394980431,0.5279249548912048,0.3166680335998535,0.0015685425605624914,0.4865313768386841,0.32051947712898254,-0.006849802099168301,0.6210845112800598,0.489166796207428,0.014608784578740597,0.3780008852481842,0.5027552247047424,-0.014639664441347122,0.6691699624061584,0.8320958614349365,0.0921972319483757,0.3414423167705536,0.8541036248207092,0.01925257034599781,0.5895192623138428,1.029894471168518,-0.08603841811418533,0.450819194316864,1.0355064868927002,-0.11975617706775665,0.5763888359069824,1.1078211069107056,0.00015957244613673538,0.4684220254421234,1.1165876388549805,-0.0003152231511194259,0.554112434387207,1.0758883953094482,0.005216006189584732,0.4966423809528351,1.0870158672332764,-0.00013470834528561682,0.5518157482147217,1.0464270114898682,-0.002896091900765896,0.4947577714920044,1.0572093725204468,-0.0034145484678447247,0.5827179551124573,1.0313225984573364,0.27592718601226807,0.4347628057003021,1.0452011823654175,0.2753206193447113
83.41111111111111,,,,,,,,,,,,,,,,,,,,,,,,,,,,,,,,,,,,,,,,,,,,,,,,,,,,,,,,,,,,,,,,,,,,,,,,,,,,,,,,,,,,,,,,,,,,,,,,,,,,,,,,,,,,,,,,,,,,,,,,,,,,,,,0.5066794157028198,0.27349552512168884,-0.0009169549448415637,0.518226146697998,0.22149769961833954,-0.000702394638210535,0.5290823578834534,0.21996678411960602,0.007526812609285116,0.539898693561554,0.21858392655849457,0.0008341302745975554,0.48852524161338806,0.22408869862556458,0.005296605173498392,0.4772298336029053,0.22472985088825226,-0.002140193246304989,0.4661216139793396,0.22540567815303802,-0.002420944394543767,0.5499054789543152,0.23662018775939941,-0.004441173281520605,0.44773054122924805,0.2476348876953125,-0.004135058261454105,0.5272521376609802,0.3180086016654968,0.0015724314143881202,0.4853012263774872,0.3220551908016205,-0.006868736818432808,0.6209073066711426,0.49129849672317505,0.014581211842596531,0.37667474150657654,0.5030176043510437,-0.01461146678775549,0.6691579818725586,0.8387007713317871,0.0906025841832161,0.3402310013771057,0.8533201217651367,0.0204016100615263,0.5861933827400208,1.0370169878005981,-0.08756746351718903,0.45057862997055054,1.0355933904647827,-0.11992398649454117,0.5714437961578369,1.1165837049484253,0.00016628042794764042,0.4684109687805176,1.1173259019851685,-0.00029982984415255487,0.5489360690116882,1.0821725130081177,0.0052507175132632256,0.4965449869632721,1.086704969406128,-0.00013848196249455214,0.5472127199172974,1.0519896745681763,-0.002915449207648635,0.4946044385433197,1.0570142269134521,-0.0034141521900892258,0.582385778427124,1.0336920022964478,0.28824999928474426,0.4343193769454956,1.0460829734802246,0.287885844707489
125.12222222222222,,,,,,,,,,,,,,,,,,,,,,,,,,,,,,,,,,,,,,,,,,,,,,,,,,,,,,,,,,,,,,,,,,,,,,,,,,,,,,,,,,,,,,,,,,,,,,,,,,,,,,,,,,,,,,,,,,,,,,,,,,,,,,,0.5050318241119385,0.274127721786499,-0.0009074543486349285,0.5165621042251587,0.2218780666589737,-0.0007027250248938799,0.527519941329956,0.22030359506607056,0.007542935200035572,0.5384171009063721,0.21887534856796265,0.0008040547836571932,0.4866766631603241,0.2245180904865265,0.005301023367792368,0.4752514958381653,0.2251584231853485,-0.00213505607098341,0.4640171229839325,0.22583334147930145,-0.002434034366160631,0.5491387248039246,0.23706494271755219,-0.004448523744940758,0.4454740285873413,0.24820289015769958,-0.0041458080522716045,0.5257299542427063,0.3188624978065491,0.0015769655583426356,0.4833497703075409,0.3229788839817047,-0.006908952258527279,0.6206076741218567,0.491157203912735,0.014539908617734909,0.37599775195121765,0.5029844045639038,-0.014570334926247597,0.669779360294342,0.8430618047714233,0.08920667320489883,0.34026363492012024,0.8551241755485535,0.018756816163659096,0.5785802006721497,1.044785737991333,-0.07999167591333389,0.4548898935317993,1.0381075143814087,-0.11832711845636368,0.5620840191841125,1.1272375583648682,0.0001716804545139894,0.474784791469574,1.1227279901504517,-0.0002996410767082125,0.5387556552886963,1.090076208114624,0.005280304700136185,0.5037088990211487,1.0903432369232178,-0.00015010524657554924,0.5384582281112671,1.0591151714324951,-0.002969468478113413,0.5009319186210632,1.0599007606506348,-0.003410289529711008,0.5826610326766968,1.0334912538528442,0.2786557674407959,0.4334779977798462,1.0459189414978027,0.27694037556648254
166.83333333333334,,,,,,,,,,,,,,,,,,,,,,,,,,,,,,,,,,,,,,,,,,,,,,,,,,,,,,,,,,,,,,,,,,,,,,,,,,,,,,,,,,,,,,,,,,,,,,,,,,,,,,,,,,,,,,,,,,,,,,,,,,,,,,,0.5050308704376221,0.2739657461643219,-0.000903757696505636,0.5164279937744141,0.22201968729496002,-0.00070875947130844,0.527357816696167,0.22039106488227844,0.007546096108853817,0.5382319092750549,0.21891793608665466,0.000802127702627331,0.4865989685058594,0.22486984729766846,0.005314843729138374,0.4752090275287628,0.2256210744380951,-0.0021277801133692265,0.4640222489833832,0.22641411423683167,-0.0024341638199985027,0.5489713549613953,0.2372196912765503,-0.004455487709492445,0.4454927146434784,0.24914459884166718,-0.004158567171543837,0.525723397731781,0.3187016546726227,0.001579136704094708,0.48339903354644775,0.32306501269340515,-0.006932902615517378,0.6205149292945862,0.4905335307121277,0.01652970351278782,0.37612009048461914,0.5027275085449219,-0.016587480902671814,0.6704220175743103,0.8379151225090027,0.10146701335906982,0.33878248929977417,0.8546026349067688,0.018292630091309547,0.5847262144088745,1.0363069772720337,-0.0679318755865097,0.4543086588382721,1.0379691123962402,-0.11360231041908264,0.5699227452278137,1.116523265838623,0.00017825569375418127,0.4734403192996979,1.1201856136322021,-0.00029647647170349956,0.5460307002067566,1.0801533460617065,0.005287058185786009,0.5022512078285217,1.0899887084960938,-0.00015801996050868183,0.5450413227081299,1.0502861738204956,-0.00298294541426003,0.49974358081817627,1.0591144561767578,-0.003419421147555113,0.5793702602386475,1.033159852027893,0.274260014295578,0.4294544458389282,1.0455914735794067,0.2702808082103729
208.53333333333336,,,,,,,,,,,,,,,,,,,,,,,,,,,,,,,,,,,,,,,,,,,,,,,,,,,,,,,,,,,,,,,,,,,,,,,,,,,,,,,,,,,,,,,,,,,,,,,,,,,,,,,,,,,,,,,,,,,,,,,,,,,,,,,0.5043573379516602,0.27305611968040466,-0.0008944228757172823,0.5157952308654785,0.22195696830749512,-0.0007135129999369383,0.5265324711799622,0.2204415649175644,0.007547401823103428,0.5371904373168945,0.21907946467399597,0.0007969082216732204,0.48628127574920654,0.22456073760986328,0.005320235621184111,0.47507601976394653,0.2252444475889206,-0.00212487461976707,0.46406304836273193,0.22596235573291779,-0.002458190778270364,0.5481271147727966,0.23750139772891998,-0.0044655464589595795,0.4456908404827118,0.24845921993255615,-0.004163562320172787,0.5246056914329529,0.3180021643638611,0.00157126784324646,0.4830029308795929,0.32197099924087524,-0.00693315826356411,0.619230329990387,0.48835593461990356,0.017977086827158928,0.3760380148887634,0.5017070770263672,-0.01803050935268402,0.6702225804328918,0.8299649357795715,0.10460459440946579,0.33870595693588257,0.8541027307510376,0.011270853690803051,0.5821205973625183,1.02494478225708,-0.07550150156021118,0.4570988416671753,1.0334845781326294,-0.1166091337800026,0.5668162107467651,1.1026545763015747,0.00018182946951128542,0.4763788878917694,1.114214301109314,-0.000304857938317582,0.5431890487670898,1.0697426795959473,0.005288238171488047,0.5053514838218689,1.0890041589736938,-0.00016440590843558311,0.5428493022918701,1.0405982732772827,-0.0030076063703745604,0.5023524761199951,1.0575892925262451,-0.0034168907441198826,0.5794739723205566,1.0306172370910645,0.2516666650772095,0.4279274344444275,1.0435476303100586,0.2431422472000122
250.24444444444444,,,,,,,,,,,,,,,,,,,,,,,,,,,,,,,,,,,,,,,,,,,,,,,,,,,,,,,,,,,,,,,,,,,,,,,,,,,,,,,,,,,,,,,,,,,,,,,,,,,,,,,,,,,,,,,,,,,,,,,,,,,,,,,0.5049533247947693,0.2730241119861603,-0.0009037306299433112,0.51611328125,0.2223261296749115,-0.0007212100899778306,0.5266114473342896,0.2209601253271103,0.007537441793829203,0.5370259284973145,0.21976497769355774,0.0007794666453264654,0.48695001006126404,0.22471383213996887,0.005321145989000797,0.4759013056755066,0.22536076605319977,-0.002115102717652917,0.46504634618759155,0.22604434192180634,-0.0025007848162204027,0.547551691532135,0.23889288306236267,-0.004466381389647722,0.4463020861148834,0.24864691495895386,-0.004165211692452431,0.524520754814148,0.31788772344589233,0.001571969478391111,0.48358264565467834,0.32183486223220825,-0.006913401186466217,0.6183881163597107,0.48815518617630005,0.01638520136475563,0.37653452157974243,0.5016912221908569,-0.016404414549469948,0.6702894568443298,0.8278475999832153,0.09808724373579025,0.33846578001976013,0.8523080348968506,0.024058138951659203,0.5695188641548157,0.9974477291107178,-0.09626683592796326,0.4451185166835785,1.0228763818740845,-0.12637488543987274,0.5456984639167786,1.0698658227920532,0.00018643258954398334,0.45925357937812805,1.1009719371795654,-0.0003613644512370229,0.5232934951782227,1.0271575450897217,0.0052870470099151134,0.48818114399909973,1.0695868730545044,-0.00017591500363778323,0.5268316268920898,1.001412272453308,-0.0030015718657523394,0.487978458404541,1.0391823053359985,-0.003425529459491372,0.5797367691993713,1.0302724838256836,0.2030467689037323,0.4280065596103668,1.0430681705474854,0.20418398082256317
291.9555555555556,,,,,,,,,,,,,,,,,,,,,,,,,,,,,,,,,,,,,,,,,,,,,,,,,,,,,,,,,,,,,,,,,,,,,,,,,,,,,,,,,,,,,,,,,,,,,,,,,,,,,,,,,,,,,,,,,,,,,,,,,,,,,,,0.506183922290802,0.2726689279079437,-0.0009201772045344114,0.5168079137802124,0.22281184792518616,-0.0006359664257615805,0.5269927978515625,0.2216113954782486,0.0073982179164886475,0.5370901226997375,0.22059588134288788,0.0008517560781911016,0.488007515668869,0.22492530941963196,0.005448767449706793,0.4771977365016937,0.2255447953939438,-0.0022482231725007296,0.4665875732898712,0.2261953204870224,-0.0025025042705237865,0.5473632216453552,0.2397104650735855,-0.004473576322197914,0.4472917318344116,0.24872374534606934,-0.004168384708464146,0.524867594242096,0.31735390424728394,0.0014273340348154306,0.4850883483886719,0.32111722230911255,-0.006827068980783224,0.6162257790565491,0.48605358600616455,0.013158440589904785,0.37926778197288513,0.49954473972320557,-0.013246482238173485,0.6722131967544556,0.8252835869789124,0.09048116207122803,0.33591485023498535,0.8463229537010193,0.024130653589963913,0.5654563307762146,0.921504020690918,-0.1517678201198578,0.4444364309310913,0.9777505397796631,-0.18634335696697235,0.5394601821899414,0.9978513121604919,0.0001641684939386323,0.4616667926311493,1.0644264221191406,-0.0005883771809749305,0.5122724175453186,0.9431573152542114,0.005312195047736168,0.4940105080604553,1.0210258960723877,-0.00019388239888940006,0.5179173946380615,0.9224052429199219,-0.0029743234626948833,0.4917997121810913,0.9942670464515686,-0.0034690615721046925,0.5853312015533447,1.0249831676483154,0.13220444321632385,0.43131664395332336,1.0382263660430908,0.14604586362838745
333.6666666666667,0.5690469145774841,0.886089026927948,1.8005479432758875e-05,0.5458456873893738,0.8845365047454834,-0.02620699815452099,0.5306269526481628,0.8855680227279663,-0.055467382073402405,0.5247268676757812,0.8903013467788696,-0.07747252285480499,0.5227280855178833,0.8877399563789368,-0.1015557050704956,0.544971764087677,0.8832785487174988,-0.09500879049301147,0.5353774428367615,0.8668360114097595,-0.12743046879768372,0.5327838063240051,0.8578657507896423,-0.14881210029125214,0.5302401781082153,0.8501806855201721,-0.16214144229888916,0.5626968145370483,0.8861598372459412,-0.09091555327177048,0.5511253476142883,0.8630776405334473,-0.12244352698326111,0.5454708933830261,0.8492827415466309,-0.13445398211479187,0.541566014289856,0.8365834951400757,-0.14475283026695251,0.5765226483345032,0.8853819966316223,-0.08362199366092682,0.5634937882423401,0.8654223084449768,-0.10600333660840988,0.5555729269981384,0.8520866632461548,-0.10733678936958313,0.5520796179771423,0.8464469313621521,-0.10970121622085571,0.5876814126968384,0.8830381035804749,-0.07815881073474884,0.5759934782981873,0.8747921586036682,-0.09162221848964691,0.5684918165206909,0.8655800819396973,-0.0912708044052124,0.5648689270019531,0.859816312789917,-0.09140481799840927,0.47090980410575867,0.947079598903656,-8.565291864215396e-06,0.4845934510231018,0.92030268907547,-0.014273565262556076,0.5027482509613037,0.9148434400558472,-0.02468768134713173,0.5123230218887329,0.9229530692100525,-0.03170910105109215,0.5169320702552795,0.9367547631263733,-0.03630391135811806,0.524481475353241,0.9468629956245422,-0.031921375542879105,0.5455211400985718,0.9610114693641663,-0.0434662289917469,0.5551986694335938,0.9585461020469666,-0.05398356541991234,0.5571755170822144,0.9497815370559692,-0.06258254498243332,0.5188782215118408,0.9673293828964233,-0.03033394366502762,0.5416719317436218,0.9867008924484253,-0.04059816524386406,0.5476763248443604,0.9776842594146729,-0.0485713891685009,0.5467362999916077,0.9643762707710266,-0.05603322386741638,0.5080702900886536,0.9805781841278076,-0.028568556532263756,0.5234338641166687,0.9966384172439575,-0.034421272575855255,0.521602213382721,0.9830493927001953,-0.03839470073580742,0.5169361233711243,0.9703426957130432,-0.04321292042732239,0.4953601062297821,0.9890326261520386,-0.027952566742897034,0.503717303276062,0.9999191761016846,-0.03222327306866646,0.5025438666343689,0.988662600517273,-0.03373587504029274,0.4996151328086853,0.9769033789634705,-0.036720238626003265,0.5066771507263184,0.2715959846973419,-0.0009484757902100682,0.5181718468666077,0.22201375663280487,-0.00040196377085521817,0.5283504128456116,0.2209615707397461,0.007078120484948158,0.5384386777877808,0.22011679410934448,0.0008933189674280584,0.4890690743923187,0.22386445105075836,0.005498368293046951,0.47823965549468994,0.2244335412979126,-0.002406566869467497,0.4676116406917572,0.22506019473075867,-0.002505598124116659,0.5489932894706726,0.23868325352668762,-0.004479784984141588,0.44855988025665283,0.24774488806724548,-0.004173584282398224,0.5249208807945251,0.316119909286499,0.0012928129872307181,0.485359251499176,0.31968188285827637,-0.006490060593932867,0.6163575053215027,0.48421087861061096,0.013029021210968494,0.3812779486179352,0.49725309014320374,-0.013120664283633232,0.6727368831634521,0.8349663615226746,0.07222618162631989,0.33338573575019836,0.8470271825790405,0.026944631710648537,0.5624985098838806,0.8476741313934326,-0.2074156105518341,0.4448326528072357,0.9510545134544373,-0.20662809908390045,0.525062084197998,0.8925360441207886,0.00015817549137864262,0.47147151827812195,1.0325450897216797,-0.0010535221081227064,0.5084173679351807,0.8262870907783508,0.005329493433237076,0.4991770088672638,0.9745194911956787,-0.00019629286543931812,0.5161088705062866,0.8170228600502014,-0.002875897567719221,0.49398207664489746,0.9502158761024475,-0.003666345728561282,0.5892087817192078,1.0238711833953857,0.1426095813512802,0.43265244364738464,1.0356439352035522,0.16278105974197388
375.3666666666667,,,,,,,,,,,,,,,,,,,,,,,,,,,,,,,,,,,,,,,,,,,,,,,,,,,,,,,,,,,,,,,,,,,,,,,,,,,,,,,,,,,,,,,,,,,,,,,,,,,,,,,,,,,,,,,,,,,,,,,,,,,,,,,0.5073539614677429,0.2724587023258209,-0.0009487306815572083,0.5183442831039429,0.22306440770626068,-2.994345959450584e-05,0.5284684300422668,0.221952423453331,0.00649032648652792,0.5384899973869324,0.22101333737373352,0.0010317754931747913,0.4890071153640747,0.22481180727481842,0.005519374273717403,0.4780615270137787,0.22525829076766968,-0.0024327344726771116,0.4673294425010681,0.2257412225008011,-0.0024923570454120636,0.5481853485107422,0.23742681741714478,-0.004470129031687975,0.4478378891944885,0.24607770144939423,-0.004131636582314968,0.5249907970428467,0.3166825771331787,0.001095339423045516,0.48594871163368225,0.31978970766067505,-0.005908469669520855,0.6138966083526611,0.48325419425964355,0.013071917928755283,0.38178279995918274,0.4987713694572449,-0.013173258863389492,0.665660560131073,0.8300504088401794,0.054480213671922684,0.33952221274375916,0.8378247022628784,0.05121561512351036,0.565821647644043,0.7501388192176819,-0.3131532371044159,0.44366008043289185,0.9101587533950806,-0.2596622705459595,0.5292685031890869,0.7666918635368347,0.00015432763029821217,0.4726097881793976,0.9741771817207336,-0.0014639258151873946,0.5229049324989319,0.6985305547714233,0.005349006038159132,0.49408116936683655,0.9180801510810852,-0.00022546006948687136,0.5282508730888367,0.7026758193969727,-0.0026248758658766747,0.4886212646961212,0.9012365341186523,-0.003772847820073366,0.582172155380249,1.0282926559448242,0.11236155033111572,0.4276723563671112,1.036291480064392,0.13825742900371552
417.07777777777784,0.5430392026901245,0.6488001942634583,-7.4682302511064336e-06,0.5255751013755798,0.6446502804756165,-0.00961944181472063,0.5089302659034729,0.6336613297462463,-0.022884836420416832,0.49863049387931824,0.6213857531547546,-0.033225659281015396,0.4877479076385498,0.6082747578620911,-0.043580569326877594,0.5106823444366455,0.5889215469360352,-0.041530922055244446,0.49836570024490356,0.5587587952613831,-0.056001514196395874,0.49103298783302307,0.5425677299499512,-0.0705007016658783,0.4870065450668335,0.5296034812927246,-0.08347431570291519,0.5169605016708374,0.584339439868927,-0.0467844232916832,0.503676176071167,0.5587906241416931,-0.06701558828353882,0.49671635031700134,0.54678875207901,-0.0833599641919136,0.49380776286125183,0.5377689599990845,-0.09402793645858765,0.52513188123703,0.5893040895462036,-0.049773845821619034,0.5156485438346863,0.5742577910423279,-0.06641677767038345,0.5118821263313293,0.5685308575630188,-0.07819674164056778,0.51131671667099,0.5647223591804504,-0.0864231064915657,0.5347018241882324,0.6005140542984009,-0.0532502606511116,0.5302046537399292,0.5976324677467346,-0.0672280415892601,0.5262095332145691,0.5982509851455688,-0.07612013071775436,0.5243682861328125,0.5989562273025513,-0.0835314393043518,,,,,,,,,,,,,,,,,,,,,,,,,,,,,,,,,,,,,,,,,,,,,,,,,,,,,,,,,,,,,,,,0.5055060386657715,0.2722814083099365,-0.0009599982877261937,0.518146812915802,0.22423675656318665,0.00015911064110696316,0.5284091234207153,0.2236466258764267,0.006014534272253513,0.5385656356811523,0.22323377430438995,0.0011406905250623822,0.488431841135025,0.22489799559116364,0.00551912235096097,0.47751691937446594,0.22505420446395874,-0.0024657456669956446,0.4668219983577728,0.22527065873146057,-0.0024617488961666822,0.5489331483840942,0.24040308594703674,-0.004363156855106354,0.4481073319911957,0.245218887925148,-0.004014072474092245,0.5230828523635864,0.31852102279663086,0.0007157964282669127,0.48387411236763,0.3198261857032776,-0.005404101684689522,0.612976610660553,0.4849401116371155,0.011022384278476238,0.38065072894096375,0.5059165358543396,-0.011132544837892056,0.6699333190917969,0.8256655335426331,0.015360521152615547,0.3439576327800751,0.8427920937538147,0.06276396661996841,0.5687231421470642,0.6825213432312012,-0.39341920614242554,0.4403628408908844,0.8655974268913269,-0.31125563383102417,0.5312170386314392,0.6780820488929749,0.0001523473474662751,0.46960997581481934,0.9090576767921448,-0.0016673648497089744,0.5284115672111511,0.6140140295028687,0.005343047436326742,0.48629429936408997,0.8492870330810547,-0.00022462318884208798,0.5329909920692444,0.6265484094619751,-0.0025422824546694756,0.48279812932014465,0.8395299911499023,-0.003729439340531826,0.585265576839447,1.0325406789779663,0.08285972476005554,0.42833036184310913,1.0436193943023682,0.10947228968143463
458.7888888888889,0.46390312910079956,0.8216239213943481,-2.220198257418815e-05,0.4683232605457306,0.7848060727119446,-0.024017373099923134,0.4826490879058838,0.7642852663993835,-0.043717168271541595,0.4979049265384674,0.7565163373947144,-0.05610280483961105,0.5091731548309326,0.7508854866027832,-0.06554245948791504,0.4786767363548279,0.7647892832756042,-0.08030199259519577,0.4934888780117035,0.7414576411247253,-0.10799010843038559,0.508499026298523,0.7404374480247498,-0.12285979837179184,0.5220662951469421,0.7462800145149231,-0.13276951014995575,0.4824916124343872,0.7892438769340515,-0.07361246645450592,0.5034253001213074,0.7741100788116455,-0.10014902055263519,0.519526481628418,0.7755746841430664,-0.10863623023033142,0.5299117565155029,0.7791410684585571,-0.11445049196481705,0.48662489652633667,0.8137985467910767,-0.06550256162881851,0.5083398222923279,0.8030003309249878,-0.08716067671775818,0.523746907711029,0.8022708892822266,-0.09565727412700653,0.5341107845306396,0.799762487411499,-0.10007333010435104,0.49085038900375366,0.838028609752655,-0.057431429624557495,0.5070599913597107,0.8288646340370178,-0.07494725286960602,0.5182982683181763,0.8227289915084839,-0.08379928022623062,0.5264212489128113,0.8144824504852295,-0.08986658602952957,0.5348308086395264,0.6631306409835815,-1.8309345250600018e-05,0.509863555431366,0.6315740346908569,-0.0073281521908938885,0.498558908700943,0.5918931365013123,-0.01925448700785637,0.4920087456703186,0.5644387006759644,-0.030315861105918884,0.4826119542121887,0.5367785096168518,-0.04175305739045143,0.510402500629425,0.5901176333427429,-0.04598167538642883,0.5134449005126953,0.5640027523040771,-0.07428118586540222,0.5146734714508057,0.5384396910667419,-0.0890723317861557,0.5158565044403076,0.5151218175888062,-0.0965440645813942,0.5240570306777954,0.6035044193267822,-0.05065199360251427,0.5332883596420288,0.5772289037704468,-0.07881952822208405,0.5367212295532227,0.5501799583435059,-0.09349529445171356,0.5384142994880676,0.5267056226730347,-0.10501173138618469,0.5361701250076294,0.6245074272155762,-0.05381157249212265,0.5440208315849304,0.6054655313491821,-0.07788200676441193,0.5478022694587708,0.5840838551521301,-0.08761220425367355,0.5489713549613953,0.5638115406036377,-0.09303472936153412,0.5450437664985657,0.6485115885734558,-0.05668879300355911,0.5510677695274353,0.6348204612731934,-0.07661623507738113,0.5532814860343933,0.6247751712799072,-0.0853271335363388,0.5522467494010925,0.6144411563873291,-0.09094516932964325,0.5052380561828613,0.27474427223205566,-0.0009899776196107268,0.5177996754646301,0.22744180262088776,0.00019545169197954237,0.5280527472496033,0.22658032178878784,0.005525489337742329,0.5382071137428284,0.22586506605148315,0.001214008079841733,0.4879596531391144,0.22886072099208832,0.005508775357156992,0.4771575331687927,0.22933411598205566,-0.0024644206278026104,0.4665886461734772,0.22985292971134186,-0.002412259578704834,0.549841582775116,0.2419660985469818,-0.004221847280859947,0.44892585277557373,0.24870094656944275,-0.003749242750927806,0.5239203572273254,0.3203001320362091,0.0003300038806628436,0.4847167432308197,0.3227432370185852,-0.0049086399376392365,0.615074098110199,0.4799373745918274,0.012083807028830051,0.38338175415992737,0.5075321793556213,-0.012164037674665451,0.6762686967849731,0.8211802840232849,-0.011955302208662033,0.3514520525932312,0.8557643294334412,0.03519245237112045,0.567784309387207,0.637969434261322,-0.41996708512306213,0.4453693926334381,0.8311810493469238,-0.3665207326412201,0.5333355665206909,0.6064882874488831,0.0001515848416602239,0.47610557079315186,0.8537406325340271,-0.001680865534581244,0.5324885249137878,0.5518423914909363,0.005253787152469158,0.48553311824798584,0.7880216836929321,-5.35790495632682e-05,0.5353173613548279,0.5715030431747437,-0.0025026490911841393,0.4823567569255829,0.7851536870002747,-0.0035511846654117107,0.5958608984947205,1.022811770439148,0.10644008964300156,0.435585081577301,1.0423039197921753,0.11301832646131516
500.50000000000006,,,,,,,,,,,,,,,,,,,,,,,,,,,,,,,,,,,,,,,,,,,,,,,,,,,,,,,,,,,,,,,,,,,,,,,,,,,,,,,,,,,,,,,,,,,,,,,,,,,,,,,,,,,,,,,,,,,,,,,,,,,,,,,0.5034447908401489,0.27601292729377747,-0.0010211734334006906,0.5169581770896912,0.22895115613937378,0.00017281025066040456,0.5271677374839783,0.2280394434928894,0.005165832117199898,0.5372872948646545,0.22725993394851685,0.001235450617969036,0.4873969256877899,0.23040452599525452,0.005501794628798962,0.47692954540252686,0.23084624111652374,-0.0024584701750427485,0.46670225262641907,0.231326624751091,-0.002379579236730933,0.5511397123336792,0.2420976310968399,-0.004027395509183407,0.451290488243103,0.2487574964761734,-0.003438395680859685,0.5228363275527954,0.32070764899253845,3.31434202962555e-05,0.48423582315444946,0.32313138246536255,-0.004474267363548279,0.6149343848228455,0.477219820022583,0.012370935641229153,0.3861842453479767,0.5036784410476685,-0.01247913483530283,0.6833714246749878,0.8130965232849121,-0.04735349491238594,0.3515421748161316,0.8540080189704895,0.017986783757805824,0.5707378387451172,0.6017760038375854,-0.4415835440158844,0.4394586980342865,0.8079708814620972,-0.3772880733013153,0.5455130934715271,0.5558255314826965,0.00015351090405602008,0.46457961201667786,0.8169103860855103,-0.0016793006798252463,0.5372567772865295,0.512442946434021,0.005126553121954203,0.47574907541275024,0.7549397349357605,0.00015094793343450874,0.5382739901542664,0.5368652939796448,-0.00245851231738925,0.4756624698638916,0.7561418414115906,-0.0033894723746925592,0.5931230187416077,1.0188937187194824,0.09232901781797409,0.43302592635154724,1.0378406047821045,0.10002061724662781
542.2,0.4364222288131714,0.7880783081054688,-4.809637630387442e-06,0.42734670639038086,0.7438102960586548,-0.015309109352529049,0.4289861023426056,0.6977947354316711,-0.03696309030056,0.4285390079021454,0.6640883088111877,-0.05377223715186119,0.4218587875366211,0.6307980418205261,-0.07279577851295471,0.45158350467681885,0.6998689770698547,-0.07872080057859421,0.47058379650115967,0.6663690805435181,-0.1090599000453949,0.4842168688774109,0.6487172842025757,-0.12861394882202148,0.4968675374984741,0.6326571106910706,-0.145050048828125,0.4631178081035614,0.7276073694229126,-0.0830066129565239,0.48649927973747253,0.6942150592803955,-0.11999081820249557,0.5020849108695984,0.6725338697433472,-0.1441304087638855,0.5155909061431885,0.6534183025360107,-0.1623586118221283,0.4701824486255646,0.759807288646698,-0.08372382074594498,0.49306613206863403,0.7351796627044678,-0.115406334400177,0.5077106952667236,0.715667188167572,-0.13645197451114655,0.5201475620269775,0.6964548230171204,-0.1522773951292038,0.47415080666542053,0.7916843891143799,-0.08325397968292236,0.4917595088481903,0.7748849987983704,-0.10934088379144669,0.5019882917404175,0.7583886981010437,-0.12564927339553833,0.5117307305335999,0.7397788763046265,-0.13864395022392273,0.5663196444511414,0.5977087020874023,4.067701866006246e-06,0.5393689274787903,0.5711039304733276,-0.0025155823677778244,0.5186790823936462,0.5232442617416382,-0.009304134175181389,0.5070478916168213,0.4891395568847656,-0.019283050671219826,0.4924212098121643,0.4626440107822418,-0.03058554045855999,0.5408408045768738,0.47093480825424194,-0.003925084136426449,0.539615273475647,0.417640745639801,-0.015219050459563732,0.5375202298164368,0.38589903712272644,-0.0203559510409832,0.5347163081169128,0.35715144872665405,-0.023131778463721275,0.5560354590415955,0.46987494826316833,-0.01445523276925087,0.5555530786514282,0.4125877618789673,-0.030586889013648033,0.550423264503479,0.3730165362358093,-0.0454026460647583,0.5453407764434814,0.3377239406108856,-0.05571138486266136,0.570682168006897,0.4843822419643402,-0.026529323309659958,0.5604389905929565,0.44710320234298706,-0.050763681530952454,0.547282338142395,0.4759733974933624,-0.06472844630479813,0.5409143567085266,0.5053477883338928,-0.06967391073703766,0.5853853225708008,0.5051231980323792,-0.03656913340091705,0.5746039152145386,0.4817524254322052,-0.05554815009236336,0.5643569827079773,0.5022241473197937,-0.06304742395877838,0.559635579586029,0.5251668691635132,-0.06697619706392288,0.5056276321411133,0.27505820989608765,-0.001025639590807259,0.5184643864631653,0.22803767025470734,0.00016537927149329334,0.5286603569984436,0.2271898239850998,0.004912361968308687,0.5387600064277649,0.22655299305915833,0.0012370023177936673,0.4887458384037018,0.22957637906074524,0.005466291680932045,0.478229284286499,0.23011818528175354,-0.0021913403179496527,0.46795654296875,0.23071880638599396,-0.00235175178386271,0.5519319176673889,0.239715576171875,-0.003913796041160822,0.45201772451400757,0.2487482875585556,-0.0030781168024986982,0.5252387523651123,0.3195340633392334,-3.980944529757835e-05,0.48663610219955444,0.32220762968063354,-0.004152406472712755,0.6168811917304993,0.474491685628891,0.014639939181506634,0.3856038451194763,0.5002006888389587,-0.014720020815730095,0.6897497773170471,0.8076642155647278,-0.049113769084215164,0.3464924991130829,0.854243814945221,0.003799846163019538,0.5818491578102112,0.5847758650779724,-0.43909597396850586,0.4374711215496063,0.7925414443016052,-0.385755330324173,0.5611094236373901,0.5332658290863037,0.00018991778779309243,0.4640086591243744,0.7950851321220398,-0.0016410730313509703,0.5517339706420898,0.48914381861686707,0.004892886150628328,0.4660048484802246,0.7264556884765625,0.000384730490623042,0.5505677461624146,0.5151379704475403,-0.002450105967000127,0.4627974331378937,0.730595052242279,-0.0032782088965177536,0.5916345119476318,1.0165423154830933,0.1365789920091629,0.43283531069755554,1.0339463949203491,0.13403227925300598
583.9111111111112,0.4295908510684967,0.7825875878334045,-3.5911918530473486e-05,0.42466169595718384,0.7293118238449097,-0.0020255325362086296,0.4247942268848419,0.6803163886070251,-0.014891163446009159,0.4235350489616394,0.6414235830307007,-0.02359110862016678,0.4135708212852478,0.6096159219741821,-0.03443264588713646,0.44197648763656616,0.6840258836746216,-0.05430005118250847,0.4603329598903656,0.644136905670166,-0.0754067599773407,0.47311627864837646,0.6218158006668091,-0.08484175056219101,0.4851495921611786,0.6026270985603333,-0.09203095734119415,0.4571884572505951,0.7070568203926086,-0.0586027130484581,0.4776463508605957,0.6656596660614014,-0.08535949885845184,0.4919116497039795,0.6380811333656311,-0.09660555422306061,0.5043838024139404,0.6140528321266174,-0.10460197925567627,0.4695262312889099,0.7326332330703735,-0.05746779963374138,0.490129292011261,0.6952086091041565,-0.07867687195539474,0.504104733467102,0.6693841814994812,-0.08516652137041092,0.5152667164802551,0.6480140089988708,-0.08879801630973816,0.47934234142303467,0.7604608535766602,-0.05507591366767883,0.49749988317489624,0.7260326743125916,-0.0706038773059845,0.5086101293563843,0.7041198015213013,-0.07522033154964447,0.5191603899002075,0.683997631072998,-0.07837536185979843,0.5730424523353577,0.5805130004882812,-1.30133803395438e-05,0.5441168546676636,0.5537062883377075,0.0014633226674050093,0.5226565599441528,0.5039143562316895,-0.0014347370015457273,0.5103542804718018,0.4691663682460785,-0.008046449162065983,0.49632495641708374,0.4428147077560425,-0.014953503385186195,0.5486159324645996,0.4490252137184143,0.0016866602236405015,0.5436150431632996,0.39623188972473145,-0.0036461004056036472,0.5371450781822205,0.36568233370780945,-0.0033803260885179043,0.5311287045478821,0.33812659978866577,-0.004362414591014385,0.5649409890174866,0.4487561285495758,-0.010904510505497456,0.5655623078346252,0.38867348432540894,-0.023134326562285423,0.5592445731163025,0.347520112991333,-0.03604528307914734,0.5550745129585266,0.31073713302612305,-0.045205164700746536,0.5796993374824524,0.4628779888153076,-0.025060895830392838,0.5693482160568237,0.4203140139579773,-0.04547189548611641,0.5547522306442261,0.44983580708503723,-0.0576535202562809,0.5477722883224487,0.48093855381011963,-0.059824343770742416,0.5945438146591187,0.4844474792480469,-0.03649062663316727,0.5812678337097168,0.4596967399120331,-0.05465315654873848,0.5695667862892151,0.4834771752357483,-0.06176265701651573,0.5642321109771729,0.5088762044906616,-0.06460332870483398,0.5044963359832764,0.27461302280426025,-0.001025924226269126,0.5174099802970886,0.22722232341766357,9.81155681074597e-05,0.5276269316673279,0.2262004166841507,0.004669466521590948,0.537747859954834,0.22539183497428894,0.0012382009299471974,0.48785755038261414,0.22913162410259247,0.005470053292810917,0.47738736867904663,0.2297544926404953,-0.0018820357508957386,0.46715688705444336,0.23043367266654968,-0.002358410507440567,0.5516531467437744,0.2390185445547104,-0.003789826761931181,0.4520796835422516,0.2474982738494873,-0.002802135655656457,0.524171769618988,0.3184155225753784,-0.0001543547841720283,0.485611230134964,0.32137376070022583,-0.003919360227882862,0.6171692609786987,0.46806687116622925,0.014504564926028252,0.3858393132686615,0.4993489980697632,-0.014590626582503319,0.6861159801483154,0.8009145259857178,-0.037907183170318604,0.3467934727668762,0.8497580885887146,0.002358621684834361,0.5897572636604309,0.588607668876648,-0.4497270882129669,0.43456465005874634,0.7782289385795593,-0.4090636670589447,0.5741196274757385,0.5354008674621582,0.0002169604558730498,0.46160605549812317,0.776508092880249,-0.001575872884131968,0.5631818771362305,0.4899100661277771,0.004718731623142958,0.459930419921875,0.7082061767578125,0.0006259112851694226,0.5603224039077759,0.5156539082527161,-0.0024483553133904934,0.4571644961833954,0.7136767506599426,-0.0030233587604016066,0.5913076996803284,1.0152206420898438,0.14639677107334137,0.4317496716976166,1.030799150466919,0.14161904156208038
625.6222222222223,0.4264845848083496,0.7701200842857361,-3.0193636121111922e-05,0.4219616949558258,0.7169547080993652,0.0016255878144875169,0.42109256982803345,0.6662805676460266,-0.009741049259901047,0.4179656505584717,0.6258044838905334,-0.01733987033367157,0.4066694974899292,0.5931469798088074,-0.0272416640073061,0.43893393874168396,0.6700998544692993,-0.047281596809625626,0.4568735659122467,0.629116952419281,-0.0637771263718605,0.46871519088745117,0.6033140420913696,-0.07111874222755432,0.4796983599662781,0.5817131400108337,-0.07704558968544006,0.45377442240715027,0.6924231052398682,-0.05175376310944557,0.4739798605442047,0.647331714630127,-0.07453645765781403,0.4882920980453491,0.6182647943496704,-0.08248178660869598,0.5002040863037109,0.5942645072937012,-0.08839043229818344,0.4667584300041199,0.7156708836555481,-0.050927434116601944,0.4871053099632263,0.6749775409698486,-0.06616188585758209,0.5003982186317444,0.649344265460968,-0.06640348583459854,0.5102126002311707,0.6291449069976807,-0.06634356826543808,0.4779050648212433,0.7413164377212524,-0.04857391119003296,0.49520373344421387,0.7043558359146118,-0.05774615705013275,0.5056246519088745,0.6823511719703674,-0.05605072155594826,0.5153539180755615,0.6637418866157532,-0.054721955209970474,0.5751798152923584,0.5782099366188049,-1.8115736111212755e-06,0.5476539134979248,0.5583807826042175,-0.007902615703642368,0.5289453864097595,0.506257951259613,-0.013331965543329716,0.5166335701942444,0.4702899754047394,-0.020511940121650696,0.5016614198684692,0.4441283643245697,-0.027192287147045135,0.5511358976364136,0.44553276896476746,-0.016494307667016983,0.5392895340919495,0.3936121165752411,-0.02835848741233349,0.5300701260566711,0.36450767517089844,-0.03631450980901718,0.5221647024154663,0.336437463760376,-0.04413985833525658,0.5700035691261292,0.44766098260879517,-0.026293117552995682,0.5713087916374207,0.38229408860206604,-0.04731937125325203,0.5687969326972961,0.3402465581893921,-0.06546160578727722,0.5666185021400452,0.30349045991897583,-0.08033829927444458,0.5862364768981934,0.4664370119571686,-0.03713828697800636,0.576530933380127,0.4250943064689636,-0.06613141298294067,0.5632146000862122,0.4570862054824829,-0.07530967146158218,0.5571876764297485,0.4845341444015503,-0.07503020018339157,0.6016089916229248,0.49153730273246765,-0.04671146348118782,0.5903230905532837,0.46724480390548706,-0.07212033867835999,0.5786640644073486,0.49159303307533264,-0.07989452034235,0.5727643966674805,0.5136688947677612,-0.08005839586257935,0.5034564733505249,0.2746775150299072,-0.001031072810292244,0.5171959400177002,0.2269982397556305,-1.0452363312651869e-05,0.5275099277496338,0.22593961656093597,0.004533374682068825,0.5377102494239807,0.22509105503559113,0.0012429930502548814,0.4874928593635559,0.2289220094680786,0.005472115706652403,0.4771036207675934,0.22950981557369232,-0.001659519039094448,0.46696731448173523,0.23014724254608154,-0.002373403636738658,0.5515944957733154,0.23891980946063995,-0.0037159163039177656,0.451617032289505,0.24749211966991425,-0.0026073758490383625,0.5238665342330933,0.31832993030548096,-0.00021385478612501174,0.48525679111480713,0.32129228115081787,-0.003763096407055855,0.6168885827064514,0.46093687415122986,0.013577585108578205,0.3856950104236603,0.489684522151947,-0.013691757805645466,0.6832065582275391,0.7997115850448608,-0.03633768856525421,0.34789711236953735,0.847232460975647,0.0008433071197941899,0.5935651063919067,0.5880061388015747,-0.4479800760746002,0.43189537525177,0.7660444974899292,-0.4126097857952118,0.5788378119468689,0.535470187664032,0.0002453235792927444,0.4581674337387085,0.759939432144165,-0.0015434367815032601,0.567821204662323,0.4875277578830719,0.004580088425427675,0.45634400844573975,0.6930107474327087,0.0008258691523224115,0.5644594430923462,0.5132291913032532,-0.0024538051802664995,0.4545429050922394,0.6999733448028564,-0.002807932673022151,0.5898665189743042,1.0056363344192505,0.14100955426692963,0.43066108226776123,1.0220482349395752,0.14591500163078308
667.3333333333334,0.42374783754348755,0.7587090730667114,-4.031862408737652e-05,0.4190717339515686,0.7044681310653687,0.006875337101519108,0.4177335202693939,0.6538506746292114,-0.001593171153217554,0.41280728578567505,0.614074170589447,-0.008197487331926823,0.3999549150466919,0.5828772187232971,-0.017568107694387436,0.4358397126197815,0.6580196022987366,-0.03984811529517174,0.45311084389686584,0.6144646406173706,-0.05514148995280266,0.46414095163345337,0.5877031087875366,-0.06313558667898178,0.4738951325416565,0.5660767555236816,-0.0689401850104332,0.4502807855606079,0.680304229259491,-0.0464649423956871,0.4700956344604492,0.632044792175293,-0.06642073392868042,0.4835459589958191,0.6018292307853699,-0.07316308468580246,0.4941556751728058,0.5774064660072327,-0.07834998518228531,0.4627775549888611,0.7042652368545532,-0.0484905019402504,0.48284825682640076,0.6596017479896545,-0.06209566071629524,0.4948490560054779,0.6312814354896545,-0.06266502290964127,0.5032323598861694,0.6096194386482239,-0.06252293288707733,0.47330889105796814,0.730426549911499,-0.0481303408741951,0.49078649282455444,0.6916364431381226,-0.05674571543931961,0.5004544854164124,0.6679369211196899,-0.05497302487492561,0.5095013380050659,0.6472445130348206,-0.0531194694340229,0.5773325562477112,0.596157431602478,1.807668468245538e-07,0.5532076358795166,0.5770255327224731,-0.009562002494931221,0.5348122119903564,0.5270888805389404,-0.017272431403398514,0.5211865901947021,0.4919572174549103,-0.026807406917214394,0.5068842768669128,0.470721036195755,-0.03320848196744919,0.5575330257415771,0.467036634683609,-0.02426694892346859,0.5458489656448364,0.41365471482276917,-0.03849846497178078,0.537321925163269,0.38619711995124817,-0.046753451228141785,0.5300624966621399,0.3609117865562439,-0.05385412648320198,0.5768401622772217,0.47175130248069763,-0.03118765540421009,0.5803385972976685,0.40769273042678833,-0.05367615818977356,0.5782886743545532,0.3699284791946411,-0.06879128515720367,0.5763550996780396,0.3349793553352356,-0.07915551215410233,0.5926897525787354,0.49271881580352783,-0.038359954953193665,0.5847071409225464,0.4616556763648987,-0.06733819097280502,0.5725278258323669,0.49474218487739563,-0.06768029928207397,0.5679341554641724,0.5198021531105042,-0.06178566813468933,0.6050574779510498,0.5192193388938904,-0.04570554569363594,0.5958665609359741,0.5007968544960022,-0.06872273981571198,0.5848202109336853,0.5223473906517029,-0.0718051865696907,0.5795465707778931,0.5404873490333557,-0.06758928298950195,0.5033655166625977,0.2736175060272217,-0.001026911661028862,0.5170459151268005,0.2263461798429489,-8.787112892605364e-05,0.5273395776748657,0.22517111897468567,0.004438874311745167,0.537518322467804,0.22421146929264069,0.001244115992449224,0.487345427274704,0.2287406027317047,0.005494894925504923,0.4769937992095947,0.22946316003799438,-0.0014115531230345368,0.46690934896469116,0.22986555099487305,-0.0023889816366136074,0.5512627363204956,0.23771601915359497,-0.0037081902846693993,0.4511147141456604,0.24700182676315308,-0.002487146994099021,0.5237388014793396,0.3165193796157837,-0.0002194817061536014,0.48504284024238586,0.31985870003700256,-0.0036670786794275045,0.6161551475524902,0.4599459171295166,0.013326509855687618,0.3847862780094147,0.48885756731033325,-0.013444929383695126,0.6837771534919739,0.8014923334121704,-0.030403921380639076,0.34803247451782227,0.8493924736976624,-0.002916161436587572,0.5980508923530579,0.6054400205612183,-0.4649723768234253,0.42670774459838867,0.762241005897522,-0.4383825957775116,0.5819640159606934,0.5620481967926025,0.0002683413913473487,0.45119768381118774,0.7549249529838562,-0.0015062912134453654,0.5705913305282593,0.510836124420166,0.004488423001021147,0.44990482926368713,0.6899551153182983,0.0008818638743832707,0.5682276487350464,0.5336820483207703,-0.002468428108841181,0.4491885006427765,0.6970176696777344,-0.0027698068879544735,0.590546727180481,1.003332495689392,0.15576143562793732,0.4305921792984009,1.0207350254058838,0.16541481018066406
709.0333333333334,0.4220779240131378,0.7520756125450134,-5.217943180468865e-05,0.41704779863357544,0.6961554288864136,0.007041940465569496,0.41488346457481384,0.6436309218406677,-0.002557820873335004,0.4086115062236786,0.6039432883262634,-0.010254760272800922,0.3943660259246826,0.5741963386535645,-0.021353133022785187,0.4282948970794678,0.6505022644996643,-0.0468510277569294,0.4463183581829071,0.6059331893920898,-0.0648859441280365,0.45831555128097534,0.5789560675621033,-0.0735921561717987,0.46830978989601135,0.5570533871650696,-0.07968739420175552,0.4422638714313507,0.6738377213478088,-0.05425938218832016,0.4627494812011719,0.6228150725364685,-0.07708721607923508,0.47676658630371094,0.591236412525177,-0.08461189270019531,0.4875398278236389,0.5664780735969543,-0.08976273238658905,0.455370157957077,0.6992219090461731,-0.056820861995220184,0.47537410259246826,0.6503854393959045,-0.07189542800188065,0.48751193284988403,0.6208456754684448,-0.07280103117227554,0.49542197585105896,0.5994128584861755,-0.07322560250759125,0.46723273396492004,0.7263801693916321,-0.057088375091552734,0.484610378742218,0.6857365369796753,-0.0675145760178566,0.49386146664619446,0.6616689562797546,-0.06764008849859238,0.5019370317459106,0.6417529582977295,-0.06794769316911697,0.5804111957550049,0.6162926554679871,-1.3622985534311738e-05,0.5537741780281067,0.6018489599227905,-0.014059874229133129,0.5335760712623596,0.5650137662887573,-0.02627595327794552,0.5218939781188965,0.5347853302955627,-0.03375256434082985,0.5113541483879089,0.5076841711997986,-0.036475181579589844,0.5589028000831604,0.5053248405456543,-0.045426927506923676,0.5455976128578186,0.4432280361652374,-0.06150183454155922,0.5376940965652466,0.4132053852081299,-0.07012690603733063,0.5323646068572998,0.3863047957420349,-0.07814028114080429,0.5798752307891846,0.5091996788978577,-0.04774706810712814,0.5822396278381348,0.4506256580352783,-0.06906186789274216,0.5834600925445557,0.42122340202331543,-0.08339647203683853,0.585500180721283,0.39206641912460327,-0.09521272033452988,0.5959997177124023,0.528357982635498,-0.04889672249555588,0.5918956398963928,0.5317283868789673,-0.07056473195552826,0.5813648104667664,0.5670294165611267,-0.0637037381529808,0.5751470327377319,0.5891561508178711,-0.05539208650588989,0.6069127321243286,0.5556654334068298,-0.051257383078336716,0.6007548570632935,0.5656151175498962,-0.06490669399499893,0.5913066267967224,0.5904667377471924,-0.06444069743156433,0.583588719367981,0.609755277633667,-0.06046503037214279,0.5010237097740173,0.2709012031555176,-0.0009562773047946393,0.515201210975647,0.2263181507587433,-7.989116420503706e-05,0.5252265930175781,0.22527152299880981,0.004377009347081184,0.5351299047470093,0.22435326874256134,0.0013300327118486166,0.48619136214256287,0.22835636138916016,0.005518279504030943,0.4761434495449066,0.22902780771255493,-0.0012919538421556354,0.466328501701355,0.22945649921894073,-0.0023883546236902475,0.5498459339141846,0.23890846967697144,-0.0036860171239823103,0.4508623778820038,0.247231587767601,-0.002441766206175089,0.5210773348808289,0.31519436836242676,-0.00023627415066584945,0.4830756187438965,0.31762051582336426,-0.003640097798779607,0.6148003339767456,0.4625723361968994,0.01071937195956707,0.3847086727619171,0.4899929165840149,-0.010830645449459553,0.6823926568031311,0.8044914603233337,-0.029028229415416718,0.34803321957588196,0.8389791250228882,0.007885130122303963,0.6000193953514099,0.6267598867416382,-0.48433998227119446,0.4202421307563782,0.7619051337242126,-0.4324439764022827,0.581661581993103,0.5893039703369141,0.00027379285893402994,0.43996569514274597,0.7610441446304321,-0.0015060524456202984,0.5718725323677063,0.5333502888679504,0.00445823697373271,0.4423733353614807,0.7014750838279724,0.0008804357494227588,0.5703279376029968,0.5527604818344116,-0.0024700912181288004,0.44206297397613525,0.7059527635574341,-0.0027554668486118317,0.58965003490448,1.003968358039856,0.15979546308517456,0.4278357923030853,1.0221837759017944,0.1619686484336853
750.7444444444444,0.4182862341403961,0.7515228986740112,-4.1834235162241384e-05,0.41247445344924927,0.6971884965896606,0.006724424194544554,0.41027000546455383,0.6420817971229553,-0.0023290279787033796,0.4035223424434662,0.6014153957366943,-0.009296799078583717,0.388362854719162,0.5732924342155457,-0.019678419455885887,0.4221513867378235,0.6510907411575317,-0.049561552703380585,0.4404660761356354,0.6044819355010986,-0.06699284166097641,0.45188525319099426,0.5768330097198486,-0.07287313044071198,0.4618985652923584,0.5547415018081665,-0.07655908912420273,0.43608251214027405,0.674606204032898,-0.056145790964365005,0.4562673270702362,0.6198824048042297,-0.07716722041368484,0.46868810057640076,0.5873783826828003,-0.08157161623239517,0.478449285030365,0.5631979703903198,-0.08415741473436356,0.44969746470451355,0.7000874280929565,-0.05766128748655319,0.4698501527309418,0.6487049460411072,-0.0717177465558052,0.48015761375427246,0.6188953518867493,-0.07177761942148209,0.48672419786453247,0.598710834980011,-0.07094589620828629,0.46216249465942383,0.7263798713684082,-0.05693289637565613,0.4800504744052887,0.6848466396331787,-0.06542989611625671,0.4884192943572998,0.6612414121627808,-0.06351808458566666,0.49565091729164124,0.6419126987457275,-0.06255907565355301,,,,,,,,,,,,,,,,,,,,,,,,,,,,,,,,,,,,,,,,,,,,,,,,,,,,,,,,,,,,,,,,0.5005958080291748,0.27062633633613586,-0.0008364515961147845,0.514008104801178,0.22614529728889465,0.0002039147075265646,0.5239367485046387,0.22502492368221283,0.0042916941456496716,0.5337584614753723,0.22403207421302795,0.001538846525363624,0.48529118299484253,0.22831885516643524,0.005531646776944399,0.47529253363609314,0.2289588749408722,-0.0012652900768443942,0.46551328897476196,0.2294333577156067,-0.0023681423626840115,0.5483879446983337,0.23883911967277527,-0.003674545558169484,0.4509497880935669,0.24756360054016113,-0.002435733564198017,0.5207163691520691,0.3148079216480255,-0.00023393696756102145,0.48302486538887024,0.31759825348854065,-0.003620255272835493,0.6154838800430298,0.47033002972602844,0.010851782746613026,0.38632944226264954,0.4899962246417999,-0.010950540192425251,0.6809791922569275,0.8185536861419678,0.02789214253425598,0.34957411885261536,0.83514404296875,0.014097158797085285,0.6045024991035461,0.7093368172645569,-0.46894702315330505,0.4162416160106659,0.761004626750946,-0.4366070330142975,0.5816674828529358,0.7042379975318909,0.0002707569219637662,0.4351142346858978,0.7650870680809021,-0.001506467699073255,0.5784302353858948,0.6377032399177551,0.004456439986824989,0.4385736882686615,0.7055087685585022,0.0007050379063002765,0.5779076814651489,0.6441500186920166,-0.002461860654875636,0.43852123618125916,0.7071671485900879,-0.0027849564794451,0.5876567363739014,1.006230354309082,0.14097857475280762,0.42714929580688477,1.0224168300628662,0.1320684254169464
792.4555555555556,0.4126192629337311,0.752240002155304,-4.9168465920956805e-05,0.4074171185493469,0.6979945302009583,0.005923965014517307,0.4061618149280548,0.6417911648750305,-0.0032683301251381636,0.39857834577560425,0.6002997756004333,-0.009669719263911247,0.3831217586994171,0.5746882557868958,-0.01959214359521866,0.4171770513057709,0.6544709801673889,-0.052267059683799744,0.4357682764530182,0.607488214969635,-0.06884186714887619,0.4470599591732025,0.5804328918457031,-0.07242292165756226,0.457040935754776,0.5584561228752136,-0.07447706162929535,0.4306567907333374,0.6783614158630371,-0.05715474486351013,0.450912207365036,0.6230575442314148,-0.07821028679609299,0.4636908769607544,0.5914849042892456,-0.08028098940849304,0.4739493727684021,0.5667192339897156,-0.08181697130203247,0.4433484375476837,0.702884316444397,-0.056453049182891846,0.46495163440704346,0.6536511182785034,-0.06988924741744995,0.4765130579471588,0.6248202323913574,-0.07073435932397842,0.4834422767162323,0.6024674773216248,-0.07137813419103622,0.45488813519477844,0.7273435592651367,-0.053243622183799744,0.47170504927635193,0.6876463294029236,-0.059230413287878036,0.47880247235298157,0.6665087938308716,-0.055437736213207245,0.4843203127384186,0.6483962535858154,-0.05408269912004471,0.5669310092926025,0.7675997614860535,-8.382796295336448e-06,0.5403563976287842,0.7508407235145569,-0.015358949080109596,0.521762490272522,0.7008097171783447,-0.02780490182340145,0.5105494856834412,0.662482500076294,-0.039485763758420944,0.49500223994255066,0.6328980326652527,-0.05138349533081055,0.5491988658905029,0.6588646769523621,-0.04539339989423752,0.5470842719078064,0.600462019443512,-0.06806167215108871,0.5435630679130554,0.5659055709838867,-0.08194051682949066,0.5389481782913208,0.5346611142158508,-0.09272897243499756,0.5690464377403259,0.661193311214447,-0.049632083624601364,0.5671002864837646,0.6161407828330994,-0.08051228523254395,0.5592307448387146,0.583717942237854,-0.10391738265752792,0.551676869392395,0.5545816421508789,-0.12171482294797897,0.5867407321929932,0.6746848225593567,-0.053818318992853165,0.5759454965591431,0.6890196204185486,-0.07989486306905746,0.5624428391456604,0.7231364250183105,-0.07332625240087509,0.5546900629997253,0.7414278388023376,-0.06451777368783951,0.6008799076080322,0.6965922713279724,-0.05931729078292847,0.5895669460296631,0.7088845372200012,-0.07167229801416397,0.5769298672676086,0.7330964207649231,-0.06787578761577606,0.5693607926368713,0.7478801012039185,-0.06260158121585846,0.49878010153770447,0.2701137363910675,-0.0007922478835098445,0.5124375820159912,0.22566267848014832,0.0005129221244715154,0.5223143100738525,0.22485271096229553,0.004225035198032856,0.5320838689804077,0.22420834004878998,0.0016728737391531467,0.48378655314445496,0.22717471420764923,0.0055360435508191586,0.47378483414649963,0.22767473757266998,-0.001260334625840187,0.4639827311038971,0.22810713946819305,-0.002379051875323057,0.5460864901542664,0.2397509664297104,-0.003656857181340456,0.44941246509552,0.24565044045448303,-0.0024291458539664745,0.5182070136070251,0.3143896758556366,-0.00023492914624512196,0.48061081767082214,0.31647971272468567,-0.003530890215188265,0.6117405295372009,0.4736476540565491,0.010991793125867844,0.3848832845687866,0.4877960979938507,-0.011078846640884876,0.6735899448394775,0.8249142169952393,0.041849881410598755,0.3499815762042999,0.8346705436706543,0.014437196776270866,0.597275972366333,0.7464340329170227,-0.44877615571022034,0.41674432158470154,0.7601613402366638,-0.4148368835449219,0.5761874914169312,0.7462027668952942,0.00027358721126802266,0.4346728026866913,0.7639738321304321,-0.001503783161751926,0.5727016925811768,0.6841282248497009,0.004439421929419041,0.4380436837673187,0.7029502987861633,0.0004226608434692025,0.5725398659706116,0.6872970461845398,-0.0024489692877978086,0.438468337059021,0.7050585150718689,-0.0027913302183151245,0.5842856764793396,1.005745768547058,0.1366429626941681,0.42395660281181335,1.018979549407959,0.13077649474143982
834.1666666666667,0.4093879163265228,0.7523384094238281,-4.556482599582523e-05,0.4033084511756897,0.6999313831329346,0.0044444529339671135,0.4023978114128113,0.6443063020706177,-0.006468772888183594,0.39535295963287354,0.6057131290435791,-0.015473331324756145,0.3795153498649597,0.5784835815429688,-0.027762284502387047,0.4130983054637909,0.656970739364624,-0.052527766674757004,0.432228684425354,0.6120240092277527,-0.0701226070523262,0.44312790036201477,0.5849720239639282,-0.07325219362974167,0.45259058475494385,0.5625252723693848,-0.07397695630788803,0.4266887605190277,0.6812357902526855,-0.05936047434806824,0.4482341408729553,0.6286646127700806,-0.08013022691011429,0.4600238800048828,0.5964742302894592,-0.08125937730073929,0.4684258699417114,0.5719361901283264,-0.08182685822248459,0.4395153522491455,0.7063190340995789,-0.06161893904209137,0.46041056513786316,0.6545055508613586,-0.07725384831428528,0.4708220958709717,0.6234408617019653,-0.07711868733167648,0.47736871242523193,0.6006565093994141,-0.07598046213388443,0.45079511404037476,0.7311858534812927,-0.06134214252233505,0.46890518069267273,0.6910208463668823,-0.07270751148462296,0.4784192740917206,0.6683599948883057,-0.07289633899927139,0.486564576625824,0.6487235426902771,-0.07392346858978271,0.5554140210151672,0.7849006056785583,-2.3660441001993604e-05,0.5287776589393616,0.771812379360199,-0.01970916986465454,0.5122320652008057,0.7346298098564148,-0.032527122646570206,0.5030725002288818,0.7039514183998108,-0.04209131374955177,0.49368560314178467,0.6786851286888123,-0.046849530190229416,0.5353167057037354,0.6873449087142944,-0.04420094937086105,0.5239943861961365,0.6378342509269714,-0.06668630987405777,0.5147795081138611,0.616085410118103,-0.08338446915149689,0.5067269206047058,0.5928757786750793,-0.09713483601808548,0.553663969039917,0.6918438673019409,-0.04564959928393364,0.5544130802154541,0.6456804871559143,-0.07747533172369003,0.550048828125,0.6221215128898621,-0.09960789978504181,0.5469792485237122,0.6034769415855408,-0.11711803078651428,0.5699822902679443,0.7066457867622375,-0.04726478084921837,0.5693804025650024,0.7173029780387878,-0.07803993672132492,0.5591750144958496,0.7444770336151123,-0.07516925036907196,0.5524213314056396,0.7592992782592773,-0.06736181676387787,0.5847599506378174,0.7306737899780273,-0.05076998099684715,0.5833126902580261,0.7327157855033875,-0.07174237072467804,0.5717812776565552,0.7511142492294312,-0.07321848720312119,0.5639315247535706,0.764701783657074,-0.0698092132806778,0.5014774799346924,0.27013447880744934,-0.0007386552169919014,0.5148619413375854,0.22536306083202362,0.0006967141525819898,0.5247756242752075,0.22466224431991577,0.004196654073894024,0.5345761179924011,0.22415348887443542,0.0017014420591294765,0.48612692952156067,0.2267085462808609,0.00553543446585536,0.4758998155593872,0.22722916305065155,-0.0012407350586727262,0.46586084365844727,0.2277776300907135,-0.0024178477469831705,0.5467033982276917,0.23962806165218353,-0.003661316353827715,0.4501168429851532,0.24480590224266052,-0.0024466782342642546,0.5199468731880188,0.31448692083358765,-0.00019971960864495486,0.48202499747276306,0.31611108779907227,-0.0035214293748140335,0.6123765707015991,0.47548580169677734,0.0033991874661296606,0.3845292329788208,0.4868941009044647,-0.0033433937933295965,0.6721391081809998,0.8221530318260193,0.03377344086766243,0.3520475924015045,0.8425518274307251,0.02224380150437355,0.592386782169342,0.7735021710395813,-0.39344918727874756,0.4150461256504059,0.7631502151489258,-0.40650948882102966,0.5720438957214355,0.7875823974609375,0.00027637393213808537,0.43552422523498535,0.7636153697967529,-0.0015011579962447286,0.5639432072639465,0.7203934192657471,0.004435175098478794,0.4353010952472687,0.7001555562019348,0.00010599937377264723,0.5643425583839417,0.7182230949401855,-0.002385054249316454,0.436494916677475,0.7025991082191467,-0.0029492457397282124,0.5817424058914185,1.0071829557418823,0.17524069547653198,0.4227951765060425,1.01620614528656,0.19315749406814575
875.8666666666667,0.5450561046600342,0.7985331416130066,-2.473224412824493e-05,0.525155246257782,0.7813891172409058,-0.01646912470459938,0.5113586187362671,0.7495118379592896,-0.03234424442052841,0.5011802315711975,0.729680061340332,-0.0465962290763855,0.4906732439994812,0.712999701499939,-0.057387273758649826,0.5249932408332825,0.7012208104133606,-0.04384186491370201,0.5155751705169678,0.6568418741226196,-0.06636607646942139,0.5062806010246277,0.6315130591392517,-0.08415869623422623,0.4987781345844269,0.6047641038894653,-0.09850668162107468,0.5401053428649902,0.7105004787445068,-0.04986816272139549,0.5340648889541626,0.6693660020828247,-0.08448795974254608,0.523352861404419,0.6396721601486206,-0.10865914076566696,0.5136726498603821,0.6124772429466248,-0.12750530242919922,0.553459644317627,0.7284573316574097,-0.05741843953728676,0.5385016798973083,0.7282467484474182,-0.09103033691644669,0.526056706905365,0.750876784324646,-0.08888261765241623,0.5200961828231812,0.7669774293899536,-0.08252056688070297,0.5642282962799072,0.7547313570976257,-0.06550627201795578,0.550511360168457,0.7500871419906616,-0.08689304441213608,0.5384466052055359,0.7617372274398804,-0.08575451374053955,0.5324098467826843,0.773365318775177,-0.08229997754096985,0.4082734286785126,0.7556126117706299,-4.162253753747791e-05,0.4024963080883026,0.7040982246398926,0.004020861815661192,0.4019196927547455,0.6497655510902405,-0.006196134723722935,0.3951481282711029,0.6122979521751404,-0.014911185950040817,0.3796549439430237,0.5863471627235413,-0.0267239511013031,0.4124208688735962,0.6630471348762512,-0.05016162618994713,0.42952772974967957,0.6189861297607422,-0.06886332482099533,0.4401787519454956,0.5931864380836487,-0.07321472465991974,0.45003947615623474,0.5707448124885559,-0.07529475539922714,0.4259384870529175,0.6873835325241089,-0.056709174066782,0.4452820420265198,0.6351329684257507,-0.07807643711566925,0.45690253376960754,0.6035318374633789,-0.08093033730983734,0.4658496081829071,0.5780786871910095,-0.08242501318454742,0.4387301802635193,0.7125823497772217,-0.05860336124897003,0.45866990089416504,0.6624922752380371,-0.07446026802062988,0.46868929266929626,0.6316320300102234,-0.07434191554784775,0.4747912883758545,0.6079180240631104,-0.072642982006073,0.4496977925300598,0.7372779846191406,-0.05829131230711937,0.46746405959129333,0.6980849504470825,-0.06993287056684494,0.4761059582233429,0.6743248105049133,-0.07038611173629761,0.48302310705184937,0.6525465250015259,-0.0707864835858345,0.4992818236351013,0.2702007293701172,-0.0006899066502228379,0.5134839415550232,0.2252235859632492,0.0007890474516898394,0.5235127806663513,0.22468556463718414,0.004113161005079746,0.5334346890449524,0.22437742352485657,0.0017361001810058951,0.48489314317703247,0.22639727592468262,0.005534307099878788,0.4747248888015747,0.22701521217823029,-0.001199623104184866,0.46474042534828186,0.2277129888534546,-0.002450276166200638,0.5463508367538452,0.24038395285606384,-0.0036899244878441095,0.45017722249031067,0.2441558688879013,-0.0024570610839873552,0.5181146264076233,0.3147580027580261,-0.00020396251056808978,0.4801677465438843,0.3159140348434448,-0.0035066644195467234,0.6128755211830139,0.4802585542201996,-0.008071288466453552,0.3838419020175934,0.4863540530204773,0.008200252428650856,0.6716487407684326,0.8409698605537415,0.007063834462314844,0.35169345140457153,0.8467473983764648,0.029105491936206818,0.5840181708335876,0.782812774181366,-0.39061421155929565,0.41056010127067566,0.7670090198516846,-0.40435484051704407,0.5430777668952942,0.7972010970115662,0.0002793846360873431,0.43351486325263977,0.7667396068572998,-0.0015025604516267776,0.541252851486206,0.7252066135406494,0.004429173655807972,0.43077877163887024,0.6988255977630615,-5.5850392527645454e-05,0.548213005065918,0.7233548760414124,-0.002286081900820136,0.43237030506134033,0.700897216796875,-0.0031212514732033014,0.5812809467315674,1.0098005533218384,0.20726142823696136,0.4217839241027832,1.0161572694778442,0.23720397055149078
917.5777777777778,0.4109150767326355,0.7652567028999329,-4.851563789998181e-05,0.40455102920532227,0.7155268788337708,0.004088910296559334,0.40406399965286255,0.6611528396606445,-0.005576541647315025,0.39780282974243164,0.6220980882644653,-0.013133455067873001,0.38405483961105347,0.5957732200622559,-0.02375275082886219,0.4144541323184967,0.6721028089523315,-0.050176821649074554,0.43175098299980164,0.6256360411643982,-0.06776010245084763,0.443126916885376,0.5997627377510071,-0.07149485498666763,0.45261844992637634,0.5780118703842163,-0.07264042645692825,0.42731642723083496,0.6943982839584351,-0.0556492954492569,0.446960985660553,0.6412305235862732,-0.07487601041793823,0.4585167169570923,0.6100191473960876,-0.07414553314447403,0.4662979543209076,0.585892915725708,-0.07340780645608902,0.4396531581878662,0.7192254066467285,-0.05673367530107498,0.4597303867340088,0.668121874332428,-0.07002175599336624,0.47047197818756104,0.6382023096084595,-0.06793786585330963,0.47671130299568176,0.6162929534912109,-0.06465183198451996,0.45031747221946716,0.7447887659072876,-0.055498991161584854,0.4676383137702942,0.7054092288017273,-0.06584793329238892,0.4766729772090912,0.6828324198722839,-0.06597953289747238,0.4837522804737091,0.663428783416748,-0.06686005741357803,0.5446617007255554,0.8002429008483887,-1.0636576007527765e-05,0.5196866989135742,0.7839292287826538,-0.000983350444585085,0.5055088996887207,0.7544223070144653,-0.01100687962025404,0.4965928792953491,0.7338507771492004,-0.022748110815882683,0.4897110164165497,0.7201515436172485,-0.03484316170215607,0.5197378396987915,0.700437605381012,-0.027606667950749397,0.511283814907074,0.6537570953369141,-0.04305940866470337,0.5043631196022034,0.6211963891983032,-0.05613851174712181,0.4973202645778656,0.5947558879852295,-0.06743212044239044,0.5316430330276489,0.7053617835044861,-0.0391402468085289,0.5195488929748535,0.6686049103736877,-0.06073455512523651,0.509337842464447,0.6433634757995605,-0.07591356337070465,0.49949416518211365,0.6215298771858215,-0.08718758076429367,0.5408529043197632,0.7226626873016357,-0.050099797546863556,0.5178903937339783,0.7095345854759216,-0.06878287345170975,0.5038542747497559,0.7196894288063049,-0.07413291186094284,0.4959254562854767,0.7296505570411682,-0.07652431726455688,0.5457610487937927,0.7462061047554016,-0.06063545122742653,0.5255290269851685,0.736070454120636,-0.0762532651424408,0.5119828581809998,0.7409988641738892,-0.07954609394073486,0.5023348331451416,0.7468858361244202,-0.08018720895051956,0.4983978271484375,0.2716502845287323,-0.0006783203571103513,0.5131508111953735,0.22536227107048035,0.0007843980565667152,0.523328959941864,0.2249169796705246,0.00405078986659646,0.5334070920944214,0.22466163337230682,0.0017450698651373386,0.48419514298439026,0.22594961524009705,0.0055223689414560795,0.47391971945762634,0.22619767487049103,-0.0011977513786405325,0.4638305902481079,0.22653242945671082,-0.0024536168202757835,0.5467278361320496,0.24037325382232666,-0.0036887824535369873,0.44924992322921753,0.24260790646076202,-0.002443770645186305,0.5173429250717163,0.3164447844028473,-0.00021400052355602384,0.4789499044418335,0.3167736530303955,-0.0034745323937386274,0.613091230392456,0.4829345643520355,-0.008032838813960552,0.3817959725856781,0.4879644811153412,0.008137062191963196,0.6670963168144226,0.8565510511398315,0.004898133687674999,0.348287433385849,0.853645920753479,0.02153434045612812,0.5581187605857849,0.7651523947715759,-0.3673115074634552,0.413335382938385,0.7661740779876709,-0.3896021246910095,0.5181618928909302,0.7670820355415344,0.0002811601443681866,0.4350840747356415,0.7614522576332092,-0.0015163794159889221,0.518523633480072,0.6991859078407288,0.004415309987962246,0.4328519403934479,0.6960558891296387,-7.360247400356457e-05,0.5251529812812805,0.7018325328826904,-0.002208598190918565,0.4345235526561737,0.6996760368347168,-0.003140412736684084,0.5785394310951233,1.0111496448516846,0.21846742928028107,0.41922810673713684,1.0171234607696533,0.24326005578041077
959.288888888889,0.41556233167648315,0.7672012448310852,-4.867944517172873e-05,0.4084263741970062,0.7194676995277405,0.0027001544367522,0.40671277046203613,0.6672511100769043,-0.006947793997824192,0.4000610113143921,0.6278095245361328,-0.014696337282657623,0.3867569863796234,0.5996347069740295,-0.02528819441795349,0.4209871292114258,0.6767728924751282,-0.045943666249513626,0.4365141689777374,0.6348990201950073,-0.06352870166301727,0.44793426990509033,0.6109453439712524,-0.06869462877511978,0.45805612206459045,0.5916209816932678,-0.07016291469335556,0.4330732226371765,0.6993409991264343,-0.051375456154346466,0.45254945755004883,0.6513364911079407,-0.0695575475692749,0.4649800956249237,0.6231537461280823,-0.07089315354824066,0.47392144799232483,0.6020480394363403,-0.07083218544721603,0.44452303647994995,0.7237412333488464,-0.05263429507613182,0.46453535556793213,0.6773950457572937,-0.0660964697599411,0.47620880603790283,0.6501744389533997,-0.06664518266916275,0.48382651805877686,0.629201352596283,-0.06475669145584106,0.4542229473590851,0.7484931945800781,-0.0515667200088501,0.47239619493484497,0.7120089530944824,-0.061270032078027725,0.48266592621803284,0.6912720799446106,-0.061387285590171814,0.49154946208000183,0.6724780797958374,-0.061807431280612946,0.5434390902519226,0.7880860567092896,-1.4411779375222977e-05,0.5148575305938721,0.7574949860572815,0.0045682694762945175,0.4988253116607666,0.7289044857025146,0.0013649447355419397,0.49373704195022583,0.7062339782714844,-0.005476491525769234,0.4922061264514923,0.6901732087135315,-0.014332574792206287,0.5079587697982788,0.6836262345314026,-0.011054959148168564,0.4978146553039551,0.6549581289291382,-0.019321700558066368,0.48767152428627014,0.6448392271995544,-0.029024021700024605,0.47936803102493286,0.6409489512443542,-0.034658875316381454,0.5177013874053955,0.6823011636734009,-0.017997389659285545,0.5043314099311829,0.6544878482818604,-0.02461421675980091,0.49310916662216187,0.6513547897338867,-0.02906361222267151,0.48423337936401367,0.6556851267814636,-0.033043332397937775,0.5275577902793884,0.6897113919258118,-0.025547055527567863,0.5137919783592224,0.6711439490318298,-0.029307277873158455,0.5051777362823486,0.6827987432479858,-0.0314665213227272,0.4997554421424866,0.6990931034088135,-0.03343718871474266,0.536435067653656,0.7046476602554321,-0.03237686678767204,0.5227502584457397,0.6928906440734863,-0.03413711115717888,0.5150324106216431,0.70376056432724,-0.03365551307797432,0.5112346410751343,0.7191454172134399,-0.034835461527109146,0.5017290115356445,0.27433425188064575,-0.000685648643411696,0.5149621963500977,0.22635076940059662,0.0007794172270223498,0.5249786972999573,0.2257418930530548,0.004026498179882765,0.5348917245864868,0.22531233727931976,0.001752994256094098,0.4857824444770813,0.22709517180919647,0.0055029443465173244,0.4753166437149048,0.2272733896970749,-0.0011970163322985172,0.4650515019893646,0.22750745713710785,-0.0024597086012363434,0.5460429787635803,0.2403487116098404,-0.003690516809001565,0.44837048649787903,0.2428717166185379,-0.0024392898194491863,0.5194311141967773,0.3185880780220032,-0.0002345937245991081,0.48104387521743774,0.3195505440235138,-0.00344888330437243,0.611738920211792,0.48402631282806396,-0.004363400395959616,0.3798779845237732,0.49386200308799744,0.004426375962793827,0.6591336131095886,0.8553190231323242,0.00289023295044899,0.346230685710907,0.8637682795524597,0.020875735208392143,0.5423168540000916,0.7266519069671631,-0.37280523777008057,0.41533157229423523,0.7747319936752319,-0.387925386428833,0.504202663898468,0.7157540917396545,0.0002815494954120368,0.43594735860824585,0.7668485641479492,-0.0015289258444681764,0.5058836340904236,0.6506776213645935,0.004403894301503897,0.4349138140678406,0.7043032050132751,-5.606430204352364e-05,0.5115818977355957,0.6595084071159363,-0.0021851765923202038,0.43624868988990784,0.7085020542144775,-0.0031258645467460155,0.5776302814483643,1.0147968530654907,0.21853375434875488,0.41709792613983154,1.0217416286468506,0.23410838842391968
1001.0000000000001,0.41930073499679565,0.7721087336540222,-4.8621710448060185e-05,0.41360169649124146,0.7217360138893127,0.006826532073318958,0.4120311141014099,0.6684215068817139,-0.0029819754417985678,0.40525999665260315,0.6291815638542175,-0.012438245117664337,0.3935856521129608,0.6024770736694336,-0.024134477600455284,0.4273740351200104,0.6780522465705872,-0.042594969272613525,0.44338688254356384,0.6361246109008789,-0.05981237441301346,0.45517075061798096,0.6121322512626648,-0.0655507892370224,0.4652766287326813,0.5929152965545654,-0.06770489364862442,0.4390523135662079,0.7017065286636353,-0.05088979750871658,0.4591730535030365,0.652726411819458,-0.07092630118131638,0.4727509915828705,0.6234065890312195,-0.07332991808652878,0.48253190517425537,0.6018174886703491,-0.07501793652772903,0.4501858949661255,0.7275724411010742,-0.05447414517402649,0.4704420864582062,0.6801292896270752,-0.06744620203971863,0.4826417565345764,0.651182234287262,-0.06753312051296234,0.4902700185775757,0.6300219297409058,-0.06651940941810608,0.4596764147281647,0.7539998888969421,-0.05572358891367912,0.4785579442977905,0.7167253494262695,-0.06423022598028183,0.48933443427085876,0.6945081949234009,-0.06420447677373886,0.49805760383605957,0.6756001114845276,-0.06517302989959717,,,,,,,,,,,,,,,,,,,,,,,,,,,,,,,,,,,,,,,,,,,,,,,,,,,,,,,,,,,,,,,,0.5006915330886841,0.27418696880340576,-0.0007373507251031697,0.5146816372871399,0.22646072506904602,0.0007501571089960635,0.5248748064041138,0.22607824206352234,0.0040132589638233185,0.5349795818328857,0.2258928269147873,0.001739308936521411,0.4852595031261444,0.22687281668186188,0.005500549450516701,0.4747093915939331,0.22717005014419556,-0.0012077365536242723,0.4643842577934265,0.2272668182849884,-0.002476397203281522,0.5464637875556946,0.24138513207435608,-0.0036848150193691254,0.4478782117366791,0.24204151332378387,-0.0024186517111957073,0.5185270309448242,0.3195408284664154,-0.0003471519739832729,0.4801977574825287,0.319439560174942,-0.0034473277628421783,0.6109231114387512,0.48280632495880127,-0.004684142768383026,0.37864866852760315,0.49621519446372986,0.004783811047673225,0.6560690999031067,0.8441191911697388,-0.01350252516567707,0.34621158242225647,0.8643090128898621,0.02785293571650982,0.5387223958969116,0.7017136812210083,-0.40425804257392883,0.42010778188705444,0.7706394791603088,-0.38368865847587585,0.5010716319084167,0.6847174763679504,0.00028070752159692347,0.44306495785713196,0.7649656534194946,-0.0015523472102358937,0.5006739497184753,0.6212656497955322,0.0043954188004136086,0.442805677652359,0.7032595872879028,-1.182798314403044e-06,0.5066395998001099,0.6350677609443665,-0.00218866765499115,0.4424242675304413,0.7069132328033447,-0.0030882577411830425,0.5772987604141235,1.0156441926956177,0.17298150062561035,0.41624924540519714,1.0238620042800903,0.18599039316177368
1042.7,0.42473554611206055,0.7739047408103943,-4.4348958908813074e-05,0.41943860054016113,0.7201418876647949,0.006001243833452463,0.4181460738182068,0.6669486165046692,-0.005555185489356518,0.4112376570701599,0.6286839842796326,-0.015829365700483322,0.39787450432777405,0.6016578078269958,-0.028938837349414825,0.43329840898513794,0.6781606674194336,-0.04642616957426071,0.44960346817970276,0.6380668878555298,-0.06418474018573761,0.4613540768623352,0.6129359602928162,-0.06919948756694794,0.47108617424964905,0.5935554504394531,-0.0706668347120285,0.4464174807071686,0.7032321691513062,-0.052755240350961685,0.4666149616241455,0.6555514931678772,-0.07181770354509354,0.4793434739112854,0.6251424551010132,-0.07172216475009918,0.48852115869522095,0.6027531623840332,-0.0720653310418129,0.45835670828819275,0.7289348244667053,-0.054124459624290466,0.47837400436401367,0.6826934814453125,-0.06510048359632492,0.48957791924476624,0.6544381380081177,-0.062161222100257874,0.49671709537506104,0.6343358159065247,-0.05936005339026451,0.4683796763420105,0.7541797161102295,-0.05288566276431084,0.4867281913757324,0.7161470055580139,-0.060271892696619034,0.4964926540851593,0.6928780674934387,-0.05848206207156181,0.5040056705474854,0.6733876466751099,-0.058397985994815826,0.519845187664032,0.6370592713356018,-2.6822677682503127e-05,0.4991739094257355,0.6107235550880432,-0.00684850849211216,0.4813113212585449,0.5785452723503113,-0.01851131208240986,0.46948593854904175,0.5527228713035583,-0.031046168878674507,0.4562855362892151,0.5287069082260132,-0.04405463486909866,0.49590662121772766,0.5330541729927063,-0.02985546924173832,0.4861208498477936,0.48930200934410095,-0.04829951375722885,0.47951075434684753,0.4639251232147217,-0.061825819313526154,0.4731962978839874,0.43808820843696594,-0.07114709913730621,0.5120468139648438,0.5381879806518555,-0.03845382481813431,0.511783242225647,0.4995109438896179,-0.06094149500131607,0.5069306492805481,0.47656136751174927,-0.07414435595273972,0.5009403228759766,0.4548895061016083,-0.0834813341498375,0.526425302028656,0.5555740594863892,-0.047768570482730865,0.5152461528778076,0.5624281167984009,-0.07252655923366547,0.506350040435791,0.5901240110397339,-0.07544925808906555,0.5018072724342346,0.6077600121498108,-0.07427604496479034,0.5387591123580933,0.5804553031921387,-0.05704145506024361,0.5280003547668457,0.5838163495063782,-0.07349503040313721,0.5191152691841125,0.60284024477005,-0.07405902445316315,0.5137283205986023,0.6173274517059326,-0.07313624769449234,0.5008768439292908,0.2754802405834198,-0.0007586019928567111,0.5145531296730042,0.22717253863811493,0.0007178040686994791,0.524783194065094,0.22667667269706726,0.003996136132627726,0.5349209308624268,0.22636348009109497,0.0017457412322983146,0.4850212335586548,0.22768694162368774,0.005500831175595522,0.4744187891483307,0.22791220247745514,-0.0012162188068032265,0.4640633165836334,0.22800400853157043,-0.0024764053523540497,0.5463117957115173,0.24173741042613983,-0.003666812786832452,0.4478665888309479,0.24310408532619476,-0.00239225709810853,0.5186883807182312,0.32090064883232117,-0.0004075222823303193,0.48007938265800476,0.3214660584926605,-0.0034187580458819866,0.6103373765945435,0.4814175069332123,-0.0007928964332677424,0.3775661885738373,0.49967527389526367,0.0008342713117599487,0.6556270718574524,0.8386038541793823,-0.0088391387835145,0.34655889868736267,0.8624663352966309,0.026842458173632622,0.5474950075149536,0.6730874180793762,-0.4087720811367035,0.4228104054927826,0.7695421576499939,-0.3829421103000641,0.5130154490470886,0.660283088684082,0.0002639006997924298,0.4478101432323456,0.7659578919410706,-0.0015593678690493107,0.5096372961997986,0.5959575176239014,0.004378951154649258,0.4479864239692688,0.7028478384017944,8.211441308958456e-05,0.514388382434845,0.6095629334449768,-0.0022173882462084293,0.44639861583709717,0.7065950036048889,-0.003039775649085641,0.5769840478897095,1.015389084815979,0.1598464846611023,0.4156937003135681,1.0260308980941772,0.17346622049808502
1084.4111111111113,0.4280130863189697,0.7745227813720703,-5.124993185745552e-05,0.4226623773574829,0.7182037830352783,0.006208617705851793,0.42294347286224365,0.6640459895133972,-0.003708750009536743,0.41719141602516174,0.6248288750648499,-0.011482128873467445,0.4031432271003723,0.5964074730873108,-0.022405492141842842,0.4398515224456787,0.6733480095863342,-0.04136247932910919,0.4564049541950226,0.6331905126571655,-0.055956389755010605,0.46814003586769104,0.6071667075157166,-0.059736836701631546,0.4772864282131195,0.5877819061279297,-0.06097857281565666,0.4539082944393158,0.6988875269889832,-0.04654107615351677,0.47363463044166565,0.6523467302322388,-0.061789948493242264,0.48543381690979004,0.6225796937942505,-0.05968473479151726,0.4932892322540283,0.6010195016860962,-0.05856254696846008,0.46591711044311523,0.7249860167503357,-0.046840641647577286,0.48630207777023315,0.679924488067627,-0.05562509968876839,0.49772924184799194,0.6523706912994385,-0.05141393467783928,0.5053110718727112,0.6324449181556702,-0.047230832278728485,0.47536852955818176,0.7511039972305298,-0.04450605437159538,0.49373123049736023,0.7137761116027832,-0.05002926290035248,0.5031524300575256,0.690720796585083,-0.0463605634868145,0.5107345581054688,0.671135663986206,-0.04491738602519035,0.5170684456825256,0.6273331046104431,-2.8731697966577485e-05,0.49952930212020874,0.6007065176963806,-0.006341841537505388,0.48351621627807617,0.5589724183082581,-0.016920918598771095,0.4729704260826111,0.5261932611465454,-0.029354974627494812,0.463569700717926,0.49888721108436584,-0.0427052266895771,0.504718542098999,0.5203301310539246,-0.025513119995594025,0.4990033209323883,0.4743514955043793,-0.04487232118844986,0.49315333366394043,0.4439234137535095,-0.056907400488853455,0.48534470796585083,0.41777220368385315,-0.06468690931797028,0.5204575061798096,0.5256366729736328,-0.03496883809566498,0.5205934047698975,0.4735190272331238,-0.05697943642735481,0.514355480670929,0.4374158978462219,-0.07138996571302414,0.5065770149230957,0.40679270029067993,-0.08298086374998093,0.5347301363945007,0.543316662311554,-0.045096587389707565,0.5218130946159363,0.5245601534843445,-0.0690334364771843,0.5107825994491577,0.5490990281105042,-0.07145766168832779,0.5057370066642761,0.569566011428833,-0.06872459501028061,0.5464832186698914,0.567518413066864,-0.054661039263010025,0.5329869985580444,0.554810106754303,-0.0722273737192154,0.523934543132782,0.5707046985626221,-0.07205428928136826,0.5196763873100281,0.5866125822067261,-0.06953863054513931,0.500890851020813,0.27545976638793945,-0.0007911063730716705,0.5142670273780823,0.22728487849235535,0.0006523876218125224,0.5244466066360474,0.22670838236808777,0.003979852423071861,0.5345216393470764,0.22630709409713745,0.0017410543514415622,0.48485425114631653,0.22790572047233582,0.005515441298484802,0.4742763340473175,0.2280954122543335,-0.0012132100528106093,0.4639316201210022,0.22820162773132324,-0.002480896422639489,0.5457735657691956,0.2414349764585495,-0.003639065194875002,0.4475206434726715,0.24347682297229767,-0.0023251501843333244,0.5186380743980408,0.3204154372215271,-0.0004911099676974118,0.48014166951179504,0.32138532400131226,-0.003406858304515481,0.6093587875366211,0.4797177314758301,0.002118641510605812,0.37711194157600403,0.49745336174964905,-0.0021208184771239758,0.6544255018234253,0.8310350775718689,-0.008169258013367653,0.34737008810043335,0.8632587194442749,0.020731287077069283,0.5528274774551392,0.6495936512947083,-0.40528547763824463,0.4267147481441498,0.7682387828826904,-0.38346657156944275,0.5186658501625061,0.6295091509819031,0.0002388366701779887,0.45119917392730713,0.7636781334877014,-0.0015783673152327538,0.5174906849861145,0.5637921690940857,0.004365613218396902,0.450614869594574,0.6999180912971497,0.00022512917348649353,0.5212332010269165,0.5796199440956116,-0.002291641663759947,0.4492890536785126,0.7036797404289246,-0.0028950900305062532,0.5764486193656921,1.0109658241271973,0.16555163264274597,0.4156601130962372,1.0239944458007812,0.17482313513755798
1126.1222222222223,0.43181657791137695,0.7725823521614075,-4.35298279626295e-05,0.4281172752380371,0.7150055170059204,0.010513445362448692,0.42833396792411804,0.660733163356781,0.002246842486783862,0.42226308584213257,0.622819185256958,-0.005222965031862259,0.40867888927459717,0.5966929197311401,-0.015925036743283272,0.4450223743915558,0.6679469347000122,-0.03561517968773842,0.4629163146018982,0.626044511795044,-0.04827304184436798,0.4749804437160492,0.5999787449836731,-0.050334736704826355,0.48392486572265625,0.579773485660553,-0.050611160695552826,0.4585016369819641,0.6934991478919983,-0.0427655428647995,0.47981253266334534,0.6438157558441162,-0.05717266723513603,0.49281391501426697,0.6141526699066162,-0.054158300161361694,0.5011600255966187,0.5924870371818542,-0.05239074304699898,0.4700302481651306,0.719796895980835,-0.0449773333966732,0.4921489655971527,0.6723389029502869,-0.052979547530412674,0.5043067932128906,0.6443041563034058,-0.04747726768255234,0.5116935968399048,0.6237680912017822,-0.04279642924666405,0.4792225956916809,0.7466663122177124,-0.04433010146021843,0.498919814825058,0.7074229717254639,-0.049325764179229736,0.5085212588310242,0.6825353503227234,-0.04544311761856079,0.5156335830688477,0.6611613035202026,-0.04404636099934578,0.5218062400817871,0.6172773838043213,-2.132682675437536e-05,0.5033748745918274,0.5914093852043152,-0.007735604885965586,0.48731541633605957,0.5469039082527161,-0.017213009297847748,0.4766753315925598,0.5144765377044678,-0.028040576726198196,0.4660610854625702,0.48562419414520264,-0.03910365328192711,0.5098108053207397,0.5081086158752441,-0.024418003857135773,0.5047999024391174,0.46009618043899536,-0.04197579249739647,0.49911656975746155,0.4301988184452057,-0.049382034689188004,0.4921148419380188,0.403347373008728,-0.05538896843791008,0.5260233283042908,0.5160171389579773,-0.033920593559741974,0.5309692025184631,0.46171480417251587,-0.05738477408885956,0.5304772257804871,0.4236333668231964,-0.07396576553583145,0.5294429659843445,0.3917604684829712,-0.08436176180839539,0.5395249724388123,0.5373550653457642,-0.04473976418375969,0.5284118056297302,0.511301577091217,-0.07537276297807693,0.5148110389709473,0.538061261177063,-0.08217903226613998,0.5078991651535034,0.5624274015426636,-0.078752800822258,0.5517168641090393,0.5644463300704956,-0.05392569676041603,0.5410616993904114,0.5436621308326721,-0.07987382262945175,0.5294578075408936,0.5603663921356201,-0.08451752364635468,0.5231217741966248,0.5791001915931702,-0.08301954716444016,0.5023401975631714,0.27698004245758057,-0.0008320003398694098,0.5153759717941284,0.22898326814174652,0.0006272766622714698,0.5254387855529785,0.22845326364040375,0.003968088887631893,0.5353876948356628,0.2280803918838501,0.0017273471457883716,0.4861907362937927,0.22923707962036133,0.005519649013876915,0.4756484031677246,0.22920870780944824,-0.0012598092434927821,0.4653264880180359,0.22912758588790894,-0.0024853646755218506,0.5459702610969543,0.24250313639640808,-0.0035923640243709087,0.4478898346424103,0.24398836493492126,-0.002302594017237425,0.5192768573760986,0.3216087520122528,-0.0005234819836914539,0.4812129735946655,0.3222120404243469,-0.0033898018300533295,0.6090772151947021,0.47838008403778076,0.007174717262387276,0.37695372104644775,0.49689722061157227,-0.00720545370131731,0.6546123623847961,0.8233240246772766,-0.00620665866881609,0.3481123745441437,0.8612658381462097,0.017353542149066925,0.5545663237571716,0.6514562964439392,-0.3994378447532654,0.43216273188591003,0.7728222608566284,-0.37381505966186523,0.5192668437957764,0.6357282400131226,0.000220518559217453,0.45831039547920227,0.7697687149047852,-0.0015916337724775076,0.518050491809845,0.568529486656189,0.0043573323637247086,0.4579613506793976,0.7057477235794067,0.0002875809441320598,0.522064745426178,0.5830873250961304,-0.0023549895267933607,0.45541462302207947,0.7093511819839478,-0.002777748741209507,0.5768284201622009,1.0095248222351074,0.1662137806415558,0.41605767607688904,1.02408766746521,0.16810685396194458
1167.8333333333333,0.43743783235549927,0.7665795683860779,-4.351456664153375e-05,0.4334396719932556,0.710754930973053,0.00795177835971117,0.4337281882762909,0.657548189163208,-0.0009957640431821346,0.4281070828437805,0.6187292337417603,-0.00846683606505394,0.41476792097091675,0.5912126898765564,-0.019749082624912262,0.45173659920692444,0.6644541621208191,-0.03775427117943764,0.4693753719329834,0.6232417821884155,-0.05162922665476799,0.481669545173645,0.5970466136932373,-0.05610218271613121,0.49117106199264526,0.5779218673706055,-0.057962093502283096,0.46551480889320374,0.6896463632583618,-0.04422343522310257,0.48641809821128845,0.6403542757034302,-0.05937637388706207,0.499694287776947,0.6092841029167175,-0.058929041028022766,0.5088286399841309,0.5865910053253174,-0.05942615121603012,0.4769675135612488,0.7157713770866394,-0.04577777534723282,0.49860602617263794,0.6684414744377136,-0.055674679577350616,0.5112814903259277,0.6396517157554626,-0.05388111248612404,0.5195128917694092,0.6183779239654541,-0.05212661251425743,0.48578107357025146,0.7427141070365906,-0.04448399320244789,0.5049426555633545,0.704666018486023,-0.05111342668533325,0.5150806903839111,0.6797763705253601,-0.04934404045343399,0.5228906869888306,0.6581875085830688,-0.049719780683517456,0.5244492888450623,0.6137734651565552,-1.8159569663112052e-05,0.5056317448616028,0.5872385501861572,-0.006064821500331163,0.48968422412872314,0.5493115782737732,-0.01715744100511074,0.477715402841568,0.5191630721092224,-0.029185796156525612,0.4658716320991516,0.4940285384654999,-0.040880922228097916,0.5126190781593323,0.507225751876831,-0.03255298361182213,0.5031837821006775,0.4565659761428833,-0.05145871266722679,0.49669593572616577,0.4258785843849182,-0.06365051120519638,0.4906592071056366,0.3970484733581543,-0.07339823246002197,0.5288344621658325,0.5158578753471375,-0.04091959446668625,0.5323590040206909,0.46376675367355347,-0.06216523051261902,0.5307610034942627,0.42865949869155884,-0.07542439550161362,0.5289428234100342,0.3982241153717041,-0.0848175436258316,0.5422400236129761,0.5381598472595215,-0.04863061383366585,0.5299563407897949,0.5269578099250793,-0.0721331313252449,0.5188125371932983,0.5539953112602234,-0.07201796770095825,0.5148111581802368,0.5742565989494324,-0.06766623258590698,0.5533472895622253,0.5650666952133179,-0.05631802976131439,0.5413347482681274,0.5565381646156311,-0.07432760298252106,0.5310013294219971,0.5730382800102234,-0.07320602983236313,0.526566743850708,0.5880489945411682,-0.06944002956151962,0.5032190680503845,0.2769966423511505,-0.0008527915342710912,0.5157453417778015,0.22909824550151825,0.0006251297309063375,0.5257149338722229,0.22846639156341553,0.003957116976380348,0.5355759859085083,0.2279961258172989,0.001723892753943801,0.48666149377822876,0.22966082394123077,0.0055274199694395065,0.47615522146224976,0.2297385334968567,-0.001292131026275456,0.46586906909942627,0.22979635000228882,-0.0024851206690073013,0.5459533333778381,0.24223065376281738,-0.003560400567948818,0.44806909561157227,0.24463611841201782,-0.0022858830634504557,0.5200862884521484,0.3211875855922699,-0.0005459968815557659,0.4823348820209503,0.3221948444843292,-0.0033673662692308426,0.6089614629745483,0.4742349684238434,0.010336489416658878,0.3770545721054077,0.49695563316345215,-0.010385852307081223,0.6542180776596069,0.8198018670082092,-0.004530182108283043,0.3528231978416443,0.8639715909957886,0.014404517598450184,0.5582674741744995,0.6439484357833862,-0.4088480770587921,0.43708446621894836,0.7712990641593933,-0.3748437762260437,0.5244963765144348,0.6241992712020874,0.00020855673938058317,0.4648441672325134,0.7675649523735046,-0.0016065984964370728,0.5243703126907349,0.5591691136360168,0.004354030359536409,0.4631105661392212,0.7034673094749451,0.00033497740514576435,0.5275586843490601,0.574633777141571,-0.002451661741361022,0.4600689709186554,0.7072931528091431,-0.002680782228708267,0.5807849168777466,1.0088874101638794,0.1308443397283554,0.41968727111816406,1.024217128753662,0.13438329100608826
1209.5333333333333,0.5273352861404419,0.6132653951644897,-3.00215688184835e-05,0.5067445635795593,0.5870463848114014,-0.01130547747015953,0.48968562483787537,0.5570293068885803,-0.027874600142240524,0.4761641025543213,0.5350416898727417,-0.04045476019382477,0.46531644463539124,0.5192790031433105,-0.0525963120162487,0.5118557810783386,0.5233422517776489,-0.060018472373485565,0.5011445879936218,0.4750785827636719,-0.08672800660133362,0.4949951469898224,0.44816091656684875,-0.10455425083637238,0.49049925804138184,0.419221967458725,-0.11650640517473221,0.5280565023422241,0.5327687859535217,-0.06541189551353455,0.5286192297935486,0.49932610988616943,-0.09001051634550095,0.5260031223297119,0.4777252972126007,-0.1050083190202713,0.5241811275482178,0.4519903361797333,-0.11665847897529602,0.5406327843666077,0.5551207065582275,-0.06829167157411575,0.5323839783668518,0.5617603659629822,-0.09146390110254288,0.5237494111061096,0.5834074020385742,-0.09232727438211441,0.5201919078826904,0.5928975343704224,-0.09249840676784515,0.5500123500823975,0.5829789638519287,-0.0720188170671463,0.5419778823852539,0.5908148288726807,-0.08838994801044464,0.5329781174659729,0.6044816374778748,-0.09089720994234085,0.5274107456207275,0.6126885414123535,-0.09287477284669876,0.4420478940010071,0.7608111500740051,-4.719067510450259e-05,0.43893980979919434,0.7060025930404663,0.009929841384291649,0.43973711133003235,0.6530540585517883,0.0019889662507921457,0.4342286288738251,0.6141782999038696,-0.005333921406418085,0.4209049642086029,0.5864424109458923,-0.01611493155360222,0.4587275981903076,0.6590293645858765,-0.03179635480046272,0.4762113392353058,0.6186215281486511,-0.044401273131370544,0.48742902278900146,0.5931925773620605,-0.04813782125711441,0.4958198368549347,0.5740063786506653,-0.04997719079256058,0.4716137945652008,0.683399498462677,-0.040332045406103134,0.49204325675964355,0.6337029933929443,-0.05533367767930031,0.5045934319496155,0.6021891832351685,-0.055477939546108246,0.5130891799926758,0.5788760781288147,-0.05606929957866669,0.4823344647884369,0.7094614505767822,-0.044321540743112564,0.5041488409042358,0.6621576547622681,-0.05429776385426521,0.5172780752182007,0.6324401497840881,-0.053782444447278976,0.5261268615722656,0.6096556186676025,-0.05302510783076286,0.49044179916381836,0.7370589375495911,-0.04554478079080582,0.5103524923324585,0.6990389227867126,-0.05196290463209152,0.5206637978553772,0.6739512085914612,-0.05129542574286461,0.528775691986084,0.6520687937736511,-0.05210740864276886,0.5043725371360779,0.2766934931278229,-0.000855239515658468,0.5164027810096741,0.22879931330680847,0.0006459677242673934,0.5262739062309265,0.22814178466796875,0.003947218414396048,0.5360420942306519,0.22765082120895386,0.0017216969281435013,0.48748713731765747,0.22948169708251953,0.005530103575438261,0.47700631618499756,0.2296106070280075,-0.0013194665079936385,0.46674901247024536,0.2297353446483612,-0.0024730642326176167,0.5460771322250366,0.24176594614982605,-0.003532320261001587,0.44859862327575684,0.24478401243686676,-0.002282884903252125,0.5212506651878357,0.3208758234977722,-0.0005536889657378197,0.4836530089378357,0.3218119740486145,-0.003356074681505561,0.6083089113235474,0.4723397195339203,0.013123615644872189,0.37846705317497253,0.4966689348220825,-0.013139981776475906,0.6550225019454956,0.8187075257301331,0.00027567657525651157,0.355136513710022,0.8640636801719666,0.009121138602495193,0.5632767677307129,0.6570637226104736,-0.41114965081214905,0.44059377908706665,0.771012008190155,-0.3749237656593323,0.532428503036499,0.6388835310935974,0.00020577989926096052,0.46995851397514343,0.7665609121322632,-0.0016073548467829823,0.5318191051483154,0.5755480527877808,0.004350764211267233,0.467794269323349,0.70316082239151,0.00034277199301868677,0.5342039465904236,0.5894567370414734,-0.002472287742421031,0.4643327593803406,0.7070271372795105,-0.0026695725973695517,0.580825924873352,1.0085796117782593,0.11711840331554413,0.42150068283081055,1.0232336521148682,0.12104849517345428
1251.2444444444445,0.5224514603614807,0.610053300857544,1.3368421605264302e-05,0.502622127532959,0.59378582239151,-0.014248442836105824,0.4856686592102051,0.5730265974998474,-0.030287625268101692,0.47307851910591125,0.5597570538520813,-0.04029249772429466,0.4602953791618347,0.5461412668228149,-0.04966423660516739,0.5094212889671326,0.5430362224578857,-0.07046010345220566,0.49865856766700745,0.49739447236061096,-0.09775667637586594,0.49035507440567017,0.4710409939289093,-0.11315468698740005,0.4832197427749634,0.4429812431335449,-0.125113844871521,0.5230101943016052,0.5545703172683716,-0.07537715882062912,0.5285305976867676,0.5171126127243042,-0.1098814457654953,0.5248171091079712,0.4915091097354889,-0.1334211379289627,0.5214767456054688,0.46380794048309326,-0.15098050236701965,0.5316778421401978,0.5757419466972351,-0.07620549201965332,0.5322020649909973,0.5676853656768799,-0.10666009783744812,0.523276150226593,0.5646851658821106,-0.11012627184391022,0.5165905356407166,0.5538360476493835,-0.11046872287988663,0.5360302925109863,0.6015581488609314,-0.07820595800876617,0.5332368612289429,0.6074495315551758,-0.09823841601610184,0.5263009667396545,0.6196169853210449,-0.10312964767217636,0.5209130644798279,0.6264963150024414,-0.10359068214893341,0.44771891832351685,0.7560594081878662,-4.160390381002799e-05,0.4428528845310211,0.7022343277931213,0.008369836956262589,0.44367462396621704,0.6518815755844116,-0.00018166695372201502,0.44013306498527527,0.6129404902458191,-0.007419506087899208,0.42944103479385376,0.5847205519676208,-0.017706723883748055,0.4645898938179016,0.6539669036865234,-0.0337771400809288,0.48277747631073,0.6119020581245422,-0.04712476581335068,0.49500635266304016,0.5873832702636719,-0.053273435682058334,0.5044362545013428,0.5694806575775146,-0.057072918862104416,0.4780895709991455,0.6778266429901123,-0.04037688672542572,0.49905842542648315,0.6303862929344177,-0.05444440618157387,0.5126587152481079,0.6012659072875977,-0.05379331111907959,0.5224189758300781,0.5806283354759216,-0.0546644851565361,0.4893566370010376,0.7037875652313232,-0.04255389794707298,0.511466383934021,0.6594452261924744,-0.05167628079652786,0.5256819128990173,0.6321060061454773,-0.051007192581892014,0.5360519886016846,0.6116406321525574,-0.04957996681332588,0.49774014949798584,0.7312853932380676,-0.04169110953807831,0.5178787112236023,0.6938937902450562,-0.04765632003545761,0.5286999940872192,0.6707801222801208,-0.04649410396814346,0.5377764701843262,0.6509419083595276,-0.046768058091402054,0.5044395327568054,0.27602797746658325,-0.0008544479496777058,0.5165671110153198,0.2284206748008728,0.00065040891058743,0.5265810489654541,0.228044331073761,0.003940708935260773,0.5364968180656433,0.22737474739551544,0.0017177410190925002,0.4872228503227234,0.22880899906158447,0.005531163886189461,0.4765673279762268,0.22893187403678894,-0.0013210634933784604,0.46613815426826477,0.2291041761636734,-0.0024435243103653193,0.5467582941055298,0.24090102314949036,-0.0035194808151572943,0.4479539394378662,0.2444685995578766,-0.0022828325163573027,0.5218763947486877,0.32052499055862427,-0.0005549255292862654,0.48355531692504883,0.3213486671447754,-0.0033505456522107124,0.6087247729301453,0.47239580750465393,0.011397200636565685,0.3787750005722046,0.496999591588974,-0.011324816383421421,0.6530686616897583,0.8271574378013611,0.005627732258290052,0.35525134205818176,0.8713703751564026,0.0030017897952347994,0.5560801029205322,0.6619900465011597,-0.4001207649707794,0.448288232088089,0.7684558033943176,-0.3742889165878296,0.5248916745185852,0.6428210139274597,0.00020355072047095746,0.47845950722694397,0.7661088109016418,-0.001610099570825696,0.5261664986610413,0.579245388507843,0.004350621718913317,0.4760766327381134,0.701295018196106,0.000345546257449314,0.528792679309845,0.5915213823318481,-0.002477335510775447,0.47217857837677,0.7066704034805298,-0.002668478060513735,0.5803304314613342,1.0084294080734253,0.12882362306118011,0.42033129930496216,1.023263931274414,0.14442341029644012
1292.9555555555557,0.5213146209716797,0.6103167533874512,-5.119104571349453e-06,0.5034825205802917,0.5970469117164612,-0.010384293273091316,0.48713791370391846,0.5816814303398132,-0.027014318853616714,0.4729153513908386,0.5734672546386719,-0.03831140324473381,0.46136605739593506,0.5628989934921265,-0.04978614300489426,0.5020639300346375,0.5591123104095459,-0.05592894181609154,0.49167680740356445,0.5169236063957214,-0.07554591447114944,0.4833109378814697,0.49294137954711914,-0.08671707659959793,0.4756963849067688,0.4705202877521515,-0.09511822462081909,0.5159943103790283,0.5644991993904114,-0.058645859360694885,0.5154784917831421,0.5270243883132935,-0.08570351451635361,0.5120946168899536,0.5038044452667236,-0.1048487052321434,0.5097078680992126,0.4796871542930603,-0.11981461942195892,0.5260840654373169,0.5766016840934753,-0.05784713849425316,0.527230978012085,0.5493313074111938,-0.0760776698589325,0.5246937274932861,0.5334429740905762,-0.08346029371023178,0.5222177505493164,0.5173439383506775,-0.09000710397958755,0.5323160290718079,0.590735673904419,-0.05669289082288742,0.5278641581535339,0.5881631970405579,-0.06526901572942734,0.5216074585914612,0.5981106758117676,-0.06293900310993195,0.5174950361251831,0.6046290397644043,-0.06165264546871185,0.45232152938842773,0.759436309337616,-4.285034810891375e-05,0.44689813256263733,0.704612135887146,0.006774392910301685,0.44757336378097534,0.6543155312538147,-0.0031631772872060537,0.4425177276134491,0.6155439019203186,-0.011422657407820225,0.4295330047607422,0.587078869342804,-0.02384047955274582,0.4654885232448578,0.6621583700180054,-0.04044576361775398,0.4845726191997528,0.6209001541137695,-0.05617933347821236,0.496894508600235,0.5993348956108093,-0.06101924926042557,0.5064412951469421,0.5833070874214172,-0.06191436946392059,0.47846320271492004,0.6865599155426025,-0.046678002923727036,0.498324453830719,0.6408280730247498,-0.06274260580539703,0.5110475420951843,0.6133583784103394,-0.06248311698436737,0.5191153883934021,0.594938337802887,-0.06160879507660866,0.48996207118034363,0.7128610610961914,-0.04876776784658432,0.5112228989601135,0.6694833636283875,-0.06075676158070564,0.523889422416687,0.642669141292572,-0.06167338788509369,0.5318688154220581,0.6238899827003479,-0.05995488911867142,0.49912571907043457,0.7394849061965942,-0.04787880554795265,0.5181096792221069,0.7037267088890076,-0.05736595019698143,0.5285626649856567,0.6812365651130676,-0.05888167396187782,0.5367826223373413,0.6626484394073486,-0.06050948053598404,0.5047293901443481,0.27586597204208374,-0.0008526015444658697,0.5163127779960632,0.22824950516223907,0.000692023488227278,0.5262648463249207,0.22789712250232697,0.0039381179958581924,0.5361244678497314,0.22734977304935455,0.0017103914869949222,0.4870079755783081,0.2288791984319687,0.005531161557883024,0.4762987196445465,0.22914113104343414,-0.0013274619122967124,0.4658131003379822,0.22947274148464203,-0.002429128624498844,0.5460177063941956,0.2405150979757309,-0.003502207575365901,0.44723784923553467,0.24502013623714447,-0.0022772301454097033,0.5221524238586426,0.3205242156982422,-0.0005597712006419897,0.4838065207004547,0.3213009238243103,-0.0033469069749116898,0.6079853177070618,0.4724915027618408,0.010982586070895195,0.37942054867744446,0.49702057242393494,-0.01086302287876606,0.652358889579773,0.828419029712677,0.014645706862211227,0.3559606969356537,0.8733969926834106,-0.00039764493703842163,0.5543559193611145,0.6894307136535645,-0.38507339358329773,0.45164015889167786,0.7672157883644104,-0.37395375967025757,0.524012565612793,0.6729450821876526,0.0002021225809585303,0.48249387741088867,0.7653034329414368,-0.0016223244601860642,0.5248698592185974,0.6121371984481812,0.004345089662820101,0.4796977639198303,0.7009415030479431,0.0003441668814048171,0.5276081562042236,0.6229074001312256,-0.002477881731465459,0.475553035736084,0.7050445675849915,-0.0026687649078667164,0.5800139904022217,1.0077489614486694,0.12367265671491623,0.421352744102478,1.022638201713562,0.1429101675748825
1334.6666666666667,0.45268458127975464,0.7685612440109253,-3.515672142384574e-05,0.44734135270118713,0.7156119346618652,0.0004913498996756971,0.4478437304496765,0.664233386516571,-0.013963758014142513,0.44204986095428467,0.6266418695449829,-0.025273876264691353,0.4274173080921173,0.5997404456138611,-0.04051469266414642,0.4646829664707184,0.6767808198928833,-0.05835355445742607,0.48485615849494934,0.6355772018432617,-0.08016836643218994,0.4984435439109802,0.6137397289276123,-0.0874396562576294,0.5092552900314331,0.5968692302703857,-0.08991802483797073,0.4785316586494446,0.7020364999771118,-0.062229398638010025,0.49913015961647034,0.6558365225791931,-0.08541007339954376,0.5130701661109924,0.6283496618270874,-0.0874728411436081,0.5224138498306274,0.6096320152282715,-0.08841308951377869,0.4907146394252777,0.7277827262878418,-0.06154509261250496,0.5119576454162598,0.6835263967514038,-0.07890214771032333,0.5250678658485413,0.6550230383872986,-0.08085595816373825,0.5333758592605591,0.6353185176849365,-0.08006549626588821,0.5004043579101562,0.7530672550201416,-0.05815443769097328,0.5186801552772522,0.7150963544845581,-0.06981222331523895,0.5289299488067627,0.6923434734344482,-0.0725235566496849,0.5370520353317261,0.6736816167831421,-0.07533477991819382,,,,,,,,,,,,,,,,,,,,,,,,,,,,,,,,,,,,,,,,,,,,,,,,,,,,,,,,,,,,,,,,0.5042819380760193,0.2758397161960602,-0.0008466002182103693,0.5158783793449402,0.2280750721693039,0.000761273258831352,0.5258582234382629,0.2276538610458374,0.00393793685361743,0.5357444286346436,0.22714994847774506,0.0017069050809368491,0.4866705536842346,0.22904205322265625,0.005531157832592726,0.47597527503967285,0.22942474484443665,-0.0013353219255805016,0.4654994010925293,0.2298763245344162,-0.0024081997107714415,0.5459287166595459,0.24050898849964142,-0.003496024990454316,0.4472588300704956,0.24554216861724854,-0.0022669497411698103,0.5220032930374146,0.3201766908168793,-0.0005649382947012782,0.48367542028427124,0.32142218947410583,-0.003341830801218748,0.6087316274642944,0.4726153314113617,0.010785187594592571,0.3801853656768799,0.4966542720794678,-0.010664370842278004,0.6520913243293762,0.8307048678398132,0.013872216455638409,0.35715344548225403,0.8725805878639221,0.0013453018618747592,0.5555583834648132,0.6999687552452087,-0.3800574839115143,0.45188215374946594,0.769414484500885,-0.3653351366519928,0.5244491696357727,0.6870644688606262,0.00020177771511953324,0.4842691719532013,0.7651035785675049,-0.0016306524630635977,0.5256918668746948,0.623790979385376,0.004341708961874247,0.48102545738220215,0.69972825050354,0.0003404921153560281,0.5283775329589844,0.6341590881347656,-0.0024793834891170263,0.47669121623039246,0.7044084668159485,-0.0026879222132265568,0.5797010064125061,1.0070396661758423,0.14009340107440948,0.4220520257949829,1.0220470428466797,0.15451134741306305
1376.3666666666668,0.4487919509410858,0.7706190943717957,-4.4383934437064454e-05,0.44589298963546753,0.7152908444404602,0.005001302808523178,0.4471626281738281,0.6656671762466431,-0.006764012388885021,0.4415680170059204,0.6286174058914185,-0.01724499650299549,0.4273005723953247,0.5995002388954163,-0.03218310326337814,0.4670599102973938,0.6730791926383972,-0.041668061167001724,0.48701658844947815,0.6364169120788574,-0.05839206650853157,0.49974918365478516,0.6164861917495728,-0.06415153294801712,0.5101578235626221,0.6008518934249878,-0.06692195683717728,0.4798796772956848,0.6987900733947754,-0.047900065779685974,0.4989950954914093,0.6573890447616577,-0.06548330932855606,0.511824905872345,0.6308130621910095,-0.06828780472278595,0.520542562007904,0.6107519268989563,-0.07000824809074402,0.4907502830028534,0.7255816459655762,-0.049785491079092026,0.5108229517936707,0.6846427917480469,-0.06282241642475128,0.523054838180542,0.6582000851631165,-0.06535624712705612,0.5309502482414246,0.6384662985801697,-0.06496574729681015,0.49923035502433777,0.7525718808174133,-0.049030788242816925,0.5175557136535645,0.7170385718345642,-0.0583740659058094,0.5276814699172974,0.6954442262649536,-0.0596286803483963,0.5360734462738037,0.6766721606254578,-0.060751307755708694,,,,,,,,,,,,,,,,,,,,,,,,,,,,,,,,,,,,,,,,,,,,,,,,,,,,,,,,,,,,,,,,0.5039875507354736,0.2758149802684784,-0.0008349183481186628,0.5157291889190674,0.22784709930419922,0.0008213210967369378,0.5257388949394226,0.22717086970806122,0.003923420328646898,0.5356565117835999,0.22639910876750946,0.001706065610051155,0.48650386929512024,0.2290409654378891,0.005529431160539389,0.47580868005752563,0.22943401336669922,-0.0013366410275921226,0.46533453464508057,0.22991138696670532,-0.002387712011113763,0.5460435152053833,0.2397356778383255,-0.00349477119743824,0.4472070634365082,0.24562600255012512,-0.0022640542592853308,0.5218271613121033,0.3199425935745239,-0.0005724332295358181,0.48342645168304443,0.32143113017082214,-0.003339051501825452,0.609046220779419,0.4730817675590515,0.010701492428779602,0.3802521526813507,0.4964107573032379,-0.01058860495686531,0.6520111560821533,0.8336899280548096,0.014597197994589806,0.35683366656303406,0.8727971911430359,0.001596484798938036,0.5560129880905151,0.7070735692977905,-0.38108018040657043,0.4506785571575165,0.7709530591964722,-0.36534467339515686,0.5249969363212585,0.6955431699752808,0.00020035267516504973,0.48322510719299316,0.7657729983329773,-0.00163561524823308,0.5261712670326233,0.6318567395210266,0.00433862442150712,0.48007717728614807,0.6997624039649963,0.0003287196741439402,0.528783917427063,0.6416230201721191,-0.002478606067597866,0.47566747665405273,0.7046998739242554,-0.002706571016460657,0.5794239044189453,1.007021427154541,0.1412055492401123,0.4214155077934265,1.0217931270599365,0.15687763690948486
1418.0777777777778,0.44931891560554504,0.7711555361747742,-4.154380803811364e-05,0.44676679372787476,0.7156855463981628,0.004681547172367573,0.4478035569190979,0.6666542887687683,-0.007613097783178091,0.44231903553009033,0.6302793622016907,-0.0184389129281044,0.42845699191093445,0.6016860008239746,-0.033577099442481995,0.46525269746780396,0.6757831573486328,-0.04293669015169144,0.48563235998153687,0.638783872127533,-0.060090597718954086,0.4987015724182129,0.6195486187934875,-0.06532081961631775,0.5092226266860962,0.6042100191116333,-0.06719935685396194,0.47796645760536194,0.7010862231254578,-0.049146559089422226,0.49716994166374207,0.6582120060920715,-0.06680956482887268,0.5104045867919922,0.6320223212242126,-0.0691513642668724,0.5195434093475342,0.6117299795150757,-0.07038161158561707,0.48915910720825195,0.7272202968597412,-0.050916850566864014,0.5087294578552246,0.6853476762771606,-0.06385025382041931,0.521337628364563,0.6591523289680481,-0.06561535596847534,0.529466450214386,0.6398358345031738,-0.06442634761333466,0.4980672299861908,0.7537169456481934,-0.050289783626794815,0.5163171291351318,0.7176461815834045,-0.05982162058353424,0.5266714096069336,0.6960763931274414,-0.06105322018265724,0.5349485874176025,0.6778249144554138,-0.06171583756804466,,,,,,,,,,,,,,,,,,,,,,,,,,,,,,,,,,,,,,,,,,,,,,,,,,,,,,,,,,,,,,,,0.5039042234420776,0.2757307291030884,-0.0008205384365282953,0.5157018303871155,0.22763270139694214,0.0008713860297575593,0.5257098078727722,0.22680748999118805,0.0039097340777516365,0.5356265902519226,0.2259209305047989,0.001706053619273007,0.4864967167377472,0.22902753949165344,0.005525273270905018,0.4758169651031494,0.2294415831565857,-0.0013376051792874932,0.46535825729370117,0.22992554306983948,-0.002366862026974559,0.546069860458374,0.23926669359207153,-0.003493170253932476,0.44733089208602905,0.24562790989875793,-0.0022644842974841595,0.5218080282211304,0.3195953071117401,-0.0005754077574238181,0.4834071695804596,0.32141202688217163,-0.003336061490699649,0.6091228723526001,0.47398173809051514,0.010565806180238724,0.3802317976951599,0.49636757373809814,-0.010440228506922722,0.6521919369697571,0.8339414000511169,0.016884585842490196,0.356111079454422,0.8724911212921143,0.0013382217148318887,0.556532621383667,0.7137743234634399,-0.3835916519165039,0.4502066969871521,0.7717270851135254,-0.36784860491752625,0.525219738483429,0.7036876082420349,0.00019941115169785917,0.48292118310928345,0.7667954564094543,-0.001638235873542726,0.5262592434883118,0.6399368047714233,0.004337105434387922,0.48036304116249084,0.7001281976699829,0.0003083983901888132,0.5289481282234192,0.649148166179657,-0.0024731841403990984,0.47571802139282227,0.7052929997444153,-0.0027265669777989388,0.579078197479248,1.0073586702346802,0.1484333872795105,0.42116934061050415,1.0219647884368896,0.1679878532886505
1459.788888888889,0.44829344749450684,0.7705308794975281,-4.92090912302956e-05,0.4452097713947296,0.7168635725975037,0.003935322631150484,0.4462427794933319,0.6677160859107971,-0.007162582594901323,0.44133830070495605,0.63047856092453,-0.01615198142826557,0.42740240693092346,0.601354718208313,-0.029154274612665176,0.4652445316314697,0.6758728623390198,-0.03920350968837738,0.48561570048332214,0.6385414600372314,-0.054209139198064804,0.4985446631908417,0.6193180084228516,-0.058872200548648834,0.5089064240455627,0.6041974425315857,-0.06060677021741867,0.4784168601036072,0.7004861831665039,-0.04413561895489693,0.4980153739452362,0.6591242551803589,-0.05987575277686119,0.5112267732620239,0.6344282031059265,-0.06190863996744156,0.5206027030944824,0.6158158183097839,-0.06292707473039627,0.4896480441093445,0.7258132100105286,-0.044683974236249924,0.5097197890281677,0.6850860714912415,-0.05634842440485954,0.5222501754760742,0.6603043675422668,-0.05801410228013992,0.5307245254516602,0.641960084438324,-0.05681977421045303,0.49853262305259705,0.7518909573554993,-0.04282103478908539,0.5170410871505737,0.7165064215660095,-0.05107450485229492,0.5272985696792603,0.6960474252700806,-0.05157561972737312,0.5361158847808838,0.678410530090332,-0.05201501399278641,,,,,,,,,,,,,,,,,,,,,,,,,,,,,,,,,,,,,,,,,,,,,,,,,,,,,,,,,,,,,,,,0.5039263963699341,0.2763058543205261,-0.0008093117503449321,0.515729546546936,0.2278289794921875,0.0009000084828585386,0.5257230401039124,0.22695285081863403,0.00389793049544096,0.5356273055076599,0.2260458916425705,0.0017059807432815433,0.4865568280220032,0.22925631701946259,0.005524645559489727,0.4758976697921753,0.2296401411294937,-0.0013391702668741345,0.465461403131485,0.2300870567560196,-0.0023632661905139685,0.5460914373397827,0.23927633464336395,-0.003490115748718381,0.4473830461502075,0.2456279993057251,-0.0022638626396656036,0.521803617477417,0.3197973370552063,-0.0005841614911332726,0.4834183156490326,0.32176411151885986,-0.0033329096622765064,0.6091021299362183,0.4746905267238617,0.010930712334811687,0.38021349906921387,0.496357798576355,-0.010815543122589588,0.6524125337600708,0.8335477113723755,0.02007816918194294,0.3556942939758301,0.8718803524971008,-0.0029343822970986366,0.5573078989982605,0.7155903577804565,-0.381524920463562,0.45156198740005493,0.771777331829071,-0.36833417415618896,0.5262758135795593,0.7058712244033813,0.00019303879525978118,0.48457711935043335,0.7666394114494324,-0.0016386279603466392,0.527030885219574,0.6419362425804138,0.004336490761488676,0.4820614457130432,0.7001014351844788,0.0002995195973198861,0.5296680331230164,0.6512778401374817,-0.002473646542057395,0.4773494303226471,0.705284833908081,-0.002730115782469511,0.5789906978607178,1.0076913833618164,0.16256336867809296,0.42115429043769836,1.0220930576324463,0.1777389645576477
1501.5,0.4463784098625183,0.7756223082542419,-4.267270560376346e-05,0.4439465403556824,0.721703827381134,0.005111216101795435,0.4458867609500885,0.6719711422920227,-0.006397830788046122,0.4412052035331726,0.635748565196991,-0.016107574105262756,0.42672842741012573,0.6085151433944702,-0.030189692974090576,0.462709903717041,0.6820101737976074,-0.04178221523761749,0.48407435417175293,0.642764687538147,-0.058429133147001266,0.49800562858581543,0.6227225661277771,-0.06338842958211899,0.5094453692436218,0.6073346734046936,-0.06528429687023163,0.47547638416290283,0.7070953845977783,-0.046868275851011276,0.496499240398407,0.6636387705802917,-0.06394044309854507,0.5107062458992004,0.6383661031723022,-0.0647820308804512,0.52055424451828,0.6194141507148743,-0.0647258535027504,0.48669421672821045,0.7329647541046143,-0.04765181243419647,0.5082306861877441,0.6894397735595703,-0.06036102771759033,0.5216957330703735,0.663292407989502,-0.06140805780887604,0.5302971005439758,0.6440324783325195,-0.059523072093725204,0.4956149756908417,0.7592828869819641,-0.04580065235495567,0.5145833492279053,0.7214816808700562,-0.05476275831460953,0.5255658626556396,0.6998792886734009,-0.0559774674475193,0.5344989895820618,0.6813419461250305,-0.05692264810204506,,,,,,,,,,,,,,,,,,,,,,,,,,,,,,,,,,,,,,,,,,,,,,,,,,,,,,,,,,,,,,,,0.5038769245147705,0.27629154920578003,-0.0008020421955734491,0.5157988667488098,0.2278061956167221,0.0009058218565769494,0.5258153676986694,0.2269066870212555,0.003890922060236335,0.5357412099838257,0.22599679231643677,0.001704504364170134,0.486600786447525,0.2292618453502655,0.005524708889424801,0.475931316614151,0.22964611649513245,-0.0013395830756053329,0.46548211574554443,0.2300879806280136,-0.0023611444048583508,0.5461975932121277,0.23929139971733093,-0.0034883003681898117,0.44745030999183655,0.24563871324062347,-0.002258066087961197,0.5217207670211792,0.3197822570800781,-0.0005944726872257888,0.48331767320632935,0.3217726945877075,-0.0033318146597594023,0.6092177629470825,0.4746996760368347,0.010998263955116272,0.37985605001449585,0.49656346440315247,-0.01088134665042162,0.6524781584739685,0.8343748450279236,0.0171870868653059,0.3548648953437805,0.8724066615104675,-0.003865607315674424,0.5583973526954651,0.7081269025802612,-0.3836803436279297,0.45113760232925415,0.7734221816062927,-0.3686441481113434,0.5273298621177673,0.694453239440918,0.0001895299064926803,0.48446065187454224,0.7679963111877441,-0.0016424756031483412,0.5281770825386047,0.6302926540374756,0.004334484227001667,0.4820440709590912,0.701124370098114,0.0003008640487678349,0.5306404232978821,0.6414249539375305,-0.0024741878733038902,0.4772290885448456,0.7065902948379517,-0.002730947220697999,0.5793507099151611,1.0080554485321045,0.1757437288761139,0.42126524448394775,1.0226210355758667,0.1897198110818863
1543.2,0.44445741176605225,0.7850435972213745,-3.873717287206091e-05,0.43964001536369324,0.7371485233306885,0.004921671934425831,0.44283875823020935,0.6881868243217468,-0.006016741972416639,0.4398878216743469,0.651391327381134,-0.014527466148138046,0.4280339181423187,0.6231993436813354,-0.02577456645667553,0.4579410254955292,0.6970929503440857,-0.049894820898771286,0.4781629145145416,0.6568800210952759,-0.06607033312320709,0.4904532730579376,0.6355701088905334,-0.06968005746603012,0.4990465044975281,0.6197457313537598,-0.06982585042715073,0.4700928330421448,0.7213395833969116,-0.054229095578193665,0.49166756868362427,0.6753622889518738,-0.07235854119062424,0.5063760876655579,0.6505298018455505,-0.07029668986797333,0.5163050889968872,0.6329001188278198,-0.06695137172937393,0.4809679388999939,0.7483897805213928,-0.05400053411722183,0.5032858848571777,0.7025301456451416,-0.06805898994207382,0.5161711573600769,0.6771818995475769,-0.066563680768013,0.5246003866195679,0.6584869027137756,-0.06285402923822403,0.48901259899139404,0.775578498840332,-0.05093838647007942,0.5084518790245056,0.7412415146827698,-0.061050210148096085,0.5201185345649719,0.721900463104248,-0.062210019677877426,0.5293542742729187,0.7049300074577332,-0.06298654526472092,0.5475066900253296,0.66446852684021,-1.1454174455138855e-05,0.5246272683143616,0.641473650932312,-0.006093859206885099,0.5045890212059021,0.6104993224143982,-0.01838137023150921,0.48810744285583496,0.5912835597991943,-0.028077691793441772,0.4731060266494751,0.5769490003585815,-0.03600578010082245,0.5199065804481506,0.5801746845245361,-0.05109577998518944,0.5076786875724792,0.54300856590271,-0.07469315081834793,0.49801158905029297,0.5247166156768799,-0.08769562095403671,0.4890010356903076,0.5078145265579224,-0.09649340808391571,0.5335370898246765,0.5911994576454163,-0.059356026351451874,0.5228649377822876,0.5596972107887268,-0.08946055918931961,0.5084163546562195,0.5428319573402405,-0.10732382535934448,0.49557334184646606,0.527407705783844,-0.11930389702320099,0.5462941527366638,0.6103810667991638,-0.06550882011651993,0.5311709642410278,0.6153054237365723,-0.08901830017566681,0.5224823355674744,0.6360684037208557,-0.0835115984082222,0.5190299153327942,0.6484355330467224,-0.0754479318857193,0.5567460656166077,0.6343812942504883,-0.07102333009243011,0.5425782799720764,0.6468372344970703,-0.08882973343133926,0.5343137383460999,0.6620823740959167,-0.08710996806621552,0.5305215120315552,0.6737542152404785,-0.08189919590950012,0.5030408501625061,0.2748349606990814,-0.0008029739838093519,0.5155638456344604,0.22672700881958008,0.0009012473747134209,0.5256714820861816,0.22596606612205505,0.0038895378820598125,0.5356814861297607,0.22523121535778046,0.0017036821227520704,0.4861505925655365,0.22780029475688934,0.005524756852537394,0.47544652223587036,0.22805899381637573,-0.0013405666686594486,0.46495670080184937,0.22834789752960205,-0.002352170180529356,0.5463099479675293,0.23912838101387024,-0.0034879136364907026,0.44706475734710693,0.2443407028913498,-0.0022586265113204718,0.5207906365394592,0.31904134154319763,-0.0006055121193639934,0.4821707606315613,0.3206884264945984,-0.0033289433922618628,0.6089703440666199,0.4753867983818054,0.010912218131124973,0.37764647603034973,0.4976842999458313,-0.010823488235473633,0.6524774432182312,0.8357633948326111,0.01261910144239664,0.34999945759773254,0.870671808719635,0.0010382886976003647,0.5586991906166077,0.6999043226242065,-0.38438379764556885,0.4469168186187744,0.7793139219284058,-0.37103983759880066,0.5265635251998901,0.6863661408424377,0.00018793900380842388,0.4790942072868347,0.7797671556472778,-0.0016436086734756827,0.5281289219856262,0.6194820404052734,0.004333142656832933,0.47824960947036743,0.7126323580741882,0.00030147144570946693,0.5307711362838745,0.6312099695205688,-0.002474376931786537,0.4733488857746124,0.7161481976509094,-0.002727949060499668,0.5802448987960815,1.009324073791504,0.16640697419643402,0.4209437370300293,1.0253053903579712,0.18139338493347168
1584.9111111111113,0.44136205315589905,0.803704559803009,-5.072040585218929e-05,0.439369261264801,0.7577226161956787,0.0067688459530472755,0.4444555342197418,0.7105345129966736,-0.0036875151563435793,0.4427528977394104,0.67702317237854,-0.012776804156601429,0.4312841296195984,0.650071382522583,-0.02515498921275139,0.4606812000274658,0.7185438275337219,-0.06038270145654678,0.48714515566825867,0.6753399968147278,-0.07959180325269699,0.4929601848125458,0.6445439457893372,-0.08405601978302002,0.49248576164245605,0.6214627027511597,-0.08541212230920792,0.46757686138153076,0.74186110496521,-0.0689859464764595,0.496450811624527,0.6961183547973633,-0.09144365787506104,0.5012103319168091,0.6631681323051453,-0.09195321798324585,0.49770015478134155,0.6437380313873291,-0.090634286403656,0.47172704339027405,0.7685543894767761,-0.07297743856906891,0.4971085786819458,0.726033091545105,-0.08939957618713379,0.5023229122161865,0.6971340775489807,-0.08866992592811584,0.5010623931884766,0.6810311079025269,-0.08719226717948914,0.4743504226207733,0.7951117753982544,-0.07451072335243225,0.4916432201862335,0.761667013168335,-0.08669076859951019,0.4968036115169525,0.7420519590377808,-0.08964691311120987,0.49730902910232544,0.7305048704147339,-0.09102977812290192,0.5297819972038269,0.6851489543914795,-7.317166364373406e-06,0.5056621432304382,0.6686912775039673,-0.01952436752617359,0.4908903241157532,0.633953869342804,-0.03814530372619629,0.4809146821498871,0.6076228618621826,-0.05282203480601311,0.4696495532989502,0.5870251059532166,-0.06905222684144974,0.5130330920219421,0.5960475206375122,-0.05762302502989769,0.5044130086898804,0.5600832104682922,-0.08818677812814713,0.4939947724342346,0.5493654608726501,-0.10704075545072556,0.4839705526828766,0.5489136576652527,-0.11673795431852341,0.5295490622520447,0.6015511751174927,-0.06132423132658005,0.5260021686553955,0.568027675151825,-0.10168779641389847,0.5114433169364929,0.570135235786438,-0.13067278265953064,0.49857327342033386,0.5839213132858276,-0.1469109207391739,0.544094979763031,0.618971586227417,-0.06463119387626648,0.5406186580657959,0.6093594431877136,-0.10125232487916946,0.5274088382720947,0.63571697473526,-0.11312980204820633,0.5169728994369507,0.6625657677650452,-0.1126912534236908,0.5558165311813354,0.6464627385139465,-0.06786767393350601,0.5542908906936646,0.6440945863723755,-0.09501872956752777,0.5456127524375916,0.6629191040992737,-0.10449843853712082,0.5371218919754028,0.6826289296150208,-0.10499569773674011,0.5028977990150452,0.27483922243118286,-0.0008025381830520928,0.5155026316642761,0.22666238248348236,0.0009047009516507387,0.5256843566894531,0.2257828414440155,0.0038883103989064693,0.5357688665390015,0.2249559760093689,0.0017211951781064272,0.48590874671936035,0.22803722321987152,0.005512372124940157,0.4751751720905304,0.22838501632213593,-0.0013593063922598958,0.46465864777565,0.22875604033470154,-0.0023294894490391016,0.5469623804092407,0.2390410602092743,-0.003484829096123576,0.44708195328712463,0.24480175971984863,-0.0022812234237790108,0.521209180355072,0.31891217827796936,-0.0006138204480521381,0.4823419153690338,0.32098960876464844,-0.0033286039251834154,0.610219419002533,0.4757305681705475,0.010691942647099495,0.3786613643169403,0.49795469641685486,-0.010653392411768436,0.6522457599639893,0.8358772993087769,0.014193328097462654,0.351341187953949,0.8656009435653687,0.011825894936919212,0.5573554635047913,0.7128491401672363,-0.3873613476753235,0.4489143192768097,0.7886565923690796,-0.37148216366767883,0.525920569896698,0.706138551235199,0.00018559761520009488,0.47854480147361755,0.7950742840766907,-0.0016758833080530167,0.5269827842712402,0.6409289240837097,0.004337485413998365,0.47968706488609314,0.7337420582771301,0.0002877447986975312,0.5296900868415833,0.6494905352592468,-0.0024455625098198652,0.47500479221343994,0.7355942130088806,-0.002720011631026864,0.5800638794898987,1.0103458166122437,0.14698873460292816,0.41987764835357666,1.025696873664856,0.16572785377502441
1626.6222222222223,,,,,,,,,,,,,,,,,,,,,,,,,,,,,,,,,,,,,,,,,,,,,,,,,,,,,,,,,,,,,,,,0.5284117460250854,0.6966623663902283,-3.573065987438895e-05,0.5042625069618225,0.6835008859634399,-0.024518432095646858,0.4884292781352997,0.6505045294761658,-0.044864971190690994,0.4847756028175354,0.6237118244171143,-0.06006477028131485,0.48695987462997437,0.6126182675361633,-0.07315586507320404,0.505749523639679,0.6058966517448425,-0.06997794657945633,0.4902194142341614,0.5936135053634644,-0.10102702677249908,0.48389387130737305,0.6225634217262268,-0.10920275002717972,0.4815163016319275,0.6471888422966003,-0.11056585609912872,0.5253032445907593,0.6147412061691284,-0.07121074199676514,0.511397659778595,0.5969225764274597,-0.10589691996574402,0.501265823841095,0.6299257874488831,-0.1168760433793068,0.495902419090271,0.6555444002151489,-0.12313733994960785,0.5413455963134766,0.6348989605903625,-0.07205253094434738,0.5327416658401489,0.6251424551010132,-0.10569778084754944,0.5197173953056335,0.6564109921455383,-0.11666891723871231,0.5115680694580078,0.6780634522438049,-0.12071822583675385,0.5544237494468689,0.6595849394798279,-0.07434029132127762,0.5521724224090576,0.660879373550415,-0.10023230314254761,0.5428476333618164,0.6835004091262817,-0.11041569709777832,0.5356650352478027,0.6994792222976685,-0.11576292663812637,0.5023432374000549,0.2736745774745941,-0.0007982307579368353,0.5150891542434692,0.22497102618217468,0.0009335476788692176,0.525405764579773,0.22401513159275055,0.0038967723958194256,0.5356214046478271,0.22314824163913727,0.0017467224970459938,0.4853009581565857,0.22641877830028534,0.005487292073667049,0.4744373559951782,0.22673781216144562,-0.0013643171405419707,0.46378129720687866,0.22707253694534302,-0.002313874661922455,0.5469202399253845,0.2376464158296585,-0.0034833685494959354,0.446347177028656,0.2435685694217682,-0.0023650075308978558,0.5209073424339294,0.31802427768707275,-0.0006008048076182604,0.48156118392944336,0.32027143239974976,-0.0033271275460720062,0.6109327673912048,0.4769725203514099,0.010946749709546566,0.37848466634750366,0.4985450506210327,-0.010937453247606754,0.6505564451217651,0.8366829752922058,0.03098961152136326,0.34926724433898926,0.8652728796005249,0.03179525211453438,0.5576881170272827,0.7339644432067871,-0.3931516408920288,0.44338077306747437,0.8268582820892334,-0.36403369903564453,0.5287418365478516,0.7291119694709778,0.00018465271568857133,0.47206300497055054,0.8439202308654785,-0.0016780670266598463,0.5319095849990845,0.6634889245033264,0.0043485043570399284,0.47522762417793274,0.7831161618232727,0.00023102735576685518,0.532966136932373,0.6705653667449951,-0.002369101159274578,0.4708612561225891,0.7801909446716309,-0.0027215660084038973,0.5774818658828735,1.0125699043273926,0.14677366614341736,0.41949164867401123,1.0272330045700073,0.16389775276184082
1668.3333333333335,0.4381482005119324,0.8948872089385986,-7.2987372732313816e-06,0.4532884955406189,0.8494895696640015,-0.00938692782074213,0.46636977791786194,0.8263803720474243,-0.018720081076025963,0.4740932285785675,0.8104844689369202,-0.02427997626364231,0.47779420018196106,0.8030146360397339,-0.028721019625663757,0.49108025431632996,0.8622799515724182,-0.027776842936873436,0.5150354504585266,0.8616863489151001,-0.03856941685080528,0.5250057578086853,0.8637748956680298,-0.045970600098371506,0.5302215218544006,0.8661580085754395,-0.05037429556250572,0.48875996470451355,0.8900593519210815,-0.02609117329120636,0.5150359869003296,0.9030196070671082,-0.0374608039855957,0.526461124420166,0.9118378758430481,-0.044198907911777496,0.5336093902587891,0.9187801480293274,-0.04814092814922333,0.48104995489120483,0.9125716686248779,-0.023717425763607025,0.5027351379394531,0.929309606552124,-0.03261362016201019,0.5105761289596558,0.9398515820503235,-0.03940175473690033,0.5158436298370361,0.9459191560745239,-0.04363991692662239,0.47031673789024353,0.9325236678123474,-0.021004963666200638,0.48475727438926697,0.94708651304245,-0.02873815782368183,0.49013784527778625,0.9504659175872803,-0.03214501962065697,0.4930650591850281,0.9493342638015747,-0.03406699001789093,0.5318066477775574,0.6846587061882019,-1.4132455362414476e-05,0.512747585773468,0.6754276752471924,-0.017604270949959755,0.49702614545822144,0.6618159413337708,-0.03834036365151405,0.4868866801261902,0.655134379863739,-0.05455838143825531,0.481514036655426,0.6569337248802185,-0.07375006377696991,0.5055370330810547,0.6389876008033752,-0.07102589309215546,0.49334976077079773,0.6438673138618469,-0.10116522014141083,0.48477786779403687,0.6698148250579834,-0.1167883574962616,0.47933429479599,0.6920226216316223,-0.12611325085163116,0.5212029814720154,0.647122859954834,-0.0716458112001419,0.5085976123809814,0.6545870304107666,-0.10110395401716232,0.49663132429122925,0.6883422136306763,-0.11094600707292557,0.489261269569397,0.7120508551597595,-0.1169138103723526,0.5351616144180298,0.661045253276825,-0.07004381716251373,0.5250515937805176,0.6714335083961487,-0.09697165340185165,0.5113473534584045,0.702844500541687,-0.10841535031795502,0.5035601258277893,0.7238152623176575,-0.11618655920028687,0.5467192530632019,0.6747106909751892,-0.06871667504310608,0.5435264110565186,0.6921067833900452,-0.08683919161558151,0.5326886773109436,0.7127960920333862,-0.09356512874364853,0.5244171023368835,0.7275897264480591,-0.0995861366391182,0.5026697516441345,0.27323079109191895,-0.0007974872714839876,0.5148326754570007,0.22383154928684235,0.0009421485592611134,0.5252388715744019,0.22267818450927734,0.003922360949218273,0.5355421900749207,0.22163809835910797,0.001754610799252987,0.4849248230457306,0.22559994459152222,0.005508300382643938,0.47390812635421753,0.22601920366287231,-0.0014653896214440465,0.4631045162677765,0.22645439207553864,-0.002301171887665987,0.546936571598053,0.23634092509746552,-0.003599561518058181,0.4451308250427246,0.24356873333454132,-0.002476806053891778,0.5214107036590576,0.3175526559352875,-0.0005262403865344822,0.4818252921104431,0.3202853202819824,-0.003385713556781411,0.6110616326332092,0.47904911637306213,0.010940838605165482,0.3793102502822876,0.49589988589286804,-0.01091645285487175,0.6512969136238098,0.8366696834564209,0.03553004562854767,0.33685609698295593,0.834099531173706,0.05004210025072098,0.5593236088752747,0.7326447367668152,-0.34937918186187744,0.4297627806663513,0.856540322303772,-0.2966172695159912,0.528204083442688,0.73726487159729,0.0001727390190353617,0.45877331495285034,0.9179129004478455,-0.0017131564673036337,0.5250276923179626,0.6709428429603577,0.004540678113698959,0.47647973895072937,0.8620412349700928,0.00012612954014912248,0.527911365032196,0.6765137910842896,-0.0023007255513221025,0.4712495505809784,0.8483092188835144,-0.0029330416582524776,0.5730003714561462,1.0180939435958862,0.10926385968923569,0.4158358573913574,1.024305820465088,0.142646923661232
1710.0333333333335,,,,,,,,,,,,,,,,,,,,,,,,,,,,,,,,,,,,,,,,,,,,,,,,,,,,,,,,,,,,,,,,,,,,,,,,,,,,,,,,,,,,,,,,,,,,,,,,,,,,,,,,,,,,,,,,,,,,,,,,,,,,,,,0.5026492476463318,0.270871639251709,-0.00081681739538908,0.5155957937240601,0.22280652821063995,0.0009410912171006203,0.5260106325149536,0.22215496003627777,0.003999869339168072,0.5363313555717468,0.22161982953548431,0.0017545695882290602,0.4859633147716522,0.22310863435268402,0.005538977682590485,0.4751152992248535,0.22310112416744232,-0.0017446321435272694,0.46447163820266724,0.22311711311340332,-0.0023028806317597628,0.5481139421463013,0.23811373114585876,-0.0037665716372430325,0.4464368224143982,0.24163301289081573,-0.0026934349443763494,0.5208718180656433,0.3173900842666626,-0.00042594748083502054,0.481342077255249,0.3183615207672119,-0.0035603654105216265,0.6083570122718811,0.483548641204834,0.01671053096652031,0.37835973501205444,0.49463021755218506,-0.016927627846598625,0.6564232707023621,0.8332073092460632,0.05173191800713539,0.321409672498703,0.8318913578987122,0.02365948259830475,0.5520951151847839,0.7343474626541138,-0.22167840600013733,0.430955708026886,0.9041832089424133,-0.21114465594291687,0.5209227204322815,0.7798417210578918,0.00016688976029399782,0.4600544571876526,0.9969769716262817,-0.001735100639052689,0.5059182047843933,0.7167103290557861,0.004837120417505503,0.48809516429901123,0.9415218830108643,2.574811333033722e-06,0.5114551782608032,0.7155801057815552,-0.002199554117396474,0.4819163680076599,0.9195891618728638,-0.0033416973892599344,0.5740479826927185,1.0209524631500244,0.13081365823745728,0.41552868485450745,1.025313377380371,0.15127910673618317
1751.7444444444445,,,,,,,,,,,,,,,,,,,,,,,,,,,,,,,,,,,,,,,,,,,,,,,,,,,,,,,,,,,,,,,,,,,,,,,,,,,,,,,,,,,,,,,,,,,,,,,,,,,,,,,,,,,,,,,,,,,,,,,,,,,,,,,0.502975344657898,0.27025172114372253,-0.0008668875670991838,0.5155010223388672,0.222089484333992,0.000806166382972151,0.5259879231452942,0.2215586006641388,0.004347517155110836,0.5363705158233643,0.22117118537425995,0.0017543958965688944,0.48582011461257935,0.22229304909706116,0.005555665120482445,0.4748951196670532,0.22234871983528137,-0.0018617705209180713,0.46415409445762634,0.22243691980838776,-0.0023661234881728888,0.5482062697410583,0.23968660831451416,-0.0040012989193201065,0.44524085521698,0.24327489733695984,-0.0030154462438076735,0.5216448307037354,0.31781962513923645,-0.00021928446949459612,0.48126786947250366,0.31888309121131897,-0.0038812498096376657,0.612963855266571,0.48221564292907715,0.01638064533472061,0.3755439817905426,0.49268826842308044,-0.01651027984917164,0.6712645292282104,0.8352831602096558,0.060290925204753876,0.31931090354919434,0.838139533996582,0.020506972447037697,0.5546088814735413,0.8111814856529236,-0.1890435516834259,0.4339921474456787,0.955207109451294,-0.2023216336965561,0.523054301738739,0.8769254088401794,0.00016229883476626128,0.45354312658309937,1.0540823936462402,-0.0017366742249578238,0.501047670841217,0.8118597865104675,0.005067657213658094,0.4902649521827698,1.0113928318023682,-3.4372336813248694e-05,0.5083249807357788,0.8009172677993774,-0.002175787230953574,0.48672401905059814,0.9840348362922668,-0.003560218960046768,0.582539975643158,1.0130418539047241,0.15686221420764923,0.4213165044784546,1.023434042930603,0.17834003269672394
1793.4555555555555,,,,,,,,,,,,,,,,,,,,,,,,,,,,,,,,,,,,,,,,,,,,,,,,,,,,,,,,,,,,,,,,,,,,,,,,,,,,,,,,,,,,,,,,,,,,,,,,,,,,,,,,,,,,,,,,,,,,,,,,,,,,,,,0.5006970167160034,0.2715081572532654,-0.000887145462911576,0.513368546962738,0.2225172072649002,0.000593622331507504,0.5237845778465271,0.2220110148191452,0.0048923613503575325,0.5340960621833801,0.22166094183921814,0.0017268708907067776,0.48453792929649353,0.2224271595478058,0.0055570644326508045,0.4738048017024994,0.22221745550632477,-0.0018904543248936534,0.4632529318332672,0.22203144431114197,-0.002445122692734003,0.5458233952522278,0.24005413055419922,-0.004139698576182127,0.4452747702598572,0.24228012561798096,-0.003266890300437808,0.5192916989326477,0.31836622953414917,-6.027147901477292e-05,0.47949668765068054,0.3188636004924774,-0.004479403141885996,0.6124470233917236,0.4775713086128235,0.011137966997921467,0.3758063316345215,0.4951966106891632,-0.011188045144081116,0.6738218665122986,0.8175332546234131,0.07164144515991211,0.3250578045845032,0.8421916961669922,0.029449917376041412,0.5552194714546204,0.9075429439544678,-0.14845463633537292,0.433609277009964,0.9869251847267151,-0.1666949987411499,0.5291299819946289,0.9912666082382202,0.00015894355601631105,0.44845500588417053,1.0789295434951782,-0.001683641690760851,0.49836498498916626,0.9386882185935974,0.005165228620171547,0.48434382677078247,1.0434588193893433,-5.962801878922619e-05,0.5046326518058777,0.917166531085968,-0.0021825837902724743,0.4832349121570587,1.0145844221115112,-0.0036073112860322,0.5811676383018494,1.0100189447402954,0.16608574986457825,0.42741990089416504,1.0233778953552246,0.18235887587070465
1835.1666666666667,,,,,,,,,,,,,,,,,,,,,,,,,,,,,,,,,,,,,,,,,,,,,,,,,,,,,,,,,,,,,,,,,,,,,,,,,,,,,,,,,,,,,,,,,,,,,,,,,,,,,,,,,,,,,,,,,,,,,,,,,,,,,,,0.500773012638092,0.2696511447429657,-0.0008890381432138383,0.5130436420440674,0.22146441042423248,0.00021841390116605908,0.5235753059387207,0.22089849412441254,0.005454107187688351,0.5340143442153931,0.22048573195934296,0.001515809795819223,0.48401954770088196,0.2218424379825592,0.0055586835369467735,0.47308051586151123,0.22181394696235657,-0.001883158809505403,0.46233755350112915,0.22181518375873566,-0.0024785241112113,0.5456566214561462,0.24076548218727112,-0.004273784346878529,0.44409090280532837,0.24403005838394165,-0.0034644168335944414,0.5199204683303833,0.31706133484840393,0.0003527063818182796,0.4793391227722168,0.3180532157421112,-0.005139277316629887,0.6126194000244141,0.47872066497802734,0.00791948102414608,0.3745926320552826,0.4970649182796478,-0.007890107110142708,0.6713660955429077,0.8134855628013611,0.08242770284414291,0.32324424386024475,0.8414992094039917,0.03412051871418953,0.5562407970428467,0.9657868146896362,-0.10112980008125305,0.42427411675453186,1.0090683698654175,-0.1303892284631729,0.5323089957237244,1.049765706062317,0.00015891101793386042,0.4382355809211731,1.09807550907135,-0.0014308264944702387,0.5033010840415955,1.0024815797805786,0.005181665997952223,0.4715273678302765,1.0628862380981445,-8.379742939723656e-05,0.5080338716506958,0.9762465357780457,-0.0022367569617927074,0.47160911560058594,1.0321993827819824,-0.0036526962649077177,0.573893666267395,1.012948751449585,0.21291260421276093,0.4226788878440857,1.0229809284210205,0.22252625226974487
1876.8666666666668,,,,,,,,,,,,,,,,,,,,,,,,,,,,,,,,,,,,,,,,,,,,,,,,,,,,,,,,,,,,,,,,,,,,,,,,,,,,,,,,,,,,,,,,,,,,,,,,,,,,,,,,,,,,,,,,,,,,,,,,,,,,,,,0.4997929036617279,0.26999208331108093,-0.0008859066292643547,0.5127866864204407,0.22096090018749237,-0.00024248211411759257,0.5235888957977295,0.22028596699237823,0.006052239798009396,0.5342909097671509,0.2197556346654892,0.0012772920308634639,0.48360857367515564,0.22159233689308167,0.005553595256060362,0.4725772440433502,0.22157593071460724,-0.0018465806497260928,0.46174076199531555,0.22159382700920105,-0.002528914948925376,0.5468534231185913,0.24074773490428925,-0.004376123193651438,0.44478392601013184,0.24434113502502441,-0.0036442987620830536,0.5199552178382874,0.3170734643936157,0.0007159835076890886,0.4784938395023346,0.3183402121067047,-0.005777865182608366,0.6147556900978088,0.4830726087093353,0.008628359995782375,0.3741752505302429,0.49762895703315735,-0.008610336109995842,0.6682835817337036,0.8147013783454895,0.09689915925264359,0.3253205716609955,0.8384064435958862,0.02346251718699932,0.5726019740104675,1.005725383758545,-0.07521715015172958,0.4282708168029785,1.028917908668518,-0.12035450339317322,0.553626298904419,1.088912010192871,0.00017977430252358317,0.4433594346046448,1.1148160696029663,-0.0010796072892844677,0.5291696190834045,1.0507203340530396,0.005206344649195671,0.47332629561424255,1.0853146314620972,-8.783208613749593e-05,0.5303265452384949,1.0209623575210571,-0.002415291266515851,0.4729270040988922,1.0540565252304077,-0.0036481814458966255,0.5732534527778625,1.013851523399353,0.28796011209487915,0.42466551065444946,1.025795817375183,0.2788001298904419
1918.577777777778,,,,,,,,,,,,,,,,,,,,,,,,,,,,,,,,,,,,,,,,,,,,,,,,,,,,,,,,,,,,,,,,,,,,,,,,,,,,,,,,,,,,,,,,,,,,,,,,,,,,,,,,,,,,,,,,,,,,,,,,,,,,,,,0.4998563826084137,0.2700154781341553,-0.0008741687051951885,0.5122852921485901,0.21993662416934967,-0.0005217038560658693,0.5230521559715271,0.21897883713245392,0.0065066092647612095,0.5337235927581787,0.21816414594650269,0.001093161990866065,0.48333391547203064,0.2211936116218567,0.005541518330574036,0.4723133444786072,0.22135896980762482,-0.0018147100927308202,0.4614800810813904,0.22155961394309998,-0.0025745031889528036,0.5461354851722717,0.23881207406520844,-0.004378288984298706,0.4448007643222809,0.24430668354034424,-0.0037596661131829023,0.5202140212059021,0.31614741683006287,0.0008775570895522833,0.4788529574871063,0.3183234930038452,-0.006228344514966011,0.6155886054039001,0.48275089263916016,0.010495995171368122,0.37483030557632446,0.4972829818725586,-0.010400468483567238,0.6689625978469849,0.8137696385383606,0.10103581845760345,0.32862362265586853,0.8377262353897095,0.01416879054158926,0.5787060260772705,1.0191303491592407,-0.061703525483608246,0.4406847059726715,1.0317834615707397,-0.11290191859006882,0.5606585741043091,1.10263991355896,0.00019380862067919225,0.4607629179954529,1.1145758628845215,-0.0007036052993498743,0.5372133851051331,1.0659854412078857,0.005230536684393883,0.48889583349227905,1.08297860622406,-0.00010419877798995003,0.5374188423156738,1.0354937314987183,-0.0026186357717961073,0.4862668514251709,1.0531269311904907,-0.0036147483624517918,0.5741570591926575,1.0135995149612427,0.317130446434021,0.4275355339050293,1.0257320404052734,0.30488333106040955
1960.288888888889,,,,,,,,,,,,,,,,,,,,,,,,,,,,,,,,,,,,,,,,,,,,,,,,,,,,,,,,,,,,,,,,,,,,,,,,,,,,,,,,,,,,,,,,,,,,,,,,,,,,,,,,,,,,,,,,,,,,,,,,,,,,,,,0.5005114078521729,0.26964786648750305,-0.0008364231907762587,0.5129038691520691,0.21925145387649536,-0.0007175901555456221,0.5237658619880676,0.21812675893306732,0.006852407939732075,0.5345296263694763,0.21713784337043762,0.0009534161072224379,0.4837045967578888,0.22096571326255798,0.005544119048863649,0.47258660197257996,0.2212795615196228,-0.0017784066731110215,0.4616546034812927,0.22161875665187836,-0.002597276121377945,0.5471516847610474,0.23799632489681244,-0.004383081570267677,0.44497233629226685,0.24479138851165771,-0.0038368869572877884,0.52130526304245,0.3156578838825226,0.0009981779148802161,0.47948846220970154,0.3183816969394684,-0.0065485392697155476,0.6174637675285339,0.4841940402984619,0.012457521632313728,0.3760935068130493,0.4988362193107605,-0.01243760995566845,0.6680492162704468,0.8201337456703186,0.10109151154756546,0.3304485082626343,0.8394573330879211,0.014159549959003925,0.5778957009315491,1.023975133895874,-0.06453372538089752,0.44449323415756226,1.0332270860671997,-0.11334757506847382,0.5605763792991638,1.1053521633148193,0.00020521449914667755,0.4650324285030365,1.1157578229904175,-0.00046208815183490515,0.5371133089065552,1.0673710107803345,0.005272328853607178,0.4932199716567993,1.084547758102417,-0.0001229536283062771,0.5370693802833557,1.0368467569351196,-0.0027876729145646095,0.4904172420501709,1.0543508529663086,-0.00354630290530622,0.5789490342140198,1.0147387981414795,0.32309380173683167,0.4306851923465729,1.0291403532028198,0.31184878945350647
2002.0000000000002,,,,,,,,,,,,,,,,,,,,,,,,,,,,,,,,,,,,,,,,,,,,,,,,,,,,,,,,,,,,,,,,,,,,,,,,,,,,,,,,,,,,,,,,,,,,,,,,,,,,,,,,,,,,,,,,,,,,,,,,,,,,,,,0.501128613948822,0.26996347308158875,-0.0007852358394302428,0.5133379697799683,0.2198406308889389,-0.0008385186665691435,0.5242542028427124,0.21876008808612823,0.007103376090526581,0.5350722074508667,0.2177862972021103,0.0007940310169942677,0.4839492440223694,0.22128215432167053,0.005539706442505121,0.47271156311035156,0.22151172161102295,-0.0017789090052247047,0.4616589844226837,0.22175118327140808,-0.002602781169116497,0.5475291609764099,0.23853421211242676,-0.0044012186117470264,0.44461143016815186,0.24501913785934448,-0.003876878647133708,0.5219652652740479,0.3165545165538788,0.0010988726280629635,0.4798714816570282,0.3189210593700409,-0.006805778946727514,0.6182002425193787,0.4848026633262634,0.012682411819696426,0.3758658468723297,0.49891865253448486,-0.01263638399541378,0.6662322282791138,0.8275662064552307,0.09444385766983032,0.3318620026111603,0.8414934277534485,0.011577350087463856,0.5772555470466614,1.040527582168579,-0.07137861102819443,0.4495370388031006,1.034051775932312,-0.12186522781848907,0.5615063905715942,1.1233649253845215,0.00021084846230223775,0.4696456491947174,1.1181858777999878,-0.0002550671633798629,0.5376498103141785,1.087989330291748,0.005303488578647375,0.49496254324913025,1.0876227617263794,-0.0001231590285897255,0.5369765758514404,1.056768536567688,-0.002935360884293914,0.492057740688324,1.0577952861785889,-0.003473784774541855,0.580686092376709,1.0160508155822754,0.32198241353034973,0.4319365918636322,1.0302568674087524,0.31604570150375366
2043.7000000000003,,,,,,,,,,,,,,,,,,,,,,,,,,,,,,,,,,,,,,,,,,,,,,,,,,,,,,,,,,,,,,,,,,,,,,,,,,,,,,,,,,,,,,,,,,,,,,,,,,,,,,,,,,,,,,,,,,,,,,,,,,,,,,,0.501110851764679,0.2703968584537506,-0.00075146445306018,0.5132194757461548,0.22000648081302643,-0.0009093312546610832,0.5241445302963257,0.21911437809467316,0.007253666408360004,0.5349751710891724,0.21828706562519073,0.0006487412611022592,0.48386815190315247,0.22182369232177734,0.005526752211153507,0.4726150929927826,0.22228024899959564,-0.0017812763107940555,0.46154752373695374,0.22274918854236603,-0.0026103428099304438,0.5473247766494751,0.2387160062789917,-0.004409763962030411,0.44439777731895447,0.24657081067562103,-0.003904575714841485,0.5219467282295227,0.3166441023349762,0.0011917047668248415,0.4798162877559662,0.319778174161911,-0.006937422323971987,0.61822110414505,0.48653969168663025,0.012459684163331985,0.3757072389125824,0.4989786148071289,-0.012429755181074142,0.6657049655914307,0.8302568793296814,0.08886807411909103,0.33521008491516113,0.8419498801231384,0.014936674386262894,0.5764980912208557,1.0446361303329468,-0.07658056169748306,0.45398205518722534,1.0353477001190186,-0.11634990572929382,0.5609362721443176,1.1289931535720825,0.00022437653387896717,0.47406065464019775,1.1204975843429565,-0.00012085803609807044,0.5366761684417725,1.0941474437713623,0.005304933525621891,0.501030445098877,1.0901683568954468,-0.0001314411056227982,0.5359212756156921,1.0624797344207764,-0.002994833281263709,0.4978770315647125,1.0600550174713135,-0.003438752144575119,0.5807769894599915,1.0161237716674805,0.31822121143341064,0.4328717887401581,1.030271291732788,0.3155995309352875
2085.411111111111,0.495075523853302,0.36116254329681396,-3.252741589676589e-05,0.4949277639389038,0.361075222492218,-0.03588300943374634,0.49406540393829346,0.36524713039398193,-0.06910520792007446,0.49733150005340576,0.37583816051483154,-0.09518442302942276,0.502856433391571,0.38625016808509827,-0.12171072512865067,0.48519599437713623,0.35851219296455383,-0.09260880947113037,0.4907190799713135,0.3733409643173218,-0.13000786304473877,0.49280935525894165,0.3683452606201172,-0.14985701441764832,0.4937261939048767,0.3649253249168396,-0.16083239018917084,0.48389357328414917,0.36420440673828125,-0.0857439637184143,0.49654218554496765,0.3920406401157379,-0.11783622205257416,0.5006512999534607,0.40008658170700073,-0.11865610629320145,0.5025336146354675,0.4046974778175354,-0.12317071110010147,0.4849880337715149,0.3744264245033264,-0.08018724620342255,0.499723881483078,0.4018509089946747,-0.10295804589986801,0.5018936395645142,0.4137272834777832,-0.0927276462316513,0.5011675953865051,0.4191952347755432,-0.08714200556278229,0.4870966970920563,0.38473784923553467,-0.07734759896993637,0.501327395439148,0.4092489182949066,-0.09211041033267975,0.502672016620636,0.418488085269928,-0.08839946240186691,0.500331699848175,0.41887110471725464,-0.08853322267532349,,,,,,,,,,,,,,,,,,,,,,,,,,,,,,,,,,,,,,,,,,,,,,,,,,,,,,,,,,,,,,,,0.5001590251922607,0.27250850200653076,-0.0007222002022899687,0.5123284459114075,0.2213321030139923,-0.0009414688101969659,0.5231714248657227,0.22024604678153992,0.007322478573769331,0.5339236855506897,0.21925239264965057,0.0006188509869389236,0.4830986559391022,0.2233702838420868,0.005515859462320805,0.4719401001930237,0.2238333374261856,-0.0017725387588143349,0.4609658420085907,0.22431562840938568,-0.0026127526070922613,0.5461721420288086,0.23914691805839539,-0.004432492423802614,0.44407421350479126,0.24755874276161194,-0.003949793986976147,0.5208146572113037,0.3180980682373047,0.001230417750775814,0.47905534505844116,0.3213420808315277,-0.006970610003918409,0.617601752281189,0.49037012457847595,0.01119734812527895,0.37512487173080444,0.4996935725212097,-0.011170534417033195,0.6651096940040588,0.8322451114654541,0.08852940052747726,0.3369435966014862,0.8420482873916626,0.021040312945842743,0.5792272090911865,1.032970666885376,-0.07817943394184113,0.4476572871208191,1.0317574739456177,-0.11724582314491272,0.5646880269050598,1.112059473991394,0.00024630900588817894,0.4649348258972168,1.1149083375930786,-5.8752142649609596e-05,0.5423057079315186,1.0787084102630615,0.005317130591720343,0.4925433397293091,1.08607017993927,-0.0001339115115115419,0.5406290888786316,1.0487751960754395,-0.003001465229317546,0.49065348505973816,1.0565232038497925,-0.003406096249818802,0.579626202583313,1.0199060440063477,0.3157874643802643,0.43327271938323975,1.0324615240097046,0.31971707940101624
